# window ending x = 3.162e+09 (log x = 21.87); level y : log10 P(E > y) : local rate over [y-5, y]
    0    -0.018      nan
    5    -0.403   0.1773
   10    -0.840   0.2012
   15    -1.278   0.2016
   20    -1.707   0.1979
   25    -2.129   0.1943
   30    -2.544   0.1913
   35    -2.952   0.1877
   40    -3.354   0.1850
   45    -3.752   0.1832
   50    -4.145   0.1811
   55    -4.553   0.1881
   60    -4.974   0.1936
   65    -5.400   0.1966
   70    -5.829   0.1975
   75    -6.279   0.2073
   80    -6.564   0.1310
# window ending x = 1.000e+10 (log x = 23.03); level y : log10 P(E > y) : local rate over [y-5, y]
    0    -0.016      nan
    5    -0.367   0.1613
   10    -0.768   0.1847
   15    -1.174   0.1873
   20    -1.578   0.1860
   25    -1.978   0.1840
   30    -2.373   0.1820
   35    -2.763   0.1796
   40    -3.151   0.1786
   45    -3.537   0.1777
   50    -3.923   0.1781
   55    -4.313   0.1794
   60    -4.696   0.1764
   65    -5.066   0.1706
   70    -5.424   0.1649
   75    -5.792   0.1693
   80    -6.085   0.1348
