# window ending x = 3.162e+10 (log x = 24.18); level y : log10 P(E > y) : local rate over [y-5, y]
    0    -0.016      nan
    5    -0.359   0.1578
   10    -0.754   0.1819
   15    -1.156   0.1853
   20    -1.556   0.1844
   25    -1.952   0.1823
   30    -2.343   0.1801
   35    -2.730   0.1782
   40    -3.114   0.1767
   45    -3.493   0.1748
   50    -3.869   0.1730
   55    -4.244   0.1725
   60    -4.617   0.1720
   65    -4.999   0.1758
   70    -5.392   0.1812
   75    -5.784   0.1804
   80    -6.211   0.1964
# window ending x = 1.000e+11 (log x = 25.33); level y : log10 P(E > y) : local rate over [y-5, y]
    0    -0.015      nan
    5    -0.340   0.1497
   10    -0.716   0.1729
   15    -1.100   0.1769
   20    -1.484   0.1767
   25    -1.864   0.1753
   30    -2.241   0.1737
   35    -2.615   0.1721
   40    -2.985   0.1704
   45    -3.352   0.1689
   50    -3.715   0.1673
   55    -4.076   0.1660
   60    -4.432   0.1639
   65    -4.785   0.1625
   70    -5.138   0.1627
   75    -5.487   0.1610
   80    -5.836   0.1604
