# tag | rho | theta | N(1e8) | pi_P(1e8) | sup E | supE/log^2 | meanE(win) | lam*log x (win) | ties | min rel gap | max clu | sup|psi-x| | slope 1e7->1e8 | psi-x(1e8)
pi4_1e8 | pi/4 | 0.5 | 78539828 | 5851473 | 95.862 | 0.2825 | 4.438 | 3.465 | 0 | 6.57e-16 | 11 | 1.799e+06 | +0.840 | 1.663e+06
var_eoverpi_th0.5_1e8 | e/pi | 0.5 | 86525605 | 5761506 | 67.249 | 0.1982 | 4.672 | 4.007 | 0 | 3.64e-16 | 11 | 3.299e+05 | +0.764 | 594.7
var_rsqrt2_th0.5_1e8 | 1/sqrt2 | 0.5 | 70710683 | 5737978 | 48.827 | 0.1439 | 3.876 | 5.139 | 0 | 2.21e-15 | 10 | 5.477e+05 | +0.801 | -4.34e+05
var_r0995_th0.5_1e8 | 0.95pi/3 | 0.5 | 99483767 | 5803250 | 125.390 | 0.3695 | 5.991 | 1.958 | 0 | 9.50e-16 | 11 | 2.184e+06 | +0.891 | 7.62e+05
var_r098_th0.5_1e8 | 0.6sqrt2pi/e | 0.5 | 98066720 | 5796820 | 79.210 | 0.2334 | 5.445 | 2.794 | 0 | 5.17e-16 | 11 | 1.319e+06 | +0.918 | 6.531e+05
var_r08_th0.5_1e8 | 4/5 | 0.5 | 80000004 | 5726057 | 71.650 | 0.2112 | 4.840 | 3.477 | 4019495 | 0.00e+00 | 18 | 1.861e+06 | +0.901 | -6.578e+05
var_pi4_th0.25_1e8 | pi/4 | 0.25 | 78539823 | 5753211 | 36.529 | 0.1077 | 3.304 | 8.115 | 0 | 1.45e-15 | 10 | 1.762e+05 | +0.625 | -1.384e+05
var_pi4_th0.75_1e8 | pi/4 | 0.75 | 78539819 | 5807441 | 158.941 | 0.4684 | 4.940 | 2.485 | 0 | 3.24e-16 | 10 | 1.784e+06 | +0.890 | 8.408e+05
ctrl_sieve_1e8 | 1 (primes) | 0.0 | 100000000 | 5761455 | 0.000 | 0.0000 | -0.500 | nan | 0 | 1.00e-08 | 2 | 4752 | +0.478 | -1757
