# zeros_scan /private/tmp/rh-s40-free-greedy/var_r0995_th0.5_1e8.mom.1.000000e+08
# X = 1.000000e+08  N = 99483767  E(X) = -0.368839  rho = 0.994837673636768  rectangle 0.5 < sigma < 1.05, 0 <= t <= 200.0
# grid: 111 sigma values x 6677 t values (dt = 0.02996); distinct zeros found by Newton: 63
#   sigma              t                 |F_X| at zero   |F_X'|      cell winding
  0.914770830628   18.057315854212  5.29e-15   3.7111e+00  +1
  0.677402435788   34.397747605415  5.29e-13   4.9861e+00  +1
  0.591761121319   35.217248945637  1.60e-12   2.4039e+00  +1
  0.613350060564   35.668705199476  9.78e-13   2.9826e+00  +1
  0.519050039359   36.793590893095  2.01e-12   5.6912e+00  +1
  0.514316151420   39.104245784734  8.49e-12   2.9171e+00  +1
  0.594295308235   47.917334400073  4.43e-13   6.2621e+00  +1
  0.627874974946   51.342772436988  9.19e-13   3.0450e+00  +1
  0.587756598794   51.930094012013  1.26e-12   1.6568e+00  +1
  0.558071428581   52.927214985798  4.49e-13   4.9238e+00  +1
  0.607388786124   54.658241887131  1.01e-12   3.6743e+00  +1
  0.531185507130   63.576146605494  4.85e-12   8.5113e+00  +1
  0.617059900436   64.832059480208  7.84e-13   4.6137e+00  +1
  0.578699484976   65.459615719838  2.25e-12   3.4686e+00  +1
  0.505287276527   68.576997742996  1.89e-11   2.1522e+00  +1
  0.562250771160   69.027939988674  7.38e-12   2.3381e+00  +1
  0.561362509461   80.965657072967  2.51e-12   4.7647e+00  +1
  0.522480709019   82.250497203471  1.19e-12   2.1881e+00  +1
  0.614158340415   84.360482693598  5.37e-13   4.2719e+00  +1
  0.530868544732   87.789569567252  1.02e-11   4.1861e+00  +1
  0.501525287945   93.554084371074  2.01e-13   9.3752e+00  +1
  0.595600298907   97.575362290010  1.26e-12   3.7760e+00  +1
  0.550485702618  101.259598269814  5.79e-12   3.9205e+00  +1
  0.599397142010  101.935755351202  7.05e-13   2.0422e+00  +1
  0.535415541908  102.808857507190  3.02e-12   3.6832e+00  +1
  0.716533667281  109.254620874159  2.72e-13   9.4523e+00  +1
  0.514094552854  110.705468529684  6.11e-12   5.8545e+00  +1
  0.553069866340  112.317040219688  5.85e-12   4.1399e+00  +1
  0.560950878855  115.102213295354  1.41e-11   1.8318e+00  +1
  0.626835390876  118.843985084529  2.90e-12   2.5037e+00  +1
  0.514178492942  119.676785009561  2.35e-12   4.9266e+00  +1
  0.535782515380  121.541334753622  4.55e-12   5.1655e+00  +1
  0.581522443614  126.042771031021  6.80e-12   6.5667e+00  +1
  0.512784348829  126.549262978373  1.08e-11   6.6569e+00  +1
  0.532553959530  126.985269938850  8.88e-12   7.6622e+00  +1
  0.649063079872  127.833191088850  1.76e-12   5.1091e+00  +1
  0.509850812985  129.931419534370  1.34e-12   3.7286e+00  +1
  0.529771853515  140.372257348943  6.08e-12   9.9780e+00  +1
  0.632890965535  142.484835608779  1.01e-12   6.4214e+00  +1
  0.595840228894  143.056268852696  1.26e-12   3.3135e+00  +1
  0.535002929850  144.536513660380  5.33e-12   5.1479e+00  +1
  0.547140078367  145.674732983809  7.44e-12   6.0322e+00  +1
  0.603274874421  146.376078389184  2.61e-12   4.0406e+00  +1
  0.539475307290  148.757879875719  5.99e-12   2.3822e+00  +1
  0.657555803125  155.323869657691  1.10e-12   9.6416e+00  +1
  0.630306431576  159.817792082617  2.45e-12   2.5539e+00  +1
  0.619441943682  160.220091933970  2.48e-12   2.7387e+00  +1
  0.519827581897  161.826672660884  1.57e-11   2.6295e+00  +1
  0.616945675169  165.089907630605  1.20e-14   3.5160e+00  +1
  0.609107539256  165.708669628645  4.15e-13   4.0673e+00  +1
  0.598162737811  171.710245248665  8.64e-13   7.7602e+00  +1
  0.530866297505  172.939640439793  2.25e-12   4.6052e+00  +1
  0.622141732153  173.806305295084  5.02e-13   5.2640e+00  +1
  0.523415202407  177.459673652600  6.79e-13   2.9324e+00  +1
  0.561680305319  178.847362823731  1.67e-12   3.6285e+00  +1
  0.522356229678  182.790188248125  1.35e-11   6.4229e+00  +1
  0.600789690519  188.323413229490  4.42e-12   7.7812e+00  +1
  0.612146123123  188.935795592777  1.50e-12   4.0936e+00  +1
  0.566448863054  190.206086203035  2.82e-12   4.3132e+00  +1
  0.543878323495  192.676125488876  3.40e-12   3.0340e+00  +1
  0.520049347933  194.087252422015  1.05e-12   4.5189e+00  +1
  0.522390374480  196.137887436954  7.99e-12   4.2849e+00  +1
  0.524291582872  198.258243902396  6.40e-12   7.4653e+00  +1
# real zeros of F_X in (0.5, 1.05): none
# argument principle on 0.5 < sigma < 1.05, 0.01 < t <= 200.0 (sum over boxes of height 10): winding = 63  (zeros found inside: 63)
# largest real part: 0.9147708306 at t = 18.057316
#   max sigma over zeros with t <=   25: 0.914771  (1 zeros)
#   max sigma over zeros with t <=   50: 0.914771  (7 zeros)
#   max sigma over zeros with t <=  100: 0.914771  (22 zeros)
#   max sigma over zeros with t <=  150: 0.914771  (44 zeros)
#   max sigma over zeros with t <=  200: 0.914771  (63 zeros)
