# zeros_track: reference X = 1.000e+11 (44 zeros); others: X = 5.000e+10 (44), X = 2.500e+10 (44), X = 1.000e+10 (44), X = 1.000e+07 (45)
#  sigma(ref)     t(ref)     |dz| at X=5.0e+10  dsigma  |dz| at X=2.5e+10  dsigma  |dz| at X=1.0e+10  dsigma  |dz| at X=1.0e+07  dsigma
  0.89621249     14.549936   5.26e-10  +3.24e-10   3.85e-10  -3.55e-10   3.37e-10  -3.16e-10   1.07e-06  -8.35e-07
  0.71628220     28.358984   5.12e-08  +5.11e-08   8.91e-08  +6.00e-08   1.99e-07  +5.18e-08   3.07e-05  -2.05e-05
  0.71260537     67.294748   7.68e-08  -5.81e-08   4.97e-08  -1.07e-08   1.43e-07  -1.28e-07   1.64e-05  -1.64e-05
  0.66674595     53.915332   7.69e-08  +2.18e-08   1.07e-07  -1.61e-08   3.02e-07  -2.26e-07   1.33e-05  +1.32e-05
  0.66188633    185.211530   2.22e-07  +2.18e-07   1.39e-07  -5.52e-08   3.06e-07  -2.08e-07   7.36e-06  -5.63e-07
  0.65580359     80.683945   1.60e-07  +2.98e-08   2.54e-07  -1.09e-07   6.38e-07  -6.37e-07   4.43e-05  -2.16e-05
  0.65245923    198.611678   1.39e-07  -7.18e-08   2.21e-07  +2.99e-10   4.59e-07  -4.87e-09   2.90e-05  -2.86e-05
  0.64135833     40.646991   3.07e-07  +2.02e-07   1.28e-07  -6.11e-08   3.42e-07  -2.15e-08   1.93e-05  +1.93e-05
  0.63806518    195.023104   4.00e-07  -3.68e-07   1.58e-07  +1.16e-07   7.01e-07  -6.88e-07   4.52e-05  +3.52e-05
  0.63341661    158.788079   5.34e-07  -4.82e-07   2.24e-07  +1.56e-07   7.12e-07  -2.11e-07   2.80e-05  +1.69e-05
  0.62981989     57.885286   7.08e-07  +5.63e-07   5.57e-07  -4.13e-07   1.01e-06  +9.41e-07   4.85e-05  -4.47e-05
  0.62402529    142.775090   3.97e-07  -7.63e-08   5.62e-07  +4.39e-07   8.19e-07  +7.96e-07   3.22e-05  +2.98e-05
  0.61908493     67.906862   1.04e-06  +2.53e-07   3.77e-07  -2.54e-08   1.17e-06  +7.15e-07   6.72e-05  -1.45e-05
  0.61639291     42.407734   6.61e-07  -3.70e-07   7.45e-07  -6.79e-07   1.26e-06  -1.12e-06   4.06e-05  -5.33e-06
  0.60628725     27.387176   1.74e-07  +1.39e-07   2.24e-07  +2.20e-07   5.96e-07  +5.07e-07   4.98e-05  +4.91e-05
  0.59647159    167.565012   4.84e-07  +1.66e-07   1.80e-07  -1.08e-07   7.77e-07  +5.17e-07   3.01e-05  -1.80e-05
  0.59277679    195.541887   1.44e-06  -7.59e-07   8.30e-07  +8.22e-07   2.22e-06  -1.94e-06   1.12e-04  -8.25e-05
  0.59257411    199.191242   7.06e-07  +6.30e-07   8.92e-07  +7.00e-07   2.14e-06  +2.13e-06   8.91e-05  +5.98e-05
  0.58331880    120.452324   2.11e-06  +1.77e-06   2.63e-06  +2.05e-06   2.83e-06  -1.78e-07   1.12e-04  +5.00e-05
  0.58285181     94.848111   2.61e-06  +2.57e-06   1.09e-06  -9.77e-07   3.30e-06  -4.68e-07   1.05e-04  -9.69e-05
  0.57546279    156.094562   1.57e-06  +8.38e-07   2.37e-06  -9.85e-07   2.72e-06  +2.03e-06   1.19e-04  -8.20e-05
  0.56581422    141.992467   9.17e-07  -8.76e-07   9.31e-07  +1.30e-07   9.22e-07  +7.35e-07   3.36e-05  +3.36e-05
  0.56424482     29.849585   1.70e-06  +1.21e-06   2.08e-06  -9.64e-07   1.81e-06  -9.94e-07   1.09e-04  -7.59e-05
  0.56169337     81.376629   2.50e-06  +1.58e-06   2.81e-06  +1.21e-06   8.70e-06  -3.45e-06   4.86e-04  -1.99e-05
  0.55666349    134.041617   4.72e-06  -3.21e-06   7.20e-06  +1.49e-06   7.05e-06  +3.55e-06   3.89e-04  +2.12e-04
  0.54960455    129.527263   2.24e-06  -1.62e-06   2.76e-06  -2.47e-06   4.22e-06  -4.22e-06   9.09e-05  +7.29e-05
  0.54939645    181.276934   6.19e-07  -6.10e-07   6.90e-07  -6.82e-07   3.10e-06  +2.82e-06   7.94e-05  +6.69e-05
  0.54785234    169.260796   3.84e-06  -3.79e-06   4.03e-06  -1.69e-07   3.75e-06  +3.07e-06   1.69e-04  +1.59e-04
  0.54622690     54.632275   2.03e-06  +1.75e-06   2.33e-06  +2.27e-06   5.17e-06  +4.03e-06   1.81e-04  +1.80e-04
  0.54296659    110.287462   2.22e-06  -2.86e-07   3.49e-06  +2.25e-06   5.75e-06  +4.87e-06   1.25e-04  +6.39e-05
  0.53901850     96.880077   4.12e-06  +2.64e-06   4.69e-06  +4.27e-06   7.32e-06  +7.26e-06   1.50e-04  -1.46e-04
  0.53863719     41.479850   6.28e-06  -5.42e-06   3.66e-06  +2.89e-06   7.30e-06  +5.09e-06   1.67e-04  -3.09e-05
  0.53671342    185.837696   6.31e-06  -5.05e-06   2.18e-06  +1.77e-06   6.28e-06  +6.11e-06   1.34e-04  -1.28e-04
  0.53069020    154.038933   6.48e-07  +3.09e-07   7.12e-07  +3.64e-07   3.16e-06  -1.96e-06   9.19e-05  +9.03e-05
  0.53018287    155.519955   2.11e-06  -1.73e-06   3.42e-06  -5.55e-07   2.92e-06  -1.75e-06   1.62e-04  -3.99e-05
  0.52754136    196.238786   5.54e-06  -5.42e-06   5.17e-06  -1.74e-06   5.10e-06  +2.04e-06   2.42e-04  -2.39e-04
  0.52570782    172.076822   2.32e-06  -2.32e-06   2.49e-06  -2.42e-06   6.20e-06  -4.56e-06   3.12e-04  +2.75e-05
  0.52345122    169.834876   7.48e-06  +7.19e-06   9.83e-06  +6.63e-06   1.14e-05  -5.21e-06   3.85e-04  -3.26e-04
  0.52111867     45.021632   2.88e-06  -2.80e-06   3.11e-06  -2.54e-06   1.35e-05  +1.33e-05   3.06e-04  -2.99e-04
  0.52092634    182.551699   3.68e-06  -3.43e-06   6.05e-06  -5.59e-06   6.32e-06  +5.41e-06   1.98e-04  -9.96e-05
  0.51670171     93.964765   1.04e-05  +4.56e-06   8.70e-06  +7.87e-06   1.62e-05  +1.06e-05   3.08e-04  +2.14e-04
  0.51031602    160.499853   1.45e-05  -8.54e-06   1.76e-05  -1.69e-05   1.79e-05  +4.04e-06   5.50e-04  -7.26e-05
  0.50454400     15.577790   7.45e-06  +7.34e-06   2.94e-06  -1.64e-06   7.05e-06  -1.61e-06   5.72e-04  -5.56e-04
  0.50089406    108.220414   5.08e-06  -5.00e-06   6.80e-06  -6.33e-06   1.97e-05  -3.38e-06   3.29e-04  -7.13e-05
