# zeros_scan /private/tmp/rh-s40-free-greedy/var_pi4_th0.75_1e8.mom.1.000000e+08
# X = 1.000000e+08  N = 78539819  E(X) = 2.445653  rho = 0.785398163397448  rectangle 0.5 < sigma < 1.05, 0 <= t <= 200.0
# grid: 111 sigma values x 6677 t values (dt = 0.02996); distinct zeros found by Newton: 69
#   sigma              t                 |F_X| at zero   |F_X'|      cell winding
  0.870695941403   12.242067105971  4.05e-15   2.4782e+00  +1
  0.645822081430   23.466166676502  2.18e-13   2.0995e+00  +1
  0.540236582103   29.383487435759  7.08e-12   4.7707e+00  +1
  0.537634068158   33.273849723754  1.01e-11   4.1456e+00  +1
  0.565873352936   39.437305638853  1.45e-12   6.1927e+00  +1
  0.524709150259   40.897950285741  3.46e-12   2.6357e+00  +1
  0.509585819122   48.908374173643  5.23e-13   6.8085e+00  +1
  0.646945428937   50.716006335817  1.21e-12   3.0208e+00  +1
  0.601874379041   51.453262525154  2.11e-12   3.2552e+00  +1
  0.614336217020   52.153566160698  1.52e-12   3.1348e+00  +1
  0.560296140811   61.691919755940  1.74e-13   3.8689e+00  +1
  0.593895002060   62.351819735764  2.97e-12   3.0440e+00  +1
  0.529817004013   63.405725224007  1.04e-11   4.3463e+00  +1
  0.506070937311   67.091841109346  1.38e-12   6.0381e+00  +1
  0.896990746896   76.227806596208  4.52e-14   6.4128e+00  +1
  0.565009612734   76.958726008068  7.18e-13   5.2834e+00  +1
  0.512820905527   77.573806885566  1.23e-11   6.8263e+00  +1
  0.520702535428   78.302393471051  2.31e-12   3.1947e+00  +1
  0.646586815102   86.825180830881  9.11e-13   6.4296e+00  +1
  0.695463779587   87.557092069257  8.29e-14   2.9616e+00  +1
  0.718904273461   88.030185701722  1.07e-13   2.6359e+00  +1
  0.692708066074   88.990313316505  1.28e-13   4.6467e+00  +1
  0.524765906834   89.629424987158  7.66e-12   3.4336e+00  +1
  0.628596350462   98.461326195672  6.82e-13   2.1130e+00  +1
  0.620713760717   99.360062690716  4.74e-13   2.9566e+00  +1
  0.602832679046  100.965409962485  6.90e-13   7.2337e+00  +1
  0.573713676047  104.539090160966  1.07e-12   4.8550e+00  +1
  0.516517052766  108.871567172856  1.08e-12   4.2878e+00  +1
  0.511773978686  114.319330270339  1.81e-11   7.8595e+00  +1
  0.654361405779  115.151619015136  3.86e-13   3.8014e+00  +1
  0.554169639024  116.092382485237  7.06e-12   4.6451e+00  +1
  0.553213979098  116.492131786962  3.67e-12   4.4026e+00  +1
  0.535172178091  124.137101336856  6.71e-12   5.6978e+00  +1
  0.547154627119  125.789375141177  6.17e-12   4.6952e+00  +1
  0.599191628373  126.343941527392  2.31e-12   2.2251e+00  +1
  0.557040710864  128.139206841621  2.64e-12   7.2456e+00  +1
  0.538834702961  135.280056610578  3.70e-12   4.1254e+00  +1
  0.506421956824  137.208202227636  5.15e-13   3.9466e+00  +1
  0.611717924945  137.685080001225  1.14e-14   3.4090e+00  +1
  0.629654005477  138.257851893941  5.32e-13   5.6730e+00  +1
  0.633729719561  141.191498765975  5.28e-14   8.9822e+00  +1
  0.782202017222  151.100460776880  9.84e-14   8.7742e+00  +1
  0.636480093461  151.964724047631  9.35e-13   3.9257e+00  +1
  0.788345991806  152.872741846333  3.60e-14   3.8221e+00  +1
  0.527605487096  153.355459996349  4.90e-12   9.2150e+00  +1
  0.666069131352  161.994924113555  3.64e-13   5.5943e+00  +1
  0.655730132241  162.643194583219  3.40e-13   2.1101e+00  +1
  0.518129374197  162.935326632612  9.18e-12   4.4394e+00  +1
  0.600288037221  163.693072342343  1.66e-13   4.9692e+00  +1
  0.577228236494  164.488163685467  2.11e-12   5.2771e+00  +1
  0.606847050011  164.866478028879  5.47e-14   6.5496e+00  +1
  0.518512262916  165.565779358110  4.71e-12   1.3555e+01  +1
  0.556769378424  167.121539231124  1.40e-12   6.7926e+00  +1
  0.522889674304  170.386003299180  2.79e-12   8.4184e+00  +1
  0.581796209784  172.951047535614  3.53e-12   4.2944e+00  +1
  0.543608059991  173.770192946206  5.85e-12   1.5880e+00  +1
  0.632858712043  179.808445678636  1.24e-13   3.9038e+00  +1
  0.510511875217  181.982559130641  7.35e-12   5.5978e+00  +1
  0.517068153961  183.664152460103  1.11e-12   4.8985e+00  +1
  0.501549970016  184.547965343401  6.11e-14   3.8539e+00  +1
  0.557191207975  184.867121669130  5.21e-12   3.0736e+00  +1
  0.503339744152  185.463223996493  3.91e-12   6.6158e+00  +1
  0.532617472420  188.558190414863  6.71e-13   1.1924e+01  +1
  0.540938652692  190.081312563728  6.24e-12   6.1941e+00  +1
  0.594160543434  190.874615339459  5.50e-13   2.9407e+00  +1
  0.563193229287  191.677624151734  4.72e-13   5.0848e+00  +1
  0.521952411298  194.859071484557  4.26e-12   5.4712e+00  +1
  0.501134687304  195.260165229456  8.43e-12   5.2310e+00  +1
  0.552763115825  198.906116894423  1.11e-12   6.1853e+00  +1
# real zeros of F_X in (0.5, 1.05): none
# argument principle on 0.5 < sigma < 1.05, 0.01 < t <= 200.0 (sum over boxes of height 10): winding = 69  (zeros found inside: 69)
# largest real part: 0.8969907469 at t = 76.227807
#   max sigma over zeros with t <=   25: 0.870696  (2 zeros)
#   max sigma over zeros with t <=   50: 0.870696  (7 zeros)
#   max sigma over zeros with t <=  100: 0.896991  (25 zeros)
#   max sigma over zeros with t <=  150: 0.896991  (41 zeros)
#   max sigma over zeros with t <=  200: 0.896991  (69 zeros)
