# zeros_scan /private/tmp/rh-s40-free-greedy/var_eoverpi_th0.5_1e8.mom.1.000000e+08
# X = 1.000000e+08  N = 86525605  E(X) = 6.922029  rho = 0.865255979432265  rectangle 0.5 < sigma < 1.05, 0 <= t <= 200.0
# grid: 111 sigma values x 6677 t values (dt = 0.02996); distinct zeros found by Newton: 58
#   sigma              t                 |F_X| at zero   |F_X'|      cell winding
  0.744893192726   15.586769251724  1.43e-13   4.1608e+00  +1
  0.651743316878   28.731843097915  1.57e-12   7.8906e+00  +1
  0.741614811683   30.248639244413  2.19e-13   3.8082e+00  +1
  0.507351795895   30.916139261754  1.38e-11   5.6435e+00  +1
  0.842101633752   42.661975913911  4.34e-15   7.1285e+00  +1
  0.504529168576   43.637778092296  6.07e-12   4.0304e+00  +1
  0.672314179507   44.979415440233  7.24e-13   3.4907e+00  +1
  0.571281990885   45.521233163427  1.99e-12   4.2877e+00  +1
  0.552104667258   56.756989169018  9.95e-14   6.2801e+00  +1
  0.533425875509   58.846418208627  2.97e-12   6.1291e+00  +1
  0.555169977999   71.094799683856  6.56e-13   7.8147e+00  +1
  0.687001706329   71.999058110410  1.45e-14   3.4959e+00  +1
  0.528075245578   72.528275659832  6.87e-12   6.0007e+00  +1
  0.558732062266   73.493740691618  4.77e-12   6.6340e+00  +1
  0.508395849537   76.468790433895  8.64e-12   2.3461e+00  +1
  0.506539794911   81.102838184359  1.85e-11   6.2631e+00  +1
  0.531476273678   84.124018858299  2.94e-13   8.7633e+00  +1
  0.639183167014   84.916231492864  6.42e-13   5.3492e+00  +1
  0.661076564757   86.086396712140  2.54e-13   4.4769e+00  +1
  0.550435456853   87.149325640656  3.09e-12   3.6048e+00  +1
  0.581175817364   88.726024921542  9.98e-13   3.3875e+00  +1
  0.502476924334   89.639100288088  4.56e-12   2.7350e+00  +1
  0.511597533919   90.252063389426  3.24e-13   2.6760e+00  +1
  0.512282983133   98.948765198322  2.28e-13   3.5360e+00  +1
  0.540713340226  100.174125916901  6.91e-12   4.7148e+00  +1
  0.591938599480  101.156425967205  2.36e-12   3.1143e+00  +1
  0.628477310908  103.263538675074  1.83e-12   2.6111e+00  +1
  0.562502317516  111.786468908348  3.38e-12   1.3185e+01  +1
  0.649974340475  112.638900718835  1.55e-12   4.7300e+00  +1
  0.553453962658  114.314950015096  5.20e-12   4.4185e+00  +1
  0.527721684556  125.820732077781  9.84e-12   8.5448e+00  +1
  0.559913911223  128.044573540629  7.74e-12   2.6108e+00  +1
  0.672203381966  130.662279672376  4.90e-13   2.6288e+00  +1
  0.515713295253  139.191917871534  1.52e-13   1.2945e+01  +1
  0.664714057514  140.105980655981  4.41e-13   5.4622e+00  +1
  0.522497400856  140.915791687770  1.09e-11   5.3702e+00  +1
  0.530407780304  142.054117790844  4.86e-12   3.2871e+00  +1
  0.546246435296  142.500139677219  2.26e-12   2.7225e+00  +1
  0.578537971511  144.537272116165  2.64e-12   4.0745e+00  +1
  0.576732415116  145.301925004004  3.04e-12   2.1575e+00  +1
  0.780402154944  153.531607966980  1.12e-14   7.3748e+00  +1
  0.637414450785  154.247774527214  4.31e-13   6.0146e+00  +1
  0.541701209577  166.524848575065  1.92e-12   1.4263e+01  +1
  0.568219486006  167.925114021357  2.71e-12   5.3158e+00  +1
  0.505056196962  168.574621519763  9.02e-12   2.9814e+00  +1
  0.535485555362  169.680883972707  4.90e-12   3.8842e+00  +1
  0.540077358202  171.832531804619  8.34e-12   3.0792e+00  +1
  0.611471629845  173.757396767748  1.62e-12   2.8465e+00  +1
  0.688948359685  181.197787761057  3.62e-13   6.7851e+00  +1
  0.525049123769  181.821947078191  1.06e-11   8.8290e+00  +1
  0.514890767716  182.576545830938  7.66e-12   7.6153e+00  +1
  0.658466070300  183.283146811894  4.19e-14   3.2645e+00  +1
  0.560798808224  184.188695579147  7.01e-13   3.7582e+00  +1
  0.630749258042  186.714199196394  1.06e-12   1.7083e+00  +1
  0.639580661316  195.467842054323  4.73e-13   5.0761e+00  +1
  0.557496875092  196.533179303021  3.95e-12   5.9339e+00  +1
  0.571655863121  197.498485475414  1.62e-12   4.1829e+00  +1
  0.527102834904  198.036025497917  2.88e-12   2.8221e+00  +1
# real zeros of F_X in (0.5, 1.05): none
# box t in (50.00, 60.00]: winding 3, zeros after multi-start search 3
  0.500594979692   57.875769112424  1.95e-11   6.0480e+00  multistart
# argument principle on 0.5 < sigma < 1.05, 0.01 < t <= 200.0 (sum over boxes of height 10): winding = 59  (zeros found inside: 59)
# largest real part: 0.8421016338 at t = 42.661976
#   max sigma over zeros with t <=   25: 0.744893  (1 zeros)
#   max sigma over zeros with t <=   50: 0.842102  (8 zeros)
#   max sigma over zeros with t <=  100: 0.842102  (25 zeros)
#   max sigma over zeros with t <=  150: 0.842102  (41 zeros)
#   max sigma over zeros with t <=  200: 0.842102  (59 zeros)
