# zline X=10000000 rho=0.6 C(X)=1 mode=h
# sigma t ReF ImF |F|
0.550000 20.000000 -2.884997477495e+00 -2.134071576480e+00 3.588519e+00
0.555000 20.000000 -2.792067468518e+00 -2.098412736836e+00 3.492703e+00
0.560000 20.000000 -2.701644115003e+00 -2.063939771570e+00 3.399813e+00
0.565000 20.000000 -2.613652344233e+00 -2.030600703414e+00 3.309761e+00
0.570000 20.000000 -2.528019517903e+00 -1.998346102989e+00 3.222463e+00
0.575000 20.000000 -2.444675349264e+00 -1.967128955482e+00 3.137839e+00
0.580000 20.000000 -2.363551823087e+00 -1.936904534639e+00 3.055810e+00
0.585000 20.000000 -2.284583118346e+00 -1.907630283657e+00 2.976302e+00
0.590000 20.000000 -2.207705533573e+00 -1.879265702579e+00 2.899242e+00
0.595000 20.000000 -2.132857414758e+00 -1.851772241836e+00 2.824560e+00
0.600000 20.000000 -2.059979085743e+00 -1.825113201565e+00 2.752190e+00
0.605000 20.000000 -1.989012781020e+00 -1.799253636406e+00 2.682067e+00
0.610000 20.000000 -1.919902580850e+00 -1.774160265440e+00 2.614129e+00
0.615000 20.000000 -1.852594348633e+00 -1.749801387001e+00 2.548315e+00
0.620000 20.000000 -1.787035670457e+00 -1.726146798072e+00 2.484568e+00
0.625000 20.000000 -1.723175796747e+00 -1.703167718021e+00 2.422832e+00
0.630000 20.000000 -1.660965585944e+00 -1.680836716422e+00 2.363053e+00
0.635000 20.000000 -1.600357450152e+00 -1.659127644743e+00 2.305179e+00
0.640000 20.000000 -1.541305302686e+00 -1.638015571678e+00 2.249159e+00
0.645000 20.000000 -1.483764507441e+00 -1.617476721920e+00 2.194946e+00
0.650000 20.000000 -1.427691830039e+00 -1.597488418197e+00 2.142492e+00
0.655000 20.000000 -1.373045390691e+00 -1.578029026367e+00 2.091753e+00
0.660000 20.000000 -1.319784618692e+00 -1.559077903425e+00 2.042683e+00
0.665000 20.000000 -1.267870208522e+00 -1.540615348247e+00 1.995242e+00
0.670000 20.000000 -1.217264077487e+00 -1.522622554928e+00 1.949387e+00
0.675000 20.000000 -1.167929324822e+00 -1.505081568562e+00 1.905080e+00
0.680000 20.000000 -1.119830192255e+00 -1.487975243351e+00 1.862281e+00
0.685000 20.000000 -1.072932025923e+00 -1.471287202879e+00 1.820953e+00
0.690000 20.000000 -1.027201239644e+00 -1.455001802474e+00 1.781059e+00
0.695000 20.000000 -9.826052794572e-01 -1.439104093518e+00 1.742565e+00
0.700000 20.000000 -9.391125894114e-01 -1.423579789600e+00 1.705436e+00
0.705000 20.000000 -8.966925785452e-01 -1.408415234424e+00 1.669638e+00
0.710000 20.000000 -8.553155890216e-01 -1.393597371374e+00 1.635139e+00
0.715000 20.000000 -8.149528653745e-01 -1.379113714632e+00 1.601906e+00
0.720000 20.000000 -7.755765248249e-01 -1.364952321787e+00 1.569909e+00
0.725000 20.000000 -7.371595286330e-01 -1.351101767836e+00 1.539117e+00
0.730000 20.000000 -6.996756544475e-01 -1.337551120520e+00 1.509500e+00
0.735000 20.000000 -6.630994696153e-01 -1.324289916901e+00 1.481028e+00
0.740000 20.000000 -6.274063054156e-01 -1.311308141140e+00 1.453674e+00
0.745000 20.000000 -5.925722321907e-01 -1.298596203388e+00 1.427408e+00
0.750000 20.000000 -5.585740353375e-01 -1.286144919748e+00 1.402203e+00
0.755000 20.000000 -5.253891921272e-01 -1.273945493238e+00 1.378032e+00
0.760000 20.000000 -4.929958493278e-01 -1.261989495721e+00 1.354866e+00
0.765000 20.000000 -4.613728015985e-01 -1.250268850721e+00 1.332680e+00
0.770000 20.000000 -4.304994706263e-01 -1.238775817110e+00 1.311448e+00
0.775000 20.000000 -4.003558849818e-01 -1.227502973599e+00 1.291142e+00
0.780000 20.000000 -3.709226606666e-01 -1.216443204000e+00 1.271738e+00
0.785000 20.000000 -3.421809823266e-01 -1.205589683218e+00 1.253210e+00
0.790000 20.000000 -3.141125851085e-01 -1.194935863930e+00 1.235532e+00
0.795000 20.000000 -2.866997371366e-01 -1.184475463919e+00 1.218679e+00
0.800000 20.000000 -2.599252225876e-01 -1.174202454034e+00 1.202627e+00
0.805000 20.000000 -2.337723253399e-01 -1.164111046730e+00 1.187352e+00
0.810000 20.000000 -2.082248131802e-01 -1.154195685175e+00 1.172828e+00
0.815000 20.000000 -1.832669225459e-01 -1.144451032876e+00 1.159032e+00
0.820000 20.000000 -1.588833437825e-01 -1.134871963820e+00 1.145940e+00
0.825000 20.000000 -1.350592069010e-01 -1.125453553078e+00 1.133528e+00
0.830000 20.000000 -1.117800678142e-01 -1.116191067872e+00 1.121774e+00
0.835000 20.000000 -8.903189503748e-02 -1.107079959063e+00 1.110654e+00
0.840000 20.000000 -6.680105683540e-02 -1.098115853049e+00 1.100146e+00
0.845000 20.000000 -4.507430879966e-02 -1.089294544055e+00 1.090227e+00
0.850000 20.000000 -2.383878184307e-02 -1.080611986778e+00 1.080875e+00
0.855000 20.000000 -3.081970593542e-03 -1.072064289393e+00 1.072069e+00
0.860000 20.000000 1.720827782490e-02 -1.063647706880e+00 1.063787e+00
0.865000 20.000000 3.704377463790e-02 -1.055358634670e+00 1.056009e+00
0.870000 20.000000 5.643599990686e-02 -1.047193602592e+00 1.048713e+00
0.875000 20.000000 7.539611266804e-02 -1.039149269095e+00 1.041881e+00
0.880000 20.000000 9.393496073656e-02 -1.031222415750e+00 1.035492e+00
0.885000 20.000000 1.120630901870e-01 -1.023409942000e+00 1.029527e+00
0.890000 20.000000 1.297907545232e-01 -1.015708860158e+00 1.023968e+00
0.895000 20.000000 1.471279235460e-01 -1.008116290633e+00 1.018796e+00
0.900000 20.000000 1.640842919306e-01 -1.000629457381e+00 1.013994e+00
0.905000 20.000000 1.806692875257e-01 -9.932456835569e-01 1.009544e+00
0.910000 20.000000 1.968920793792e-01 -9.859623873768e-01 1.005429e+00
0.915000 20.000000 2.127615855050e-01 -9.787770781573e-01 1.001635e+00
0.920000 20.000000 2.282864803975e-01 -9.716873525446e-01 9.981438e-01
0.925000 20.000000 2.434752023018e-01 -9.646908909090e-01 9.949416e-01
0.930000 20.000000 2.583359602504e-01 -9.577854539044e-01 9.920133e-01
0.935000 20.000000 2.728767408725e-01 -9.509688791836e-01 9.893450e-01
0.940000 20.000000 2.871053149847e-01 -9.442390782601e-01 9.869229e-01
0.945000 20.000000 3.010292439697e-01 -9.375940335090e-01 9.847341e-01
0.950000 20.000000 3.146558859519e-01 -9.310317953070e-01 9.827658e-01
0.955000 20.000000 3.279924017749e-01 -9.245504792918e-01 9.810059e-01
0.960000 20.000000 3.410457607895e-01 -9.181482637507e-01 9.794429e-01
0.965000 20.000000 3.538227464574e-01 -9.118233871191e-01 9.780657e-01
0.970000 20.000000 3.663299617769e-01 -9.055741455925e-01 9.768634e-01
0.975000 20.000000 3.785738345379e-01 -8.993988908415e-01 9.758261e-01
0.980000 20.000000 3.905606224105e-01 -8.932960278276e-01 9.749438e-01
0.985000 20.000000 4.022964178736e-01 -8.872640127141e-01 9.742073e-01
0.990000 20.000000 4.137871529891e-01 -8.813013508676e-01 9.736077e-01
0.995000 20.000000 4.250386040260e-01 -8.754065949465e-01 9.731364e-01
1.000000 20.000000 4.360563959406e-01 -8.695783430715e-01 9.727855e-01
1.005000 20.000000 4.468460067165e-01 -8.638152370751e-01 9.725472e-01
1.010000 20.000000 4.574127715702e-01 -8.581159608265e-01 9.724142e-01
1.015000 20.000000 4.677618870258e-01 -8.524792386272e-01 9.723796e-01
1.020000 20.000000 4.778984148640e-01 -8.469038336754e-01 9.724366e-01
1.025000 20.000000 4.878272859486e-01 -8.413885465967e-01 9.725791e-01
1.030000 20.000000 4.975533039359e-01 -8.359322140345e-01 9.728011e-01
1.035000 20.000000 5.070811488694e-01 -8.305337073017e-01 9.730969e-01
1.040000 20.000000 5.164153806650e-01 -8.251919310889e-01 9.734611e-01
1.045000 20.000000 5.255604424891e-01 -8.199058222259e-01 9.738888e-01
1.050000 20.000000 5.345206640338e-01 -8.146743484951e-01 9.743750e-01
1.055000 20.000000 5.433002646926e-01 -8.094965074950e-01 9.749153e-01
1.060000 20.000000 5.519033566397e-01 -8.043713255494e-01 9.755053e-01
1.065000 20.000000 5.603339478157e-01 -7.992978566631e-01 9.761410e-01
1.070000 20.000000 5.685959448232e-01 -7.942751815193e-01 9.768185e-01
1.075000 20.000000 5.766931557356e-01 -7.893024065189e-01 9.775343e-01
1.080000 20.000000 5.846292928209e-01 -7.843786628590e-01 9.782849e-01
1.085000 20.000000 5.924079751839e-01 -7.795031056478e-01 9.790671e-01
1.090000 20.000000 6.000327313292e-01 -7.746749130574e-01 9.798778e-01
1.095000 20.000000 6.075070016486e-01 -7.698932855092e-01 9.807142e-01
1.100000 20.000000 6.148341408328e-01 -7.651574448922e-01 9.815737e-01
