# zline X=10000000 rho=0.6 C(X)=1 mode=h
# sigma t ReF ImF |F|
0.550000 10.000000 2.806613353812e+00 -1.543134156922e+00 3.202865e+00
0.555000 10.000000 2.795677970680e+00 -1.540588309323e+00 3.192057e+00
0.560000 10.000000 2.784638403008e+00 -1.537770620393e+00 3.181030e+00
0.565000 10.000000 2.773503340023e+00 -1.534691345242e+00 3.169795e+00
0.570000 10.000000 2.762281149540e+00 -1.531360504214e+00 3.158364e+00
0.575000 10.000000 2.750979886520e+00 -1.527787881856e+00 3.146749e+00
0.580000 10.000000 2.739607301545e+00 -1.523983026592e+00 3.134960e+00
0.585000 10.000000 2.728170849225e+00 -1.519955250997e+00 3.123008e+00
0.590000 10.000000 2.716677696485e+00 -1.515713632638e+00 3.110904e+00
0.595000 10.000000 2.705134730757e+00 -1.511267015394e+00 3.098658e+00
0.600000 10.000000 2.693548568040e+00 -1.506624011215e+00 3.086279e+00
0.605000 10.000000 2.681925560843e+00 -1.501793002262e+00 3.073777e+00
0.610000 10.000000 2.670271805984e+00 -1.496782143390e+00 3.061161e+00
0.615000 10.000000 2.658593152251e+00 -1.491599364920e+00 3.048440e+00
0.620000 10.000000 2.646895207921e+00 -1.486252375667e+00 3.035622e+00
0.625000 10.000000 2.635183348124e+00 -1.480748666206e+00 3.022715e+00
0.630000 10.000000 2.623462722058e+00 -1.475095512299e+00 3.009728e+00
0.635000 10.000000 2.611738260047e+00 -1.469299978518e+00 2.996668e+00
0.640000 10.000000 2.600014680449e+00 -1.463368921974e+00 2.983542e+00
0.645000 10.000000 2.588296496399e+00 -1.457308996181e+00 2.970358e+00
0.650000 10.000000 2.576588022397e+00 -1.451126654996e+00 2.957123e+00
0.655000 10.000000 2.564893380741e+00 -1.444828156631e+00 2.943842e+00
0.660000 10.000000 2.553216507800e+00 -1.438419567735e+00 2.930523e+00
0.665000 10.000000 2.541561160131e+00 -1.431906767493e+00 2.917172e+00
0.670000 10.000000 2.529930920439e+00 -1.425295451764e+00 2.903794e+00
0.675000 10.000000 2.518329203386e+00 -1.418591137224e+00 2.890395e+00
0.680000 10.000000 2.506759261247e+00 -1.411799165511e+00 2.876981e+00
0.685000 10.000000 2.495224189410e+00 -1.404924707365e+00 2.863557e+00
0.690000 10.000000 2.483726931733e+00 -1.397972766739e+00 2.850128e+00
0.695000 10.000000 2.472270285755e+00 -1.390948184892e+00 2.836698e+00
0.700000 10.000000 2.460856907756e+00 -1.383855644447e+00 2.823273e+00
0.705000 10.000000 2.449489317682e+00 -1.376699673407e+00 2.809858e+00
0.710000 10.000000 2.438169903927e+00 -1.369484649125e+00 2.796455e+00
0.715000 10.000000 2.426900927979e+00 -1.362214802222e+00 2.783070e+00
0.720000 10.000000 2.415684528929e+00 -1.354894220465e+00 2.769706e+00
0.725000 10.000000 2.404522727857e+00 -1.347526852563e+00 2.756367e+00
0.730000 10.000000 2.393417432079e+00 -1.340116511921e+00 2.743057e+00
0.735000 10.000000 2.382370439274e+00 -1.332666880327e+00 2.729778e+00
0.740000 10.000000 2.371383441484e+00 -1.325181511566e+00 2.716536e+00
0.745000 10.000000 2.360458028998e+00 -1.317663834975e+00 2.703331e+00
0.750000 10.000000 2.349595694117e+00 -1.310117158925e+00 2.690169e+00
0.755000 10.000000 2.338797834801e+00 -1.302544674236e+00 2.677050e+00
0.760000 10.000000 2.328065758204e+00 -1.294949457517e+00 2.663979e+00
0.765000 10.000000 2.317400684105e+00 -1.287334474437e+00 2.650958e+00
0.770000 10.000000 2.306803748231e+00 -1.279702582933e+00 2.637988e+00
0.775000 10.000000 2.296276005467e+00 -1.272056536329e+00 2.625074e+00
0.780000 10.000000 2.285818432976e+00 -1.264398986398e+00 2.612216e+00
0.785000 10.000000 2.275431933217e+00 -1.256732486350e+00 2.599417e+00
0.790000 10.000000 2.265117336863e+00 -1.249059493745e+00 2.586679e+00
0.795000 10.000000 2.254875405630e+00 -1.241382373337e+00 2.574003e+00
0.800000 10.000000 2.244706835010e+00 -1.233703399854e+00 2.561393e+00
0.805000 10.000000 2.234612256926e+00 -1.226024760700e+00 2.548848e+00
0.810000 10.000000 2.224592242285e+00 -1.218348558598e+00 2.536372e+00
0.815000 10.000000 2.214647303463e+00 -1.210676814159e+00 2.523965e+00
0.820000 10.000000 2.204777896694e+00 -1.203011468390e+00 2.511629e+00
0.825000 10.000000 2.194984424396e+00 -1.195354385129e+00 2.499366e+00
0.830000 10.000000 2.185267237402e+00 -1.187707353428e+00 2.487175e+00
0.835000 10.000000 2.175626637136e+00 -1.180072089861e+00 2.475060e+00
0.840000 10.000000 2.166062877696e+00 -1.172450240780e+00 2.463020e+00
0.845000 10.000000 2.156576167883e+00 -1.164843384503e+00 2.451057e+00
0.850000 10.000000 2.147166673153e+00 -1.157253033445e+00 2.439172e+00
0.855000 10.000000 2.137834517507e+00 -1.149680636190e+00 2.427365e+00
0.860000 10.000000 2.128579785310e+00 -1.142127579512e+00 2.415638e+00
0.865000 10.000000 2.119402523057e+00 -1.134595190331e+00 2.403991e+00
0.870000 10.000000 2.110302741069e+00 -1.127084737619e+00 2.392425e+00
0.875000 10.000000 2.101280415136e+00 -1.119597434251e+00 2.380941e+00
0.880000 10.000000 2.092335488104e+00 -1.112134438809e+00 2.369538e+00
0.885000 10.000000 2.083467871396e+00 -1.104696857327e+00 2.358218e+00
0.890000 10.000000 2.074677446496e+00 -1.097285744994e+00 2.346982e+00
0.895000 10.000000 2.065964066366e+00 -1.089902107799e+00 2.335828e+00
0.900000 10.000000 2.057327556823e+00 -1.082546904141e+00 2.324759e+00
0.905000 10.000000 2.048767717858e+00 -1.075221046380e+00 2.313774e+00
0.910000 10.000000 2.040284324916e+00 -1.067925402355e+00 2.302873e+00
0.915000 10.000000 2.031877130125e+00 -1.060660796846e+00 2.292057e+00
0.920000 10.000000 2.023545863481e+00 -1.053428013004e+00 2.281326e+00
0.925000 10.000000 2.015290233993e+00 -1.046227793733e+00 2.270680e+00
0.930000 10.000000 2.007109930782e+00 -1.039060843035e+00 2.260119e+00
0.935000 10.000000 1.999004624143e+00 -1.031927827307e+00 2.249643e+00
0.940000 10.000000 1.990973966564e+00 -1.024829376617e+00 2.239253e+00
0.945000 10.000000 1.983017593713e+00 -1.017766085920e+00 2.228947e+00
0.950000 10.000000 1.975135125385e+00 -1.010738516258e+00 2.218727e+00
0.955000 10.000000 1.967326166406e+00 -1.003747195910e+00 2.208592e+00
0.960000 10.000000 1.959590307523e+00 -9.967926215178e-01 2.198543e+00
0.965000 10.000000 1.951927126233e+00 -9.898752591690e-01 2.188578e+00
0.970000 10.000000 1.944336187608e+00 -9.829955454554e-01 2.178698e+00
0.975000 10.000000 1.936817045066e+00 -9.761538884942e-01 2.168902e+00
0.980000 10.000000 1.929369241124e+00 -9.693506689213e-01 2.159191e+00
0.985000 10.000000 1.921992308122e+00 -9.625862408533e-01 2.149564e+00
0.990000 10.000000 1.914685768914e+00 -9.558609328212e-01 2.140021e+00
0.995000 10.000000 1.907449137531e+00 -9.491750486736e-01 2.130562e+00
1.000000 10.000000 1.900281919824e+00 -9.425288684558e-01 2.121186e+00
1.005000 10.000000 1.893183614078e+00 -9.359226492596e-01 2.111894e+00
1.010000 10.000000 1.886153711599e+00 -9.293566260468e-01 2.102684e+00
1.015000 10.000000 1.879191697282e+00 -9.228310124499e-01 2.093556e+00
1.020000 10.000000 1.872297050151e+00 -9.163460015456e-01 2.084511e+00
1.025000 10.000000 1.865469243883e+00 -9.099017666063e-01 2.075547e+00
1.030000 10.000000 1.858707747303e+00 -9.034984618271e-01 2.066665e+00
1.035000 10.000000 1.852012024863e+00 -8.971362230312e-01 2.057863e+00
1.040000 10.000000 1.845381537103e+00 -8.908151683525e-01 2.049142e+00
1.045000 10.000000 1.838815741089e+00 -8.845353988990e-01 2.040501e+00
1.050000 10.000000 1.832314090830e+00 -8.782969993920e-01 2.031940e+00
1.055000 10.000000 1.825876037684e+00 -8.721000387902e-01 2.023458e+00
1.060000 10.000000 1.819501030738e+00 -8.659445708890e-01 2.015054e+00
1.065000 10.000000 1.813188517184e+00 -8.598306349050e-01 2.006729e+00
1.070000 10.000000 1.806937942663e+00 -8.537582560406e-01 1.998481e+00
1.075000 10.000000 1.800748751603e+00 -8.477274460306e-01 1.990311e+00
1.080000 10.000000 1.794620387546e+00 -8.417382036716e-01 1.982217e+00
1.085000 10.000000 1.788552293445e+00 -8.357905153358e-01 1.974200e+00
1.090000 10.000000 1.782543911963e+00 -8.298843554676e-01 1.966258e+00
1.095000 10.000000 1.776594685751e+00 -8.240196870631e-01 1.958391e+00
1.100000 10.000000 1.770704057712e+00 -8.181964621373e-01 1.950599e+00
