# zline X=10000000 rho=0.6 C(X)=1 mode=h
# sigma t ReF ImF |F|
0.550000 0.100000 -3.962334014139e-01 -3.506670212102e-01 5.291203e-01
0.555000 0.100000 -4.117914404825e-01 -3.542108677175e-01 5.431736e-01
0.560000 0.100000 -4.275041040880e-01 -3.580478202716e-01 5.576361e-01
0.565000 0.100000 -4.433816581361e-01 -3.621820061084e-01 5.725060e-01
0.570000 0.100000 -4.594344270422e-01 -3.666181631531e-01 5.877830e-01
0.575000 0.100000 -4.756728069921e-01 -3.713616595056e-01 6.034684e-01
0.580000 0.100000 -4.921072788152e-01 -3.764185151031e-01 6.195647e-01
0.585000 0.100000 -5.087484204499e-01 -3.817954257108e-01 6.360760e-01
0.590000 0.100000 -5.256069189697e-01 -3.874997893986e-01 6.530074e-01
0.595000 0.100000 -5.426935821419e-01 -3.935397356806e-01 6.703655e-01
0.600000 0.100000 -5.600193494677e-01 -3.999241575045e-01 6.881577e-01
0.605000 0.100000 -5.775953026465e-01 -4.066627463002e-01 7.063929e-01
0.610000 0.100000 -5.954326753966e-01 -4.137660303105e-01 7.250810e-01
0.615000 0.100000 -6.135428625412e-01 -4.212454164499e-01 7.442329e-01
0.620000 0.100000 -6.319374282619e-01 -4.291132359576e-01 7.638606e-01
0.625000 0.100000 -6.506281133931e-01 -4.373827941383e-01 7.839775e-01
0.630000 0.100000 -6.696268416133e-01 -4.460684245042e-01 8.045975e-01
0.635000 0.100000 -6.889457243652e-01 -4.551855476692e-01 8.257361e-01
0.640000 0.100000 -7.085970642975e-01 -4.647507353678e-01 8.474096e-01
0.645000 0.100000 -7.285933570000e-01 -4.747817800139e-01 8.696356e-01
0.650000 0.100000 -7.489472907595e-01 -4.852977702446e-01 8.924326e-01
0.655000 0.100000 -7.696717440104e-01 -4.963191729388e-01 9.158206e-01
0.660000 0.100000 -7.907797801195e-01 -5.078679222409e-01 9.398205e-01
0.665000 0.100000 -8.122846390706e-01 -5.199675161680e-01 9.644545e-01
0.670000 0.100000 -8.341997255507e-01 -5.326431214279e-01 9.897464e-01
0.675000 0.100000 -8.565385928642e-01 -5.459216871313e-01 1.015721e+00
0.680000 0.100000 -8.793149220018e-01 -5.598320681363e-01 1.042404e+00
0.685000 0.100000 -9.025424950952e-01 -5.744051588280e-01 1.069824e+00
0.690000 0.100000 -9.262351623562e-01 -5.896740381988e-01 1.098010e+00
0.695000 0.100000 -9.504068014675e-01 -6.056741271629e-01 1.126993e+00
0.700000 0.100000 -9.750712682233e-01 -6.224433591131e-01 1.156806e+00
0.705000 0.100000 -1.000242337030e+00 -6.400223647972e-01 1.187482e+00
0.710000 0.100000 -1.025933629664e+00 -6.584546726684e-01 1.219058e+00
0.715000 0.100000 -1.052158530418e+00 -6.777869259384e-01 1.251572e+00
0.720000 0.100000 -1.078930085503e+00 -6.980691176325e-01 1.285064e+00
0.725000 0.100000 -1.106260884190e+00 -7.193548450139e-01 1.319577e+00
0.730000 0.100000 -1.134162918837e+00 -7.417015848035e-01 1.355156e+00
0.735000 0.100000 -1.162647420448e+00 -7.651709906660e-01 1.391846e+00
0.740000 0.100000 -1.191724665918e+00 -7.898292144578e-01 1.429699e+00
0.745000 0.100000 -1.221403752503e+00 -8.157472527337e-01 1.468765e+00
0.750000 0.100000 -1.251692334337e+00 -8.430013199666e-01 1.509101e+00
0.755000 0.100000 -1.282596315062e+00 -8.716732498452e-01 1.550764e+00
0.760000 0.100000 -1.314119489634e+00 -9.018509258570e-01 1.593815e+00
0.765000 0.100000 -1.346263127380e+00 -9.336287421127e-01 1.638318e+00
0.770000 0.100000 -1.379025487086e+00 -9.671080950045e-01 1.684342e+00
0.775000 0.100000 -1.412401253540e+00 -1.002397905771e+00 1.731958e+00
0.780000 0.100000 -1.446380883315e+00 -1.039615173330e+00 1.781240e+00
0.785000 0.100000 -1.480949845794e+00 -1.078885555766e+00 1.832268e+00
0.790000 0.100000 -1.516087743347e+00 -1.120343977596e+00 1.885124e+00
0.795000 0.100000 -1.551767292271e+00 -1.164135258205e+00 1.939895e+00
0.800000 0.100000 -1.587953143541e+00 -1.210414754695e+00 1.996672e+00
0.805000 0.100000 -1.624600519547e+00 -1.259349009488e+00 2.055550e+00
0.810000 0.100000 -1.661653639949e+00 -1.311116389400e+00 2.116629e+00
0.815000 0.100000 -1.699043906425e+00 -1.365907698249e+00 2.180012e+00
0.820000 0.100000 -1.736687812721e+00 -1.423926739146e+00 2.245808e+00
0.825000 0.100000 -1.774484542897e+00 -1.485390795221e+00 2.314126e+00
0.830000 0.100000 -1.812313217445e+00 -1.550530988238e+00 2.385084e+00
0.835000 0.100000 -1.850029744136e+00 -1.619592463049e+00 2.458798e+00
0.840000 0.100000 -1.887463228544e+00 -1.692834331624e+00 2.535391e+00
0.845000 0.100000 -1.924411898794e+00 -1.770529293025e+00 2.614983e+00
0.850000 0.100000 -1.960638500954e+00 -1.852962824659e+00 2.697698e+00
0.855000 0.100000 -1.995865126866e+00 -1.940431814956e+00 2.783658e+00
0.860000 0.100000 -2.029767446511e+00 -2.033242477888e+00 2.872983e+00
0.865000 0.100000 -2.061968334285e+00 -2.131707355284e+00 2.965787e+00
0.870000 0.100000 -2.092030905375e+00 -2.236141173746e+00 3.062176e+00
0.875000 0.100000 -2.119451017956e+00 -2.346855280075e+00 3.162246e+00
0.880000 0.100000 -2.143649353188e+00 -2.464150333871e+00 3.266079e+00
0.885000 0.100000 -2.163963262479e+00 -2.588306891648e+00 3.373732e+00
0.890000 0.100000 -2.179638675414e+00 -2.719573478290e+00 3.485241e+00
0.895000 0.100000 -2.189822497224e+00 -2.858151716753e+00 3.600605e+00
0.900000 0.100000 -2.193556096291e+00 -3.004178086869e+00 3.719781e+00
0.905000 0.100000 -2.189770692341e+00 -3.157701924648e+00 3.842678e+00
0.910000 0.100000 -2.177285703069e+00 -3.318659375353e+00 3.969140e+00
0.915000 0.100000 -2.154811382362e+00 -3.486843202613e+00 4.098937e+00
0.920000 0.100000 -2.120957367200e+00 -3.661868661982e+00 4.231754e+00
0.925000 0.100000 -2.074249007457e+00 -3.843136101292e+00 4.367173e+00
0.930000 0.100000 -2.013153527248e+00 -4.029791577809e+00 4.504665e+00
0.935000 0.100000 -1.936118078108e+00 -4.220687594005e+00 4.643572e+00
0.940000 0.100000 -1.841621489746e+00 -4.414347030679e+00 4.783098e+00
0.945000 0.100000 -1.728240883601e+00 -4.608934430695e+00 4.922306e+00
0.950000 0.100000 -1.594733171814e+00 -4.802239824005e+00 5.060107e+00
0.955000 0.100000 -1.440129741020e+00 -4.991681069136e+00 5.195272e+00
0.960000 0.100000 -1.263840325355e+00 -5.174330924070e+00 5.326443e+00
0.965000 0.100000 -1.065759360804e+00 -5.346974410499e+00 5.452154e+00
0.970000 0.100000 -8.463653326775e-01 -5.506200186384e+00 5.570868e+00
0.975000 0.100000 -6.068013364616e-01 -5.648526419371e+00 5.681026e+00
0.980000 0.100000 -3.489239766933e-01 -5.770557160802e+00 5.781097e+00
0.985000 0.100000 -7.530853788239e-02 -5.869159948529e+00 5.869643e+00
0.990000 0.100000 2.107984443551e-01 -5.941650220947e+00 5.945388e+00
0.995000 0.100000 5.055825081282e-01 -5.985964297111e+00 6.007277e+00
1.000000 0.100000 8.048164841982e-01 -6.000801359369e+00 6.054531e+00
1.005000 0.100000 1.104055881049e+00 -5.985716861966e+00 6.086686e+00
1.010000 0.100000 1.398856211619e+00 -5.941155129921e+00 6.103616e+00
1.015000 0.100000 1.684990320039e+00 -5.868416759847e+00 6.105531e+00
1.020000 0.100000 1.958643766721e+00 -5.769565211046e+00 6.092961e+00
1.025000 0.100000 2.216570047309e+00 -5.647284822576e+00 6.066713e+00
1.030000 0.100000 2.456193917550e+00 -5.504707832823e+00 6.027827e+00
1.035000 0.100000 2.675658822208e+00 -5.345229965168e+00 5.977511e+00
1.040000 0.100000 2.873821724206e+00 -5.172332824855e+00 5.917084e+00
1.045000 0.100000 3.050204205816e+00 -4.989427524670e+00 5.847917e+00
1.050000 0.100000 3.204911907898e+00 -4.799728811206e+00 5.771383e+00
1.055000 0.100000 3.338535182511e+00 -4.606163691982e+00 5.688810e+00
1.060000 0.100000 3.452042738673e+00 -4.411314070855e+00 5.601454e+00
1.065000 0.100000 3.546677769473e+00 -4.217389676810e+00 5.510472e+00
1.070000 0.100000 3.623863268409e+00 -4.026225722128e+00 5.416907e+00
1.075000 0.100000 3.685120530552e+00 -3.839299077013e+00 5.321685e+00
1.080000 0.100000 3.732002539149e+00 -3.657756985496e+00 5.225613e+00
1.085000 0.100000 3.766042215037e+00 -3.482453131953e+00 5.129381e+00
1.090000 0.100000 3.788714363640e+00 -3.313986904945e+00 5.033574e+00
1.095000 0.100000 3.801409513819e+00 -3.152742779685e+00 4.938674e+00
1.100000 0.100000 3.805417588278e+00 -2.998927717280e+00 4.845077e+00
