# zline X=10000000 rho=0.6 C(X)=1 mode=h
# sigma t ReF ImF |F|
0.550000 60.000000 2.124816060378e-01 4.448223758246e-01 4.929659e-01
0.555000 60.000000 2.191059756386e-01 4.420244485263e-01 4.933488e-01
0.560000 60.000000 2.254906916937e-01 4.392602843047e-01 4.937567e-01
0.565000 60.000000 2.316497305225e-01 4.365284276662e-01 4.941848e-01
0.570000 60.000000 2.375962653272e-01 4.338275512108e-01 4.946295e-01
0.575000 60.000000 2.433427113070e-01 4.311564451039e-01 4.950874e-01
0.580000 60.000000 2.489007682230e-01 4.285140073084e-01 4.955561e-01
0.585000 60.000000 2.542814605627e-01 4.258992345243e-01 4.960335e-01
0.590000 60.000000 2.594951754419e-01 4.233112137873e-01 4.965180e-01
0.595000 60.000000 2.645516983749e-01 4.207491146895e-01 4.970085e-01
0.600000 60.000000 2.694602470361e-01 4.182121821745e-01 4.975040e-01
0.605000 60.000000 2.742295031281e-01 4.156997298753e-01 4.980041e-01
0.610000 60.000000 2.788676424646e-01 4.132111339528e-01 4.985084e-01
0.615000 60.000000 2.833823633712e-01 4.107458274065e-01 4.990167e-01
0.620000 60.000000 2.877809134986e-01 4.083032948216e-01 4.995292e-01
0.625000 60.000000 2.920701151403e-01 4.058830675249e-01 5.000460e-01
0.630000 60.000000 2.962563891383e-01 4.034847191212e-01 5.005674e-01
0.635000 60.000000 3.003457774579e-01 4.011078613834e-01 5.010939e-01
0.640000 60.000000 3.043439645062e-01 3.987521404724e-01 5.016259e-01
0.645000 60.000000 3.082562972662e-01 3.964172334633e-01 5.021639e-01
0.650000 60.000000 3.120878043119e-01 3.941028451561e-01 5.027085e-01
0.655000 60.000000 3.158432137690e-01 3.918087051527e-01 5.032604e-01
0.660000 60.000000 3.195269702793e-01 3.895345651768e-01 5.038201e-01
0.665000 60.000000 3.231432510243e-01 3.872801966246e-01 5.043883e-01
0.670000 60.000000 3.266959808628e-01 3.850453883256e-01 5.049656e-01
0.675000 60.000000 3.301888466286e-01 3.828299444998e-01 5.055526e-01
0.680000 60.000000 3.336253106390e-01 3.806336828960e-01 5.061500e-01
0.685000 60.000000 3.370086234548e-01 3.784564330994e-01 5.067584e-01
0.690000 60.000000 3.403418359354e-01 3.762980349929e-01 5.073783e-01
0.695000 60.000000 3.436278106271e-01 3.741583373634e-01 5.080104e-01
0.700000 60.000000 3.468692325223e-01 3.720371966407e-01 5.086550e-01
0.705000 60.000000 3.500686192243e-01 3.699344757579e-01 5.093128e-01
0.710000 60.000000 3.532283305496e-01 3.678500431254e-01 5.099842e-01
0.715000 60.000000 3.563505776001e-01 3.657837717095e-01 5.106697e-01
0.720000 60.000000 3.594374313342e-01 3.637355382054e-01 5.113695e-01
0.725000 60.000000 3.624908306632e-01 3.617052222992e-01 5.120842e-01
0.730000 60.000000 3.655125901006e-01 3.596927060104e-01 5.128141e-01
0.735000 60.000000 3.685044069883e-01 3.576978731092e-01 5.135594e-01
0.740000 60.000000 3.714678683227e-01 3.557206086003e-01 5.143205e-01
0.745000 60.000000 3.744044572027e-01 3.537607982712e-01 5.150975e-01
0.750000 60.000000 3.773155589213e-01 3.518183282957e-01 5.158907e-01
0.755000 60.000000 3.802024667182e-01 3.498930848893e-01 5.167002e-01
0.760000 60.000000 3.830663872143e-01 3.479849540143e-01 5.175262e-01
0.765000 60.000000 3.859084455445e-01 3.460938211243e-01 5.183688e-01
0.770000 60.000000 3.887296902041e-01 3.442195709518e-01 5.192282e-01
0.775000 60.000000 3.915310976269e-01 3.423620873284e-01 5.201042e-01
0.780000 60.000000 3.943135765078e-01 3.405212530391e-01 5.209970e-01
0.785000 60.000000 3.970779718837e-01 3.386969497047e-01 5.219066e-01
0.790000 60.000000 3.998250689879e-01 3.368890576906e-01 5.228330e-01
0.795000 60.000000 4.025555968875e-01 3.350974560393e-01 5.237760e-01
0.800000 60.000000 4.052702319185e-01 3.333220224245e-01 5.247357e-01
0.805000 60.000000 4.079696009271e-01 3.315626331230e-01 5.257119e-01
0.810000 60.000000 4.106542843294e-01 3.298191630046e-01 5.267045e-01
0.815000 60.000000 4.133248189988e-01 3.280914855360e-01 5.277134e-01
0.820000 60.000000 4.159817009909e-01 3.263794727986e-01 5.287384e-01
0.825000 60.000000 4.186253881134e-01 3.246829955172e-01 5.297794e-01
0.830000 60.000000 4.212563023516e-01 3.230019230997e-01 5.308362e-01
0.835000 60.000000 4.238748321556e-01 3.213361236846e-01 5.319086e-01
0.840000 60.000000 4.264813345972e-01 3.196854641970e-01 5.329964e-01
0.845000 60.000000 4.290761374043e-01 3.180498104102e-01 5.340993e-01
0.850000 60.000000 4.316595408784e-01 3.164290270133e-01 5.352170e-01
0.855000 60.000000 4.342318197023e-01 3.148229776832e-01 5.363495e-01
0.860000 60.000000 4.367932246440e-01 3.132315251601e-01 5.374963e-01
0.865000 60.000000 4.393439841617e-01 3.116545313260e-01 5.386573e-01
0.870000 60.000000 4.418843059164e-01 3.100918572855e-01 5.398321e-01
0.875000 60.000000 4.444143781966e-01 3.085433634483e-01 5.410205e-01
0.880000 60.000000 4.469343712589e-01 3.070089096121e-01 5.422221e-01
0.885000 60.000000 4.494444385919e-01 3.054883550469e-01 5.434367e-01
0.890000 60.000000 4.519447181044e-01 3.039815585791e-01 5.446639e-01
0.895000 60.000000 4.544353332440e-01 3.024883786748e-01 5.459036e-01
0.900000 60.000000 4.569163940492e-01 3.010086735235e-01 5.471552e-01
0.905000 60.000000 4.593879981392e-01 2.995423011193e-01 5.484186e-01
0.910000 60.000000 4.618502316441e-01 2.980891193426e-01 5.496933e-01
0.915000 60.000000 4.643031700795e-01 2.966489860393e-01 5.509792e-01
0.920000 60.000000 4.667468791682e-01 2.952217590980e-01 5.522758e-01
0.925000 60.000000 4.691814156115e-01 2.938072965264e-01 5.535828e-01
0.930000 60.000000 4.716068278142e-01 2.924054565249e-01 5.548999e-01
0.935000 60.000000 4.740231565644e-01 2.910160975582e-01 5.562269e-01
0.940000 60.000000 4.764304356712e-01 2.896390784244e-01 5.575632e-01
0.945000 60.000000 4.788286925634e-01 2.882742583229e-01 5.589087e-01
0.950000 60.000000 4.812179488499e-01 2.869214969182e-01 5.602630e-01
0.955000 60.000000 4.835982208450e-01 2.855806544024e-01 5.616258e-01
0.960000 60.000000 4.859695200605e-01 2.842515915549e-01 5.629968e-01
0.965000 60.000000 4.883318536659e-01 2.829341697994e-01 5.643755e-01
0.970000 60.000000 4.906852249191e-01 2.816282512586e-01 5.657618e-01
0.975000 60.000000 4.930296335691e-01 2.803336988065e-01 5.671554e-01
0.980000 60.000000 4.953650762315e-01 2.790503761173e-01 5.685558e-01
0.985000 60.000000 4.976915467402e-01 2.777781477130e-01 5.699628e-01
0.990000 60.000000 5.000090364748e-01 2.765168790080e-01 5.713761e-01
0.995000 60.000000 5.023175346655e-01 2.752664363502e-01 5.727954e-01
1.000000 60.000000 5.046170286781e-01 2.740266870622e-01 5.742203e-01
1.005000 60.000000 5.069075042780e-01 2.727974994770e-01 5.756507e-01
1.010000 60.000000 5.091889458770e-01 2.715787429741e-01 5.770861e-01
1.015000 60.000000 5.114613367610e-01 2.703702880114e-01 5.785264e-01
1.020000 60.000000 5.137246593033e-01 2.691720061563e-01 5.799712e-01
1.025000 60.000000 5.159788951599e-01 2.679837701131e-01 5.814203e-01
1.030000 60.000000 5.182240254523e-01 2.668054537497e-01 5.828733e-01
1.035000 60.000000 5.204600309354e-01 2.656369321218e-01 5.843301e-01
1.040000 60.000000 5.226868921528e-01 2.644780814946e-01 5.857903e-01
1.045000 60.000000 5.249045895802e-01 2.633287793631e-01 5.872537e-01
1.050000 60.000000 5.271131037568e-01 2.621889044704e-01 5.887200e-01
1.055000 60.000000 5.293124154064e-01 2.610583368241e-01 5.901890e-01
1.060000 60.000000 5.315025055484e-01 2.599369577112e-01 5.916605e-01
1.065000 60.000000 5.336833555990e-01 2.588246497112e-01 5.931342e-01
1.070000 60.000000 5.358549474639e-01 2.577212967072e-01 5.946098e-01
1.075000 60.000000 5.380172636228e-01 2.566267838963e-01 5.960871e-01
1.080000 60.000000 5.401702872049e-01 2.555409977978e-01 5.975660e-01
1.085000 60.000000 5.423140020589e-01 2.544638262599e-01 5.990462e-01
1.090000 60.000000 5.444483928146e-01 2.533951584660e-01 6.005274e-01
1.095000 60.000000 5.465734449390e-01 2.523348849387e-01 6.020095e-01
1.100000 60.000000 5.486891447859e-01 2.512828975427e-01 6.034922e-01
