# zline X=10000000 rho=0.6 C(X)=1 mode=h
# sigma t ReF ImF |F|
0.550000 80.000000 2.658141523701e-02 2.137364118282e+00 2.137529e+00
0.555000 80.000000 4.319512172209e-02 2.108379477770e+00 2.108822e+00
0.560000 80.000000 5.942030821296e-02 2.080177578560e+00 2.081026e+00
0.565000 80.000000 7.527100699931e-02 2.052728681020e+00 2.054108e+00
0.570000 80.000000 9.076058620827e-02 2.026004396289e+00 2.028036e+00
0.575000 80.000000 1.059017865080e-01 1.999977615792e+00 2.002779e+00
0.580000 80.000000 1.207067555689e-01 1.974622444847e+00 1.978308e+00
0.585000 80.000000 1.351870804292e-01 1.949914140124e+00 1.954595e+00
0.590000 80.000000 1.493538178995e-01 1.925829050698e+00 1.931612e+00
0.595000 80.000000 1.632175231333e-01 1.902344562489e+00 1.909334e+00
0.600000 80.000000 1.767882764829e-01 1.879439045866e+00 1.887735e+00
0.605000 80.000000 1.900757087489e-01 1.857091806228e+00 1.866794e+00
0.610000 80.000000 2.030890249279e-01 1.835283037375e+00 1.846486e+00
0.615000 80.000000 2.158370265539e-01 1.813993777493e+00 1.826789e+00
0.620000 80.000000 2.283281327231e-01 1.793205867607e+00 1.807684e+00
0.625000 80.000000 2.405703998852e-01 1.772901912334e+00 1.789149e+00
0.630000 80.000000 2.525715404812e-01 1.753065242812e+00 1.771166e+00
0.635000 80.000000 2.643389404982e-01 1.733679881657e+00 1.753716e+00
0.640000 80.000000 2.758796760114e-01 1.714730509849e+00 1.736782e+00
0.645000 80.000000 2.872005287756e-01 1.696202435404e+00 1.720345e+00
0.650000 80.000000 2.983080009268e-01 1.678081563748e+00 1.704390e+00
0.655000 80.000000 3.092083288482e-01 1.660354369674e+00 1.688901e+00
0.660000 80.000000 3.199074962537e-01 1.643007870806e+00 1.673863e+00
0.665000 80.000000 3.304112465366e-01 1.626029602466e+00 1.659260e+00
0.670000 80.000000 3.407250944285e-01 1.609407593867e+00 1.645079e+00
0.675000 80.000000 3.508543370126e-01 1.593130345553e+00 1.631307e+00
0.680000 80.000000 3.608040641281e-01 1.577186808026e+00 1.617930e+00
0.685000 80.000000 3.705791682055e-01 1.561566361461e+00 1.604936e+00
0.690000 80.000000 3.801843535657e-01 1.546258796487e+00 1.592312e+00
0.695000 80.000000 3.896241452160e-01 1.531254295933e+00 1.580046e+00
0.700000 80.000000 3.989028971726e-01 1.516543417510e+00 1.568129e+00
0.705000 80.000000 4.080248003392e-01 1.502117077371e+00 1.556547e+00
0.710000 80.000000 4.169938899668e-01 1.487966534490e+00 1.545292e+00
0.715000 80.000000 4.258140527204e-01 1.474083375821e+00 1.534353e+00
0.720000 80.000000 4.344890333756e-01 1.460459502195e+00 1.523720e+00
0.725000 80.000000 4.430224411663e-01 1.447087114910e+00 1.513384e+00
0.730000 80.000000 4.514177558058e-01 1.433958702974e+00 1.503335e+00
0.735000 80.000000 4.596783331969e-01 1.421067030970e+00 1.493565e+00
0.740000 80.000000 4.678074108527e-01 1.408405127508e+00 1.484065e+00
0.745000 80.000000 4.758081130423e-01 1.395966274230e+00 1.474827e+00
0.750000 80.000000 4.836834556779e-01 1.383743995333e+00 1.465843e+00
0.755000 80.000000 4.914363509581e-01 1.371732047594e+00 1.457106e+00
0.760000 80.000000 4.990696117811e-01 1.359924410863e+00 1.448608e+00
0.765000 80.000000 5.065859559408e-01 1.348315278998e+00 1.440341e+00
0.770000 80.000000 5.139880101174e-01 1.336899051215e+00 1.432300e+00
0.775000 80.000000 5.212783136753e-01 1.325670323852e+00 1.424476e+00
0.780000 80.000000 5.284593222769e-01 1.314623882489e+00 1.416865e+00
0.785000 80.000000 5.355334113246e-01 1.303754694443e+00 1.409458e+00
0.790000 80.000000 5.425028792385e-01 1.293057901594e+00 1.402251e+00
0.795000 80.000000 5.493699505798e-01 1.282528813530e+00 1.395237e+00
0.800000 80.000000 5.561367790281e-01 1.272162901009e+00 1.388412e+00
0.805000 80.000000 5.628054502197e-01 1.261955789695e+00 1.381768e+00
0.810000 80.000000 5.693779844555e-01 1.251903254179e+00 1.375301e+00
0.815000 80.000000 5.758563392839e-01 1.242001212262e+00 1.369006e+00
0.820000 80.000000 5.822424119666e-01 1.232245719481e+00 1.362878e+00
0.825000 80.000000 5.885380418327e-01 1.222632963869e+00 1.356911e+00
0.830000 80.000000 5.947450125269e-01 1.213159260951e+00 1.351102e+00
0.835000 80.000000 6.008650541572e-01 1.203821048940e+00 1.345446e+00
0.840000 80.000000 6.068998453479e-01 1.194614884143e+00 1.339937e+00
0.845000 80.000000 6.128510152013e-01 1.185537436559e+00 1.334573e+00
0.850000 80.000000 6.187201451744e-01 1.176585485659e+00 1.329349e+00
0.855000 80.000000 6.245087708731e-01 1.167755916345e+00 1.324260e+00
0.860000 80.000000 6.302183837699e-01 1.159045715071e+00 1.319304e+00
0.865000 80.000000 6.358504328469e-01 1.150451966129e+00 1.314475e+00
0.870000 80.000000 6.414063261688e-01 1.141971848077e+00 1.309772e+00
0.875000 80.000000 6.468874323900e-01 1.133602630323e+00 1.305189e+00
0.880000 80.000000 6.522950821968e-01 1.125341669839e+00 1.300724e+00
0.885000 80.000000 6.576305696903e-01 1.117186408008e+00 1.296373e+00
0.890000 80.000000 6.628951537111e-01 1.109134367600e+00 1.292134e+00
0.895000 80.000000 6.680900591087e-01 1.101183149863e+00 1.288002e+00
0.900000 80.000000 6.732164779599e-01 1.093330431731e+00 1.283975e+00
0.905000 80.000000 6.782755707356e-01 1.085573963142e+00 1.280050e+00
0.910000 80.000000 6.832684674210e-01 1.077911564461e+00 1.276225e+00
0.915000 80.000000 6.881962685904e-01 1.070341123998e+00 1.272495e+00
0.920000 80.000000 6.930600464382e-01 1.062860595628e+00 1.268860e+00
0.925000 80.000000 6.978608457683e-01 1.055467996499e+00 1.265315e+00
0.930000 80.000000 7.025996849453e-01 1.048161404831e+00 1.261859e+00
0.935000 80.000000 7.072775568056e-01 1.040938957788e+00 1.258489e+00
0.940000 80.000000 7.118954295348e-01 1.033798849448e+00 1.255203e+00
0.945000 80.000000 7.164542475090e-01 1.026739328833e+00 1.251999e+00
0.950000 80.000000 7.209549321037e-01 1.019758698021e+00 1.248873e+00
0.955000 80.000000 7.253983824707e-01 1.012855310329e+00 1.245825e+00
0.960000 80.000000 7.297854762854e-01 1.006027568557e+00 1.242851e+00
0.965000 80.000000 7.341170704646e-01 9.992739233069e-01 1.239950e+00
0.970000 80.000000 7.383940018571e-01 9.925928713523e-01 1.237120e+00
0.975000 80.000000 7.426170879072e-01 9.859829540764e-01 1.234359e+00
0.980000 80.000000 7.467871272933e-01 9.794427559630e-01 1.231665e+00
0.985000 80.000000 7.509049005419e-01 9.729709031432e-01 1.229036e+00
0.990000 80.000000 7.549711706183e-01 9.665660619947e-01 1.226471e+00
0.995000 80.000000 7.589866834954e-01 9.602269377918e-01 1.223968e+00
1.000000 80.000000 7.629521686997e-01 9.539522734042e-01 1.221524e+00
1.005000 80.000000 7.668683398392e-01 9.477408480415e-01 1.219139e+00
1.010000 80.000000 7.707358951086e-01 9.415914760434e-01 1.216811e+00
1.015000 80.000000 7.745555177778e-01 9.355030057122e-01 1.214538e+00
1.020000 80.000000 7.783278766617e-01 9.294743181880e-01 1.212319e+00
1.025000 80.000000 7.820536265718e-01 9.235043263620e-01 1.210152e+00
1.030000 80.000000 7.857334087523e-01 9.175919738289e-01 1.208036e+00
1.035000 80.000000 7.893678512990e-01 9.117362338764e-01 1.205970e+00
1.040000 80.000000 7.929575695635e-01 9.059361085094e-01 1.203953e+00
1.045000 80.000000 7.965031665424e-01 9.001906275089e-01 1.201982e+00
1.050000 80.000000 8.000052332524e-01 8.944988475227e-01 1.200057e+00
1.055000 80.000000 8.034643490912e-01 8.888598511899e-01 1.198176e+00
1.060000 80.000000 8.068810821860e-01 8.832727462923e-01 1.196339e+00
1.065000 80.000000 8.102559897289e-01 8.777366649381e-01 1.194544e+00
1.070000 80.000000 8.135896183004e-01 8.722507627724e-01 1.192791e+00
1.075000 80.000000 8.168825041808e-01 8.668142182152e-01 1.191077e+00
1.080000 80.000000 8.201351736512e-01 8.614262317248e-01 1.189402e+00
1.085000 80.000000 8.233481432826e-01 8.560860250880e-01 1.187765e+00
1.090000 80.000000 8.265219202163e-01 8.507928407326e-01 1.186165e+00
1.095000 80.000000 8.296570024321e-01 8.455459410649e-01 1.184601e+00
1.100000 80.000000 8.327538790087e-01 8.403446078287e-01 1.183071e+00
