# zline X=10000000 rho=0.6 C(X)=1 mode=h
# sigma t ReF ImF |F|
0.550000 90.000000 9.489109848916e-01 1.984279437957e+00 2.199499e+00
0.555000 90.000000 9.861726217197e-01 1.984928740733e+00 2.216411e+00
0.560000 90.000000 1.022075926199e+00 1.984703239473e+00 2.232417e+00
0.565000 90.000000 1.056664724996e+00 1.983647110656e+00 2.247531e+00
0.570000 90.000000 1.089981392833e+00 1.981802696832e+00 2.261770e+00
0.575000 90.000000 1.122066906230e+00 1.979210579983e+00 2.275150e+00
0.580000 90.000000 1.152960894843e+00 1.975909651846e+00 2.287693e+00
0.585000 90.000000 1.182701690547e+00 1.971937181354e+00 2.299417e+00
0.590000 90.000000 1.211326374369e+00 1.967328879297e+00 2.310345e+00
0.595000 90.000000 1.238870821407e+00 1.962118960359e+00 2.320498e+00
0.600000 90.000000 1.265369743821e+00 1.956340202620e+00 2.329899e+00
0.605000 90.000000 1.290856732009e+00 1.950024004655e+00 2.338569e+00
0.610000 90.000000 1.315364294066e+00 1.943200440327e+00 2.346532e+00
0.615000 90.000000 1.338923893602e+00 1.935898311371e+00 2.353810e+00
0.620000 90.000000 1.361565986016e+00 1.928145197872e+00 2.360425e+00
0.625000 90.000000 1.383320053293e+00 1.919967506729e+00 2.366400e+00
0.630000 90.000000 1.404214637405e+00 1.911390518176e+00 2.371757e+00
0.635000 90.000000 1.424277372385e+00 1.902438430462e+00 2.376518e+00
0.640000 90.000000 1.443535015130e+00 1.893134402759e+00 2.380704e+00
0.645000 90.000000 1.462013475008e+00 1.883500596364e+00 2.384336e+00
0.650000 90.000000 1.479737842313e+00 1.873558214287e+00 2.387435e+00
0.655000 90.000000 1.496732415633e+00 1.863327539266e+00 2.390020e+00
0.660000 90.000000 1.513020728176e+00 1.852827970297e+00 2.392113e+00
0.665000 90.000000 1.528625573103e+00 1.842078057728e+00 2.393731e+00
0.670000 90.000000 1.543569027913e+00 1.831095536979e+00 2.394894e+00
0.675000 90.000000 1.557872477928e+00 1.819897360941e+00 2.395620e+00
0.680000 90.000000 1.571556638910e+00 1.808499731109e+00 2.395926e+00
0.685000 90.000000 1.584641578854e+00 1.796918127508e+00 2.395830e+00
0.690000 90.000000 1.597146738995e+00 1.785167337445e+00 2.395350e+00
0.695000 90.000000 1.609090954054e+00 1.773261483147e+00 2.394500e+00
0.700000 90.000000 1.620492471766e+00 1.761214048325e+00 2.393297e+00
0.705000 90.000000 1.631368971717e+00 1.749037903702e+00 2.391756e+00
0.710000 90.000000 1.641737583511e+00 1.736745331560e+00 2.389893e+00
0.715000 90.000000 1.651614904313e+00 1.724348049325e+00 2.387720e+00
0.720000 90.000000 1.661017015771e+00 1.711857232248e+00 2.385253e+00
0.725000 90.000000 1.669959500362e+00 1.699283535197e+00 2.382505e+00
0.730000 90.000000 1.678457457176e+00 1.686637113619e+00 2.379488e+00
0.735000 90.000000 1.686525517155e+00 1.673927643677e+00 2.376216e+00
0.740000 90.000000 1.694177857827e+00 1.661164341621e+00 2.372700e+00
0.745000 90.000000 1.701428217531e+00 1.648355982399e+00 2.368952e+00
0.750000 90.000000 1.708289909172e+00 1.635510917560e+00 2.364984e+00
0.755000 90.000000 1.714775833514e+00 1.622637092453e+00 2.360806e+00
0.760000 90.000000 1.720898492035e+00 1.609742062771e+00 2.356430e+00
0.765000 90.000000 1.726669999350e+00 1.596833010448e+00 2.351864e+00
0.770000 90.000000 1.732102095232e+00 1.583916758949e+00 2.347120e+00
0.775000 90.000000 1.737206156234e+00 1.570999787960e+00 2.342205e+00
0.780000 90.000000 1.741993206940e+00 1.558088247517e+00 2.337131e+00
0.785000 90.000000 1.746473930838e+00 1.545187971584e+00 2.331904e+00
0.790000 90.000000 1.750658680852e+00 1.532304491108e+00 2.326535e+00
0.795000 90.000000 1.754557489529e+00 1.519443046564e+00 2.321030e+00
0.800000 90.000000 1.758180078899e+00 1.506608600023e+00 2.315398e+00
0.805000 90.000000 1.761535870025e+00 1.493805846738e+00 2.309646e+00
0.810000 90.000000 1.764633992236e+00 1.481039226294e+00 2.303782e+00
0.815000 90.000000 1.767483292082e+00 1.468312933317e+00 2.297812e+00
0.820000 90.000000 1.770092341992e+00 1.455630927771e+00 2.291744e+00
0.825000 90.000000 1.772469448665e+00 1.442996944848e+00 2.285583e+00
0.830000 90.000000 1.774622661195e+00 1.430414504483e+00 2.279336e+00
0.835000 90.000000 1.776559778941e+00 1.417886920492e+00 2.273009e+00
0.840000 90.000000 1.778288359151e+00 1.405417309351e+00 2.266607e+00
0.845000 90.000000 1.779815724342e+00 1.393008598638e+00 2.260136e+00
0.850000 90.000000 1.781148969460e+00 1.380663535142e+00 2.253602e+00
0.855000 90.000000 1.782294968805e+00 1.368384692656e+00 2.247010e+00
0.860000 90.000000 1.783260382754e+00 1.356174479465e+00 2.240363e+00
0.865000 90.000000 1.784051664263e+00 1.344035145536e+00 2.233668e+00
0.870000 90.000000 1.784675065176e+00 1.331968789430e+00 2.226927e+00
0.875000 90.000000 1.785136642338e+00 1.319977364942e+00 2.220147e+00
0.880000 90.000000 1.785442263516e+00 1.308062687477e+00 2.213331e+00
0.885000 90.000000 1.785597613140e+00 1.296226440176e+00 2.206482e+00
0.890000 90.000000 1.785608197872e+00 1.284470179802e+00 2.199605e+00
0.895000 90.000000 1.785479351996e+00 1.272795342383e+00 2.192703e+00
0.900000 90.000000 1.785216242648e+00 1.261203248649e+00 2.185779e+00
0.905000 90.000000 1.784823874886e+00 1.249695109237e+00 2.178838e+00
0.910000 90.000000 1.784307096604e+00 1.238272029696e+00 2.171882e+00
0.915000 90.000000 1.783670603296e+00 1.226935015292e+00 2.164913e+00
0.920000 90.000000 1.782918942677e+00 1.215684975620e+00 2.157936e+00
0.925000 90.000000 1.782056519160e+00 1.204522729034e+00 2.150953e+00
0.930000 90.000000 1.781087598197e+00 1.193449006898e+00 2.143967e+00
0.935000 90.000000 1.780016310495e+00 1.182464457662e+00 2.136979e+00
0.940000 90.000000 1.778846656095e+00 1.171569650783e+00 2.129993e+00
0.945000 90.000000 1.777582508334e+00 1.160765080479e+00 2.123011e+00
0.950000 90.000000 1.776227617683e+00 1.150051169337e+00 2.116035e+00
0.955000 90.000000 1.774785615469e+00 1.139428271774e+00 2.109066e+00
0.960000 90.000000 1.773260017490e+00 1.128896677354e+00 2.102108e+00
0.965000 90.000000 1.771654227514e+00 1.118456613972e+00 2.095162e+00
0.970000 90.000000 1.769971540677e+00 1.108108250911e+00 2.088230e+00
0.975000 90.000000 1.768215146775e+00 1.097851701771e+00 2.081313e+00
0.980000 90.000000 1.766388133458e+00 1.087687027275e+00 2.074413e+00
0.985000 90.000000 1.764493489332e+00 1.077614237967e+00 2.067532e+00
0.990000 90.000000 1.762534106961e+00 1.067633296791e+00 2.060672e+00
0.995000 90.000000 1.760512785783e+00 1.057744121569e+00 2.053832e+00
1.000000 90.000000 1.758432234936e+00 1.047946587373e+00 2.047016e+00
1.005000 90.000000 1.756295076001e+00 1.038240528801e+00 2.040224e+00
1.010000 90.000000 1.754103845661e+00 1.028625742153e+00 2.033458e+00
1.015000 90.000000 1.751860998281e+00 1.019101987522e+00 2.026718e+00
1.020000 90.000000 1.749568908411e+00 1.009668990794e+00 2.020006e+00
1.025000 90.000000 1.747229873214e+00 1.000326445562e+00 2.013322e+00
1.030000 90.000000 1.744846114817e+00 9.910740149636e-01 2.006668e+00
1.035000 90.000000 1.742419782599e+00 9.819113334375e-01 2.000044e+00
1.040000 90.000000 1.739952955403e+00 9.728380084043e-01 1.993452e+00
1.045000 90.000000 1.737447643688e+00 9.638536218780e-01 1.986892e+00
1.050000 90.000000 1.734905791611e+00 9.549577320076e-01 1.980364e+00
1.055000 90.000000 1.732329279051e+00 9.461498745499e-01 1.973870e+00
1.060000 90.000000 1.729719923571e+00 9.374295642822e-01 1.967411e+00
1.065000 90.000000 1.727079482316e+00 9.287962963512e-01 1.960986e+00
1.070000 90.000000 1.724409653865e+00 9.202495475633e-01 1.954597e+00
1.075000 90.000000 1.721712080019e+00 9.117887776190e-01 1.948243e+00
1.080000 90.000000 1.718988347536e+00 9.034134302922e-01 1.941926e+00
1.085000 90.000000 1.716239989820e+00 8.951229345578e-01 1.935646e+00
1.090000 90.000000 1.713468488552e+00 8.869167056685e-01 1.929403e+00
1.095000 90.000000 1.710675275277e+00 8.787941461843e-01 1.923198e+00
1.100000 90.000000 1.707861732942e+00 8.707546469547e-01 1.917030e+00
