# zline X=10000000 rho=0.6 C(X)=1 mode=h
# sigma t ReF ImF |F|
0.550000 30.000000 -1.795666050867e-01 -1.410411688091e+00 1.421797e+00
0.555000 30.000000 -1.653047715111e-01 -1.385277007072e+00 1.395105e+00
0.560000 30.000000 -1.513204635567e-01 -1.360974967320e+00 1.369361e+00
0.565000 30.000000 -1.376058774823e-01 -1.337473120752e+00 1.344533e+00
0.570000 30.000000 -1.241534976961e-01 -1.314740324678e+00 1.320589e+00
0.575000 30.000000 -1.109560834097e-01 -1.292746689489e+00 1.297500e+00
0.580000 30.000000 -9.800665605011e-02 -1.271463528371e+00 1.275235e+00
0.585000 30.000000 -8.529848737764e-02 -1.250863308987e+00 1.253768e+00
0.590000 30.000000 -7.282508826440e-02 -1.230919607052e+00 1.233072e+00
0.595000 30.000000 -6.058019808867e-02 -1.211607061728e+00 1.213121e+00
0.600000 30.000000 -4.855777470555e-02 -1.192901332771e+00 1.193889e+00
0.605000 30.000000 -3.675198495698e-02 -1.174779059376e+00 1.175354e+00
0.610000 30.000000 -2.515719568593e-02 -1.157217820639e+00 1.157491e+00
0.615000 30.000000 -1.376796522324e-02 -1.140196097596e+00 1.140279e+00
0.620000 30.000000 -2.579035317165e-03 -1.123693236760e+00 1.123696e+00
0.625000 30.000000 8.414676521750e-03 -1.107689415117e+00 1.107721e+00
0.630000 30.000000 1.921808428639e-02 -1.092165606507e+00 1.092335e+00
0.635000 30.000000 2.983594037285e-02 -1.077103549360e+00 1.077517e+00
0.640000 30.000000 4.027284213667e-02 -1.062485715709e+00 1.063249e+00
0.645000 30.000000 5.053323812594e-02 -1.048295281456e+00 1.049513e+00
0.650000 30.000000 6.062143401056e-02 -1.034516097825e+00 1.036291e+00
0.655000 30.000000 7.054159822539e-02 -1.021132663961e+00 1.023566e+00
0.660000 30.000000 8.029776734393e-02 -1.008130100636e+00 1.011323e+00
0.665000 30.000000 8.989385119815e-02 -9.954941250102e-01 9.995446e-01
0.670000 30.000000 9.933363775866e-02 -9.832110264136e-01 9.882161e-01
0.675000 30.000000 1.086207977889e-01 -9.712676431033e-01 9.773225e-01
0.680000 30.000000 1.177588892862e-01 -9.596513399649e-01 9.668494e-01
0.685000 30.000000 1.267513617204e-01 -9.483499871101e-01 9.567829e-01
0.690000 30.000000 1.356015600826e-01 -9.373519393461e-01 9.471095e-01
0.695000 30.000000 1.443127287535e-01 -9.266460164751e-01 9.378161e-01
0.700000 30.000000 1.528880152000e-01 -9.162214843932e-01 9.288900e-01
0.705000 30.000000 1.613304735114e-01 -9.060680369579e-01 9.203189e-01
0.710000 30.000000 1.696430677813e-01 -8.961757785922e-01 9.120909e-01
0.715000 30.000000 1.778286753447e-01 -8.865352075941e-01 9.041945e-01
0.720000 30.000000 1.858900898772e-01 -8.771372001292e-01 8.966185e-01
0.725000 30.000000 1.938300243628e-01 -8.679729948706e-01 8.893521e-01
0.730000 30.000000 2.016511139376e-01 -8.590341782678e-01 8.823848e-01
0.735000 30.000000 2.093559186156e-01 -8.503126704159e-01 8.757063e-01
0.740000 30.000000 2.169469259019e-01 -8.418007114976e-01 8.693069e-01
0.745000 30.000000 2.244265532985e-01 -8.334908487834e-01 8.631768e-01
0.750000 30.000000 2.317971507092e-01 -8.253759241574e-01 8.573070e-01
0.755000 30.000000 2.390610027474e-01 -8.174490621562e-01 8.516884e-01
0.760000 30.000000 2.462203309504e-01 -8.097036584948e-01 8.463123e-01
0.765000 30.000000 2.532772959076e-01 -8.021333690593e-01 8.411702e-01
0.770000 30.000000 2.602339993034e-01 -7.947320993531e-01 8.362541e-01
0.775000 30.000000 2.670924858803e-01 -7.874939943717e-01 8.315559e-01
0.780000 30.000000 2.738547453261e-01 -7.804134288918e-01 8.270680e-01
0.785000 30.000000 2.805227140871e-01 -7.734849981583e-01 8.227831e-01
0.790000 30.000000 2.870982771129e-01 -7.667035089509e-01 8.186939e-01
0.795000 30.000000 2.935832695335e-01 -7.600639710171e-01 8.147935e-01
0.800000 30.000000 2.999794782734e-01 -7.535615888550e-01 8.110751e-01
0.805000 30.000000 3.062886436041e-01 -7.471917538315e-01 8.075322e-01
0.810000 30.000000 3.125124606393e-01 -7.409500366239e-01 8.041586e-01
0.815000 30.000000 3.186525807733e-01 -7.348321799699e-01 8.009481e-01
0.820000 30.000000 3.247106130672e-01 -7.288340917150e-01 7.978948e-01
0.825000 30.000000 3.306881255826e-01 -7.229518381430e-01 7.949931e-01
0.830000 30.000000 3.365866466678e-01 -7.171816375786e-01 7.922374e-01
0.835000 30.000000 3.424076661957e-01 -7.115198542554e-01 7.896224e-01
0.840000 30.000000 3.481526367579e-01 -7.059629924295e-01 7.871429e-01
0.845000 30.000000 3.538229748150e-01 -7.005076907368e-01 7.847941e-01
0.850000 30.000000 3.594200618058e-01 -6.951507167807e-01 7.825710e-01
0.855000 30.000000 3.649452452166e-01 -6.898889619390e-01 7.804690e-01
0.860000 30.000000 3.703998396129e-01 -6.847194363866e-01 7.784836e-01
0.865000 30.000000 3.757851276342e-01 -6.796392643168e-01 7.766106e-01
0.870000 30.000000 3.811023609538e-01 -6.746456793617e-01 7.748457e-01
0.875000 30.000000 3.863527612051e-01 -6.697360201984e-01 7.731848e-01
0.880000 30.000000 3.915375208749e-01 -6.649077263323e-01 7.716242e-01
0.885000 30.000000 3.966578041674e-01 -6.601583340568e-01 7.701600e-01
0.890000 30.000000 4.017147478355e-01 -6.554854725737e-01 7.687886e-01
0.895000 30.000000 4.067094619865e-01 -6.508868602741e-01 7.675065e-01
0.900000 30.000000 4.116430308579e-01 -6.463603011700e-01 7.663104e-01
0.905000 30.000000 4.165165135678e-01 -6.419036814723e-01 7.651969e-01
0.910000 30.000000 4.213309448397e-01 -6.375149663070e-01 7.641630e-01
0.915000 30.000000 4.260873357022e-01 -6.331921965660e-01 7.632056e-01
0.920000 30.000000 4.307866741664e-01 -6.289334858859e-01 7.623218e-01
0.925000 30.000000 4.354299258789e-01 -6.247370177490e-01 7.615087e-01
0.930000 30.000000 4.400180347544e-01 -6.206010427043e-01 7.607638e-01
0.935000 30.000000 4.445519235862e-01 -6.165238756989e-01 7.600843e-01
0.940000 30.000000 4.490324946378e-01 -6.125038935198e-01 7.594677e-01
0.945000 30.000000 4.534606302135e-01 -6.085395323385e-01 7.589117e-01
0.950000 30.000000 4.578371932111e-01 -6.046292853566e-01 7.584138e-01
0.955000 30.000000 4.621630276568e-01 -6.007717005452e-01 7.579718e-01
0.960000 30.000000 4.664389592218e-01 -5.969653784780e-01 7.575836e-01
0.965000 30.000000 4.706657957229e-01 -5.932089702511e-01 7.572471e-01
0.970000 30.000000 4.748443276066e-01 -5.895011754866e-01 7.569602e-01
0.975000 30.000000 4.789753284180e-01 -5.858407404191e-01 7.567210e-01
0.980000 30.000000 4.830595552545e-01 -5.822264560578e-01 7.565277e-01
0.985000 30.000000 4.870977492040e-01 -5.786571564240e-01 7.563784e-01
0.990000 30.000000 4.910906357716e-01 -5.751317168591e-01 7.562714e-01
0.995000 30.000000 4.950389252908e-01 -5.716490524029e-01 7.562051e-01
1.000000 30.000000 4.989433133220e-01 -5.682081162346e-01 7.561778e-01
1.005000 30.000000 5.028044810394e-01 -5.648078981795e-01 7.561880e-01
1.010000 30.000000 5.066230956054e-01 -5.614474232744e-01 7.562342e-01
1.015000 30.000000 5.103998105326e-01 -5.581257503912e-01 7.563150e-01
1.020000 30.000000 5.141352660365e-01 -5.548419709165e-01 7.564289e-01
1.025000 30.000000 5.178300893749e-01 -5.515952074845e-01 7.565747e-01
1.030000 30.000000 5.214848951793e-01 -5.483846127598e-01 7.567511e-01
1.035000 30.000000 5.251002857742e-01 -5.452093682706e-01 7.569568e-01
1.040000 30.000000 5.286768514880e-01 -5.420686832882e-01 7.571906e-01
1.045000 30.000000 5.322151709540e-01 -5.389617937517e-01 7.574515e-01
1.050000 30.000000 5.357158114021e-01 -5.358879612356e-01 7.577383e-01
1.055000 30.000000 5.391793289426e-01 -5.328464719599e-01 7.580499e-01
1.060000 30.000000 5.426062688407e-01 -5.298366358390e-01 7.583854e-01
1.065000 30.000000 5.459971657830e-01 -5.268577855684e-01 7.587437e-01
1.070000 30.000000 5.493525441360e-01 -5.239092757498e-01 7.591239e-01
1.075000 30.000000 5.526729181982e-01 -5.209904820492e-01 7.595251e-01
1.080000 30.000000 5.559587924429e-01 -5.181008003906e-01 7.599465e-01
1.085000 30.000000 5.592106617552e-01 -5.152396461801e-01 7.603870e-01
1.090000 30.000000 5.624290116616e-01 -5.124064535627e-01 7.608461e-01
1.095000 30.000000 5.656143185534e-01 -5.096006747081e-01 7.613228e-01
1.100000 30.000000 5.687670499036e-01 -5.068217791246e-01 7.618164e-01
