# zline X=10000000 rho=0.6 C(X)=1 mode=h
# sigma t ReF ImF |F|
0.550000 50.000000 6.018215220549e-02 1.192719663983e-01 1.335953e-01
0.555000 50.000000 6.819506875261e-02 1.120317871534e-01 1.311552e-01
0.560000 50.000000 7.609728002982e-02 1.051502273231e-01 1.297974e-01
0.565000 50.000000 8.388897721100e-02 9.861015812802e-02 1.294655e-01
0.570000 50.000000 9.157052412845e-02 9.239527184295e-02 1.300848e-01
0.575000 50.000000 9.914244038684e-02 8.649004158312e-02 1.315665e-01
0.580000 50.000000 1.066053857689e-01 8.087968314434e-02 1.338142e-01
0.585000 50.000000 1.139601458398e-01 7.555011878524e-02 1.367287e-01
0.590000 50.000000 1.212076186660e-01 7.048794284669e-02 1.402135e-01
0.595000 50.000000 1.283488025667e-01 6.568038910958e-02 1.441781e-01
0.600000 50.000000 1.353847848263e-01 6.111529979685e-02 1.485400e-01
0.605000 50.000000 1.423167312969e-01 5.678109613352e-02 1.532258e-01
0.610000 50.000000 1.491458768283e-01 5.266675038029e-02 1.581717e-01
0.615000 50.000000 1.558735164639e-01 4.876175926362e-02 1.633226e-01
0.620000 50.000000 1.625009973501e-01 4.505611872830e-02 1.686316e-01
0.625000 50.000000 1.690297113047e-01 4.154029994374e-02 1.740593e-01
0.630000 50.000000 1.754610879977e-01 3.820522649693e-02 1.795724e-01
0.635000 50.000000 1.817965887007e-01 3.504225271214e-02 1.851431e-01
0.640000 50.000000 1.880377005614e-01 3.204314303771e-02 1.907484e-01
0.645000 50.000000 1.941859313671e-01 2.920005244465e-02 1.963691e-01
0.650000 50.000000 2.002428047595e-01 2.650550778641e-02 2.019894e-01
0.655000 50.000000 2.062098558682e-01 2.395239006823e-02 2.075963e-01
0.660000 50.000000 2.120886273324e-01 2.153391758246e-02 2.131790e-01
0.665000 50.000000 2.178806656807e-01 1.924362986276e-02 2.187288e-01
0.670000 50.000000 2.235875180445e-01 1.707537241785e-02 2.242386e-01
0.675000 50.000000 2.292107291770e-01 1.502328220497e-02 2.297025e-01
0.680000 50.000000 2.347518387576e-01 1.308177380425e-02 2.351161e-01
0.685000 50.000000 2.402123789592e-01 1.124552626167e-02 2.404755e-01
0.690000 50.000000 2.455938722569e-01 9.509470563958e-03 2.457779e-01
0.695000 50.000000 2.508978294623e-01 7.868777716320e-03 2.510212e-01
0.700000 50.000000 2.561257479645e-01 6.318847391824e-03 2.562037e-01
0.705000 50.000000 2.612791101613e-01 4.855297124606e-03 2.613242e-01
0.710000 50.000000 2.663593820675e-01 3.473952019431e-03 2.663820e-01
0.715000 50.000000 2.713680120847e-01 2.170834952609e-03 2.713767e-01
0.720000 50.000000 2.763064299212e-01 9.421572404073e-04 2.763080e-01
0.725000 50.000000 2.811760456491e-01 -2.156902488736e-04 2.811761e-01
0.730000 50.000000 2.859782488875e-01 -1.306145560168e-03 2.859812e-01
0.735000 50.000000 2.907144081029e-01 -2.332483715039e-03 2.907238e-01
0.740000 50.000000 2.953858700156e-01 -3.297824392762e-03 2.954043e-01
0.745000 50.000000 2.999939591039e-01 -4.205139247547e-03 3.000234e-01
0.750000 50.000000 3.045399771984e-01 -5.057258880034e-03 3.045820e-01
0.755000 50.000000 3.090252031581e-01 -5.856879479017e-03 3.090807e-01
0.760000 50.000000 3.134508926216e-01 -6.606569149659e-03 3.135205e-01
0.765000 50.000000 3.178182778267e-01 -7.308773943513e-03 3.179023e-01
0.770000 50.000000 3.221285674927e-01 -7.965823604219e-03 3.222270e-01
0.775000 50.000000 3.263829467590e-01 -8.579937042843e-03 3.264957e-01
0.780000 50.000000 3.305825771763e-01 -9.153227555700e-03 3.307093e-01
0.785000 50.000000 3.347285967432e-01 -9.687707796624e-03 3.348688e-01
0.790000 50.000000 3.388221199864e-01 -1.018529451588e-02 3.389752e-01
0.795000 50.000000 3.428642380793e-01 -1.064781307698e-02 3.430295e-01
0.800000 50.000000 3.468560189933e-01 -1.107700176071e-02 3.470328e-01
0.805000 50.000000 3.507985076827e-01 -1.147451586834e-02 3.509861e-01
0.810000 50.000000 3.546927262949e-01 -1.184193163178e-02 3.548904e-01
0.815000 50.000000 3.585396744065e-01 -1.218074994085e-02 3.587465e-01
0.820000 50.000000 3.623403292819e-01 -1.249239989589e-02 3.625556e-01
0.825000 50.000000 3.660956461494e-01 -1.277824219441e-02 3.663186e-01
0.830000 50.000000 3.698065584965e-01 -1.303957235883e-02 3.700364e-01
0.835000 50.000000 3.734739783784e-01 -1.327762381324e-02 3.737099e-01
0.840000 50.000000 3.770987967406e-01 -1.349357081650e-02 3.773401e-01
0.845000 50.000000 3.806818837517e-01 -1.368853125801e-02 3.809279e-01
0.850000 50.000000 3.842240891463e-01 -1.386356932256e-02 3.844741e-01
0.855000 50.000000 3.877262425748e-01 -1.401969803081e-02 3.879796e-01
0.860000 50.000000 3.911891539607e-01 -1.415788166103e-02 3.914453e-01
0.865000 50.000000 3.946136138623e-01 -1.427903805722e-02 3.948719e-01
0.870000 50.000000 3.980003938385e-01 -1.438404082973e-02 3.982602e-01
0.875000 50.000000 4.013502468178e-01 -1.447372145267e-02 4.016111e-01
0.880000 50.000000 4.046639074684e-01 -1.454887126330e-02 4.049254e-01
0.885000 50.000000 4.079420925702e-01 -1.461024336782e-02 4.082036e-01
0.890000 50.000000 4.111855013865e-01 -1.465855445846e-02 4.114467e-01
0.895000 50.000000 4.143948160346e-01 -1.469448654462e-02 4.146553e-01
0.900000 50.000000 4.175707018563e-01 -1.471868860362e-02 4.178300e-01
0.905000 50.000000 4.207138077858e-01 -1.473177815425e-02 4.209717e-01
0.910000 50.000000 4.238247667146e-01 -1.473434275598e-02 4.240808e-01
0.915000 50.000000 4.269041958552e-01 -1.472694143872e-02 4.271581e-01
0.920000 50.000000 4.299526970994e-01 -1.471010606454e-02 4.302043e-01
0.925000 50.000000 4.329708573749e-01 -1.468434262658e-02 4.332198e-01
0.930000 50.000000 4.359592489959e-01 -1.465013248609e-02 4.362053e-01
0.935000 50.000000 4.389184300110e-01 -1.460793355235e-02 4.391615e-01
0.940000 50.000000 4.418489445446e-01 -1.455818140587e-02 4.420887e-01
0.945000 50.000000 4.447513231355e-01 -1.450129037000e-02 4.449877e-01
0.950000 50.000000 4.476260830687e-01 -1.443765453154e-02 4.478589e-01
0.955000 50.000000 4.504737287024e-01 -1.436764871347e-02 4.507028e-01
0.960000 50.000000 4.532947517901e-01 -1.429162940159e-02 4.535200e-01
0.965000 50.000000 4.560896317963e-01 -1.420993562792e-02 4.563109e-01
0.970000 50.000000 4.588588362071e-01 -1.412288981209e-02 4.590761e-01
0.975000 50.000000 4.616028208350e-01 -1.403079856306e-02 4.618160e-01
0.980000 50.000000 4.643220301172e-01 -1.393395344310e-02 4.645311e-01
0.985000 50.000000 4.670168974093e-01 -1.383263169552e-02 4.672217e-01
0.990000 50.000000 4.696878452716e-01 -1.372709693801e-02 4.698884e-01
0.995000 50.000000 4.723352857510e-01 -1.361759982309e-02 4.725315e-01
1.000000 50.000000 4.749596206559e-01 -1.350437866712e-02 4.751516e-01
1.005000 50.000000 4.775612418251e-01 -1.338766004980e-02 4.777489e-01
1.010000 50.000000 4.801405313921e-01 -1.326765938476e-02 4.803238e-01
1.015000 50.000000 4.826978620419e-01 -1.314458146349e-02 4.828768e-01
1.020000 50.000000 4.852335972636e-01 -1.301862097275e-02 4.854082e-01
1.025000 50.000000 4.877480915951e-01 -1.288996298790e-02 4.879184e-01
1.030000 50.000000 4.902416908645e-01 -1.275878344231e-02 4.904077e-01
1.035000 50.000000 4.927147324244e-01 -1.262524957475e-02 4.928765e-01
1.040000 50.000000 4.951675453805e-01 -1.248952035453e-02 4.953250e-01
1.045000 50.000000 4.976004508151e-01 -1.235174688753e-02 4.977537e-01
1.050000 50.000000 5.000137620057e-01 -1.221207280174e-02 5.001629e-01
1.055000 50.000000 5.024077846367e-01 -1.207063461435e-02 5.025528e-01
1.060000 50.000000 5.047828170072e-01 -1.192756208215e-02 5.049237e-01
1.065000 50.000000 5.071391502330e-01 -1.178297853385e-02 5.072760e-01
1.070000 50.000000 5.094770684437e-01 -1.163700118701e-02 5.096100e-01
1.075000 50.000000 5.117968489742e-01 -1.148974144976e-02 5.119258e-01
1.080000 50.000000 5.140987625519e-01 -1.134130520755e-02 5.142238e-01
1.085000 50.000000 5.163830734785e-01 -1.119179309626e-02 5.165043e-01
1.090000 50.000000 5.186500398081e-01 -1.104130076203e-02 5.187676e-01
1.095000 50.000000 5.208999135187e-01 -1.088991910857e-02 5.210137e-01
1.100000 50.000000 5.231329406811e-01 -1.073773453211e-02 5.232431e-01
