# zline X=10000000 rho=0.6 C(X)=1 mode=h
# sigma t ReF ImF |F|
0.550000 70.000000 -8.991002128878e-02 1.019103513982e+00 1.023062e+00
0.555000 70.000000 -7.914944120953e-02 1.009151219330e+00 1.012250e+00
0.560000 70.000000 -6.860245220432e-02 9.994770272419e-01 1.001829e+00
0.565000 70.000000 -5.825910442166e-02 9.900696738948e-01 9.917823e-01
0.570000 70.000000 -4.811005827882e-02 9.809183750454e-01 9.820975e-01
0.575000 70.000000 -3.814654647767e-02 9.720128060338e-01 9.727610e-01
0.580000 70.000000 -2.836033832869e-02 9.633430825347e-01 9.637604e-01
0.585000 70.000000 -1.874370624530e-02 9.548997420354e-01 9.550837e-01
0.590000 70.000000 -9.289394280872e-03 9.466737260235e-01 9.467193e-01
0.595000 70.000000 9.411413997823e-06 9.386563628657e-01 9.386564e-01
0.600000 70.000000 9.159110325892e-03 9.308393513589e-01 9.308844e-01
0.605000 70.000000 1.816571361521e-02 9.232147449330e-01 9.233934e-01
0.610000 70.000000 2.703486855434e-02 9.157749364876e-01 9.161739e-01
0.615000 70.000000 3.577188146298e-02 9.085126438414e-01 9.092166e-01
0.620000 70.000000 4.438173923176e-02 9.014208957739e-01 9.025128e-01
0.625000 70.000000 5.286912951767e-02 8.944930186424e-01 8.960541e-01
0.630000 70.000000 6.123845969116e-02 8.877226235517e-01 8.898323e-01
0.635000 70.000000 6.949387461085e-02 8.811035940583e-01 8.838399e-01
0.640000 70.000000 7.763927329534e-02 8.746300743907e-01 8.780693e-01
0.645000 70.000000 8.567832455915e-02 8.682964581658e-01 8.725133e-01
0.650000 70.000000 9.361448167648e-02 8.620973775845e-01 8.671652e-01
0.655000 70.000000 1.014509961291e-01 8.560276930854e-01 8.620184e-01
0.660000 70.000000 1.091909304966e-01 8.500824834428e-01 8.570664e-01
0.665000 70.000000 1.168371705398e-01 8.442570362898e-01 8.523033e-01
0.670000 70.000000 1.243924365258e-01 8.385468390496e-01 8.477230e-01
0.675000 70.000000 1.318592938424e-01 8.329475702579e-01 8.433199e-01
0.680000 70.000000 1.392401629444e-01 8.274550912644e-01 8.390886e-01
0.685000 70.000000 1.465373286726e-01 8.220654382927e-01 8.350238e-01
0.690000 70.000000 1.537529489834e-01 8.167748148489e-01 8.311204e-01
0.695000 70.000000 1.608890631275e-01 8.115795844590e-01 8.273734e-01
0.700000 70.000000 1.679475993079e-01 8.064762637285e-01 8.237781e-01
0.705000 70.000000 1.749303818528e-01 8.014615157027e-01 8.203299e-01
0.710000 70.000000 1.818391379304e-01 7.965321435209e-01 8.170244e-01
0.715000 70.000000 1.886755038364e-01 7.916850843496e-01 8.138573e-01
0.720000 70.000000 1.954410308786e-01 7.869174035818e-01 8.108244e-01
0.725000 70.000000 2.021371908852e-01 7.822262892942e-01 8.079217e-01
0.730000 70.000000 2.087653813583e-01 7.776090469471e-01 8.051452e-01
0.735000 70.000000 2.153269302969e-01 7.730630943186e-01 8.024913e-01
0.740000 70.000000 2.218231007081e-01 7.685859566635e-01 7.999562e-01
0.745000 70.000000 2.282550948272e-01 7.641752620849e-01 7.975363e-01
0.750000 70.000000 2.346240580640e-01 7.598287371110e-01 7.952284e-01
0.755000 70.000000 2.409310826932e-01 7.555442024676e-01 7.930289e-01
0.760000 70.000000 2.471772113046e-01 7.513195690355e-01 7.909347e-01
0.765000 70.000000 2.533634400277e-01 7.471528339889e-01 7.889426e-01
0.770000 70.000000 2.594907215469e-01 7.430420771021e-01 7.870495e-01
0.775000 70.000000 2.655599679171e-01 7.389854572199e-01 7.852526e-01
0.780000 70.000000 2.715720531959e-01 7.349812088845e-01 7.835488e-01
0.785000 70.000000 2.775278159020e-01 7.310276391083e-01 7.819355e-01
0.790000 70.000000 2.834280613106e-01 7.271231242916e-01 7.804098e-01
0.795000 70.000000 2.892735635984e-01 7.232661072733e-01 7.789692e-01
0.800000 70.000000 2.950650678440e-01 7.194550945129e-01 7.776111e-01
0.805000 70.000000 3.008032918976e-01 7.156886533947e-01 7.763330e-01
0.810000 70.000000 3.064889281244e-01 7.119654096507e-01 7.751324e-01
0.815000 70.000000 3.121226450318e-01 7.082840448957e-01 7.740070e-01
0.820000 70.000000 3.177050887876e-01 7.046432942704e-01 7.729545e-01
0.825000 70.000000 3.232368846359e-01 7.010419441869e-01 7.719727e-01
0.830000 70.000000 3.287186382178e-01 6.974788301723e-01 7.710594e-01
0.835000 70.000000 3.341509368025e-01 6.939528348061e-01 7.702126e-01
0.840000 70.000000 3.395343504346e-01 6.904628857468e-01 7.694300e-01
0.845000 70.000000 3.448694330044e-01 6.870079538442e-01 7.687099e-01
0.850000 70.000000 3.501567232440e-01 6.835870513331e-01 7.680501e-01
0.855000 70.000000 3.553967456561e-01 6.801992301042e-01 7.674489e-01
0.860000 70.000000 3.605900113783e-01 6.768435800508e-01 7.669044e-01
0.865000 70.000000 3.657370189891e-01 6.735192274852e-01 7.664148e-01
0.870000 70.000000 3.708382552566e-01 6.702253336238e-01 7.659785e-01
0.875000 70.000000 3.758941958369e-01 6.669610931363e-01 7.655936e-01
0.880000 70.000000 3.809053059232e-01 6.637257327572e-01 7.652586e-01
0.885000 70.000000 3.858720408497e-01 6.605185099571e-01 7.649719e-01
0.890000 70.000000 3.907948466537e-01 6.573387116681e-01 7.647318e-01
0.895000 70.000000 3.956741605978e-01 6.541856530672e-01 7.645371e-01
0.900000 70.000000 4.005104116555e-01 6.510586764068e-01 7.643860e-01
0.905000 70.000000 4.053040209632e-01 6.479571498979e-01 7.642773e-01
0.910000 70.000000 4.100554022391e-01 6.448804666385e-01 7.642096e-01
0.915000 70.000000 4.147649621734e-01 6.418280435883e-01 7.641814e-01
0.920000 70.000000 4.194331007899e-01 6.387993205853e-01 7.641915e-01
0.925000 70.000000 4.240602117827e-01 6.357937594042e-01 7.642387e-01
0.930000 70.000000 4.286466828278e-01 6.328108428541e-01 7.643216e-01
0.935000 70.000000 4.331928958732e-01 6.298500739140e-01 7.644391e-01
0.940000 70.000000 4.376992274074e-01 6.269109749036e-01 7.645901e-01
0.945000 70.000000 4.421660487091e-01 6.239930866886e-01 7.647733e-01
0.950000 70.000000 4.465937260784e-01 6.210959679207e-01 7.649877e-01
0.955000 70.000000 4.509826210518e-01 6.182191943062e-01 7.652322e-01
0.960000 70.000000 4.553330906005e-01 6.153623579069e-01 7.655058e-01
0.965000 70.000000 4.596454873155e-01 6.125250664688e-01 7.658074e-01
0.970000 70.000000 4.639201595786e-01 6.097069427791e-01 7.661361e-01
0.975000 70.000000 4.681574517205e-01 6.069076240488e-01 7.664909e-01
0.980000 70.000000 4.723577041682e-01 6.041267613215e-01 7.668709e-01
0.985000 70.000000 4.765212535807e-01 6.013640189056e-01 7.672752e-01
0.990000 70.000000 4.806484329755e-01 5.986190738305e-01 7.677029e-01
0.995000 70.000000 4.847395718456e-01 5.958916153230e-01 7.681532e-01
1.000000 70.000000 4.887949962672e-01 5.931813443087e-01 7.686252e-01
1.005000 70.000000 4.928150290008e-01 5.904879729299e-01 7.691181e-01
1.010000 70.000000 4.967999895836e-01 5.878112240851e-01 7.696313e-01
1.015000 70.000000 5.007501944162e-01 5.851508309871e-01 7.701638e-01
1.020000 70.000000 5.046659568422e-01 5.825065367378e-01 7.707150e-01
1.025000 70.000000 5.085475872222e-01 5.798780939218e-01 7.712842e-01
1.030000 70.000000 5.123953930030e-01 5.772652642152e-01 7.718706e-01
1.035000 70.000000 5.162096787807e-01 5.746678180109e-01 7.724736e-01
1.040000 70.000000 5.199907463605e-01 5.720855340583e-01 7.730926e-01
1.045000 70.000000 5.237388948110e-01 5.695181991187e-01 7.737270e-01
1.050000 70.000000 5.274544205158e-01 5.669656076327e-01 7.743760e-01
1.055000 70.000000 5.311376172208e-01 5.644275614035e-01 7.750391e-01
1.060000 70.000000 5.347887760784e-01 5.619038692901e-01 7.757158e-01
1.065000 70.000000 5.384081856885e-01 5.593943469153e-01 7.764054e-01
1.070000 70.000000 5.419961321371e-01 5.568988163839e-01 7.771075e-01
1.075000 70.000000 5.455528990320e-01 5.544171060128e-01 7.778215e-01
1.080000 70.000000 5.490787675363e-01 5.519490500719e-01 7.785469e-01
1.085000 70.000000 5.525740163997e-01 5.494944885353e-01 7.792832e-01
1.090000 70.000000 5.560389219880e-01 5.470532668419e-01 7.800298e-01
1.095000 70.000000 5.594737583107e-01 5.446252356675e-01 7.807865e-01
1.100000 70.000000 5.628787970468e-01 5.422102507036e-01 7.815526e-01
