# zline X=10000000 rho=0.6 C(X)=1 mode=h
# sigma t ReF ImF |F|
0.550000 100.000000 8.039366681525e+00 -2.834210785781e+00 8.524328e+00
0.555000 100.000000 7.909556978521e+00 -2.768985259374e+00 8.380237e+00
0.560000 100.000000 7.782812133190e+00 -2.705514664013e+00 8.239659e+00
0.565000 100.000000 7.659048301810e+00 -2.643745638120e+00 8.102494e+00
0.570000 100.000000 7.538184233057e+00 -2.583626708713e+00 7.968648e+00
0.575000 100.000000 7.420141175425e+00 -2.525108210872e+00 7.838027e+00
0.580000 100.000000 7.304842788604e+00 -2.468142211326e+00 7.710542e+00
0.585000 100.000000 7.192215058642e+00 -2.412682435887e+00 7.586105e+00
0.590000 100.000000 7.082186216655e+00 -2.358684200559e+00 7.464633e+00
0.595000 100.000000 6.974686660936e+00 -2.306104346053e+00 7.346045e+00
0.600000 100.000000 6.869648882285e+00 -2.254901175561e+00 7.230260e+00
0.605000 100.000000 6.767007392373e+00 -2.205034395578e+00 7.117202e+00
0.610000 100.000000 6.666698655041e+00 -2.156465059604e+00 7.006798e+00
0.615000 100.000000 6.568661020337e+00 -2.109155514574e+00 6.898974e+00
0.620000 100.000000 6.472834661184e+00 -2.063069349837e+00 6.793662e+00
0.625000 100.000000 6.379161512545e+00 -2.018171348584e+00 6.690793e+00
0.630000 100.000000 6.287585212993e+00 -1.974427441548e+00 6.590303e+00
0.635000 100.000000 6.198051048508e+00 -1.931804662868e+00 6.492126e+00
0.640000 100.000000 6.110505898469e+00 -1.890271108016e+00 6.396203e+00
0.645000 100.000000 6.024898183686e+00 -1.849795893637e+00 6.302471e+00
0.650000 100.000000 5.941177816412e+00 -1.810349119232e+00 6.210874e+00
0.655000 100.000000 5.859296152229e+00 -1.771901830573e+00 6.121355e+00
0.660000 100.000000 5.779205943713e+00 -1.734425984750e+00 6.033859e+00
0.665000 100.000000 5.700861295835e+00 -1.697894416779e+00 5.948333e+00
0.670000 100.000000 5.624217622964e+00 -1.662280807674e+00 5.864725e+00
0.675000 100.000000 5.549231607475e+00 -1.627559653920e+00 5.782986e+00
0.680000 100.000000 5.475861159816e+00 -1.593706238265e+00 5.703065e+00
0.685000 100.000000 5.404065380036e+00 -1.560696601763e+00 5.624917e+00
0.690000 100.000000 5.333804520660e+00 -1.528507517010e+00 5.548496e+00
0.695000 100.000000 5.265039950890e+00 -1.497116462510e+00 5.473756e+00
0.700000 100.000000 5.197734122064e+00 -1.466501598117e+00 5.400654e+00
0.705000 100.000000 5.131850534313e+00 -1.436641741482e+00 5.329149e+00
0.710000 100.000000 5.067353704383e+00 -1.407516345484e+00 5.259199e+00
0.715000 100.000000 5.004209134563e+00 -1.379105476578e+00 5.190765e+00
0.720000 100.000000 4.942383282665e+00 -1.351389794008e+00 5.123808e+00
0.725000 100.000000 4.881843533049e+00 -1.324350529869e+00 5.058290e+00
0.730000 100.000000 4.822558168605e+00 -1.297969469952e+00 4.994176e+00
0.735000 100.000000 4.764496343696e+00 -1.272228935344e+00 4.931429e+00
0.740000 100.000000 4.707628057993e+00 -1.247111764758e+00 4.870015e+00
0.745000 100.000000 4.651924131188e+00 -1.222601297532e+00 4.809901e+00
0.750000 100.000000 4.597356178542e+00 -1.198681357300e+00 4.751055e+00
0.755000 100.000000 4.543896587236e+00 -1.175336236270e+00 4.693443e+00
0.760000 100.000000 4.491518493498e+00 -1.152550680113e+00 4.637037e+00
0.765000 100.000000 4.440195760479e+00 -1.130309873406e+00 4.581805e+00
0.770000 100.000000 4.389902956841e+00 -1.108599425627e+00 4.527719e+00
0.775000 100.000000 4.340615336038e+00 -1.087405357662e+00 4.474750e+00
0.780000 100.000000 4.292308816268e+00 -1.066714088813e+00 4.422872e+00
0.785000 100.000000 4.244959961055e+00 -1.046512424277e+00 4.372056e+00
0.790000 100.000000 4.198545960462e+00 -1.026787543076e+00 4.322277e+00
0.795000 100.000000 4.153044612898e+00 -1.007526986421e+00 4.273510e+00
0.800000 100.000000 4.108434307488e+00 -9.887186464960e-01 4.225730e+00
0.805000 100.000000 4.064694007012e+00 -9.703507556320e-01 4.178913e+00
0.810000 100.000000 4.021803231374e+00 -9.524118758663e-01 4.133036e+00
0.815000 100.000000 3.979742041583e+00 -9.348908888629e-01 4.088076e+00
0.820000 100.000000 3.938491024241e+00 -9.177769861867e-01 4.044011e+00
0.825000 100.000000 3.898031276499e+00 -9.010596599075e-01 4.000819e+00
0.830000 100.000000 3.858344391499e+00 -8.847286935317e-01 3.958480e+00
0.835000 100.000000 3.819412444236e+00 -8.687741532369e-01 3.916973e+00
0.840000 100.000000 3.781217977881e+00 -8.531863794055e-01 3.876279e+00
0.845000 100.000000 3.743743990502e+00 -8.379559784427e-01 3.836377e+00
0.850000 100.000000 3.706973922205e+00 -8.230738148664e-01 3.797250e+00
0.855000 100.000000 3.670891642659e+00 -8.085310036612e-01 3.758879e+00
0.860000 100.000000 3.635481438989e+00 -7.943189028833e-01 3.721245e+00
0.865000 100.000000 3.600728004064e+00 -7.804291065092e-01 3.684333e+00
0.870000 100.000000 3.566616425103e+00 -7.668534375160e-01 3.648125e+00
0.875000 100.000000 3.533132172649e+00 -7.535839411888e-01 3.612605e+00
0.880000 100.000000 3.500261089864e+00 -7.406128786423e-01 3.577756e+00
0.885000 100.000000 3.467989382137e+00 -7.279327205499e-01 3.543563e+00
0.890000 100.000000 3.436303607024e+00 -7.155361410761e-01 3.510011e+00
0.895000 100.000000 3.405190664459e+00 -7.034160119978e-01 3.477085e+00
0.900000 100.000000 3.374637787279e+00 -6.915653970145e-01 3.444770e+00
0.905000 100.000000 3.344632532012e+00 -6.799775462375e-01 3.413054e+00
0.910000 100.000000 3.315162769954e+00 -6.686458908489e-01 3.381921e+00
0.915000 100.000000 3.286216678492e+00 -6.575640379324e-01 3.351360e+00
0.920000 100.000000 3.257782732694e+00 -6.467257654583e-01 3.321356e+00
0.925000 100.000000 3.229849697144e+00 -6.361250174302e-01 3.291897e+00
0.930000 100.000000 3.202406618011e+00 -6.257558991746e-01 3.262971e+00
0.935000 100.000000 3.175442815352e+00 -6.156126727820e-01 3.234566e+00
0.940000 100.000000 3.148947875641e+00 -6.056897526804e-01 3.206670e+00
0.945000 100.000000 3.122911644520e+00 -5.959817013480e-01 3.179272e+00
0.950000 100.000000 3.097324219744e+00 -5.864832251546e-01 3.152361e+00
0.955000 100.000000 3.072175944353e+00 -5.771891703288e-01 3.125926e+00
0.960000 100.000000 3.047457400024e+00 -5.680945190452e-01 3.099956e+00
0.965000 100.000000 3.023159400618e+00 -5.591943856315e-01 3.074442e+00
0.970000 100.000000 2.999272985924e+00 -5.504840128863e-01 3.049372e+00
0.975000 100.000000 2.975789415574e+00 -5.419587685084e-01 3.024738e+00
0.980000 100.000000 2.952700163124e+00 -5.336141416313e-01 3.000530e+00
0.985000 100.000000 2.929996910327e+00 -5.254457394609e-01 2.976739e+00
0.990000 100.000000 2.907671541549e+00 -5.174492840111e-01 2.953355e+00
0.995000 100.000000 2.885716138357e+00 -5.096206089375e-01 2.930370e+00
1.000000 100.000000 2.864122974255e+00 -5.019556564618e-01 2.907776e+00
1.005000 100.000000 2.842884509573e+00 -4.944504743867e-01 2.885563e+00
1.010000 100.000000 2.821993386502e+00 -4.871012132001e-01 2.863724e+00
1.015000 100.000000 2.801442424263e+00 -4.799041232598e-01 2.842250e+00
1.020000 100.000000 2.781224614425e+00 -4.728555520632e-01 2.821135e+00
1.025000 100.000000 2.761333116344e+00 -4.659519415930e-01 2.800370e+00
1.030000 100.000000 2.741761252736e+00 -4.591898257429e-01 2.779948e+00
1.035000 100.000000 2.722502505374e+00 -4.525658278142e-01 2.759862e+00
1.040000 100.000000 2.703550510910e+00 -4.460766580864e-01 2.740104e+00
1.045000 100.000000 2.684899056803e+00 -4.397191114564e-01 2.720668e+00
1.050000 100.000000 2.666542077377e+00 -4.334900651457e-01 2.701548e+00
1.055000 100.000000 2.648473649979e+00 -4.273864764729e-01 2.682736e+00
1.060000 100.000000 2.630687991241e+00 -4.214053806890e-01 2.664226e+00
1.065000 100.000000 2.613179453461e+00 -4.155438888758e-01 2.646013e+00
1.070000 100.000000 2.595942521073e+00 -4.097991859019e-01 2.628089e+00
1.075000 100.000000 2.578971807216e+00 -4.041685284375e-01 2.610450e+00
1.080000 100.000000 2.562262050404e+00 -3.986492430258e-01 2.593089e+00
1.085000 100.000000 2.545808111285e+00 -3.932387242078e-01 2.576000e+00
1.090000 100.000000 2.529604969488e+00 -3.879344327000e-01 2.559178e+00
1.095000 100.000000 2.513647720563e+00 -3.827338936240e-01 2.542619e+00
1.100000 100.000000 2.497931573001e+00 -3.776346947847e-01 2.526316e+00
