# zline X=10000000 rho=0.6 C(X)=1 mode=h
# sigma t ReF ImF |F|
0.550000 40.000000 3.614371055327e-01 1.555168009408e-01 3.934746e-01
0.555000 40.000000 3.615633215095e-01 1.450763654894e-01 3.895834e-01
0.560000 40.000000 3.617813695601e-01 1.349043837133e-01 3.861152e-01
0.565000 40.000000 3.620881629627e-01 1.249949266222e-01 3.830556e-01
0.570000 40.000000 3.624806773412e-01 1.153421533599e-01 3.803893e-01
0.575000 40.000000 3.629559514071e-01 1.059403138050e-01 3.781010e-01
0.580000 40.000000 3.635110875188e-01 9.678375072460e-02 3.761747e-01
0.585000 40.000000 3.641432520745e-01 8.786690152219e-02 3.745943e-01
0.590000 40.000000 3.648496757488e-01 7.918429961841e-02 3.733436e-01
0.595000 40.000000 3.656276535867e-01 7.073057550043e-02 3.724062e-01
0.600000 40.000000 3.664745449650e-01 6.250045746582e-02 3.717659e-01
0.605000 40.000000 3.673877734335e-01 5.448877209615e-02 3.714065e-01
0.610000 40.000000 3.683648264444e-01 4.669044448448e-02 3.713121e-01
0.615000 40.000000 3.694032549806e-01 3.910049823980e-02 3.714668e-01
0.620000 40.000000 3.705006730911e-01 3.171405529439e-02 3.718555e-01
0.625000 40.000000 3.716547573430e-01 2.452633552978e-02 3.724632e-01
0.630000 40.000000 3.728632461969e-01 1.753265624547e-02 3.732752e-01
0.635000 40.000000 3.741239393139e-01 1.072843148363e-02 3.742777e-01
0.640000 40.000000 3.754346968014e-01 4.109171228689e-03 3.754572e-01
0.645000 40.000000 3.767934384031e-01 -2.329519507192e-03 3.768006e-01
0.650000 40.000000 3.781981426408e-01 -8.591941696812e-03 3.782957e-01
0.655000 40.000000 3.796468459130e-01 -1.468230339632e-02 3.799306e-01
0.660000 40.000000 3.811376415554e-01 -2.060472092124e-02 3.816942e-01
0.665000 40.000000 3.826686788692e-01 -2.636322008616e-02 3.835757e-01
0.670000 40.000000 3.842381621204e-01 -3.196173750276e-02 3.855652e-01
0.675000 40.000000 3.858443495165e-01 -3.740412192444e-02 3.876531e-01
0.680000 40.000000 3.874855521621e-01 -4.269413563199e-02 3.898305e-01
0.685000 40.000000 3.891601330000e-01 -4.783545585257e-02 3.920891e-01
0.690000 40.000000 3.908665057379e-01 -5.283167620559e-02 3.944209e-01
0.695000 40.000000 3.926031337672e-01 -5.768630817060e-02 3.968185e-01
0.700000 40.000000 3.943685290746e-01 -6.240278257051e-02 3.992751e-01
0.705000 40.000000 3.961612511497e-01 -6.698445106660e-02 4.017843e-01
0.710000 40.000000 3.979799058922e-01 -7.143458766154e-02 4.043401e-01
0.715000 40.000000 3.998231445189e-01 -7.575639020388e-02 4.069368e-01
0.720000 40.000000 4.016896624746e-01 -7.995298189498e-02 4.095694e-01
0.725000 40.000000 4.035781983478e-01 -8.402741279070e-02 4.122329e-01
0.730000 40.000000 4.054875327929e-01 -8.798266129819e-02 4.149230e-01
0.735000 40.000000 4.074164874607e-01 -9.182163566383e-02 4.176355e-01
0.740000 40.000000 4.093639239390e-01 -9.554717545107e-02 4.203666e-01
0.745000 40.000000 4.113287427031e-01 -9.916205300515e-02 4.231128e-01
0.750000 40.000000 4.133098820802e-01 -1.026689749026e-01 4.258708e-01
0.755000 40.000000 4.153063172250e-01 -1.060705833877e-01 4.286377e-01
0.760000 40.000000 4.173170591108e-01 -1.093694577883e-01 4.314107e-01
0.765000 40.000000 4.193411535349e-01 -1.125681159157e-01 4.341873e-01
0.770000 40.000000 4.213776801392e-01 -1.156690154436e-01 4.369651e-01
0.775000 40.000000 4.234257514482e-01 -1.186745552677e-01 4.397420e-01
0.780000 40.000000 4.254845119225e-01 -1.215870768434e-01 4.425161e-01
0.785000 40.000000 4.275531370299e-01 -1.244088655035e-01 4.452856e-01
0.790000 40.000000 4.296308323347e-01 -1.271421517512e-01 4.480489e-01
0.795000 40.000000 4.317168326037e-01 -1.297891125331e-01 4.508044e-01
0.800000 40.000000 4.338104009313e-01 -1.323518724873e-01 4.535510e-01
0.805000 40.000000 4.359108278826e-01 -1.348325051695e-01 4.562872e-01
0.810000 40.000000 4.380174306547e-01 -1.372330342559e-01 4.590122e-01
0.815000 40.000000 4.401295522571e-01 -1.395554347214e-01 4.617247e-01
0.820000 40.000000 4.422465607103e-01 -1.418016339960e-01 4.644241e-01
0.825000 40.000000 4.443678482628e-01 -1.439735130964e-01 4.671094e-01
0.830000 40.000000 4.464928306272e-01 -1.460729077352e-01 4.697799e-01
0.835000 40.000000 4.486209462346e-01 -1.481016094064e-01 4.724350e-01
0.840000 40.000000 4.507516555070e-01 -1.500613664474e-01 4.750742e-01
0.845000 40.000000 4.528844401483e-01 -1.519538850787e-01 4.776969e-01
0.850000 40.000000 4.550188024537e-01 -1.537808304205e-01 4.803027e-01
0.855000 40.000000 4.571542646364e-01 -1.555438274866e-01 4.828912e-01
0.860000 40.000000 4.592903681723e-01 -1.572444621569e-01 4.854621e-01
0.865000 40.000000 4.614266731623e-01 -1.588842821265e-01 4.880152e-01
0.870000 40.000000 4.635627577116e-01 -1.604647978343e-01 4.905501e-01
0.875000 40.000000 4.656982173267e-01 -1.619874833695e-01 4.930667e-01
0.880000 40.000000 4.678326643281e-01 -1.634537773580e-01 4.955649e-01
0.885000 40.000000 4.699657272804e-01 -1.648650838267e-01 4.980445e-01
0.890000 40.000000 4.720970504381e-01 -1.662227730483e-01 5.005054e-01
0.895000 40.000000 4.742262932077e-01 -1.675281823661e-01 5.029476e-01
0.900000 40.000000 4.763531296252e-01 -1.687826169993e-01 5.053710e-01
0.905000 40.000000 4.784772478486e-01 -1.699873508277e-01 5.077757e-01
0.910000 40.000000 4.805983496662e-01 -1.711436271595e-01 5.101617e-01
0.915000 40.000000 4.827161500188e-01 -1.722526594786e-01 5.125289e-01
0.920000 40.000000 4.848303765369e-01 -1.733156321755e-01 5.148775e-01
0.925000 40.000000 4.869407690916e-01 -1.743337012587e-01 5.172075e-01
0.930000 40.000000 4.890470793594e-01 -1.753079950498e-01 5.195189e-01
0.935000 40.000000 4.911490704001e-01 -1.762396148610e-01 5.218120e-01
0.940000 40.000000 4.932465162487e-01 -1.771296356566e-01 5.240869e-01
0.945000 40.000000 4.953392015191e-01 -1.779791066968e-01 5.263435e-01
0.950000 40.000000 4.974269210209e-01 -1.787890521671e-01 5.285821e-01
0.955000 40.000000 4.995094793882e-01 -1.795604717908e-01 5.308029e-01
0.960000 40.000000 5.015866907202e-01 -1.802943414273e-01 5.330059e-01
0.965000 40.000000 5.036583782335e-01 -1.809916136546e-01 5.351913e-01
0.970000 40.000000 5.057243739259e-01 -1.816532183378e-01 5.373593e-01
0.975000 40.000000 5.077845182504e-01 -1.822800631830e-01 5.395101e-01
0.980000 40.000000 5.098386598007e-01 -1.828730342781e-01 5.416438e-01
0.985000 40.000000 5.118866550066e-01 -1.834329966187e-01 5.437606e-01
0.990000 40.000000 5.139283678399e-01 -1.839607946221e-01 5.458607e-01
0.995000 40.000000 5.159636695293e-01 -1.844572526276e-01 5.479443e-01
1.000000 40.000000 5.179924382862e-01 -1.849231753848e-01 5.500116e-01
1.005000 40.000000 5.200145590381e-01 -1.853593485290e-01 5.520627e-01
1.010000 40.000000 5.220299231725e-01 -1.857665390448e-01 5.540979e-01
1.015000 40.000000 5.240384282886e-01 -1.861454957186e-01 5.561173e-01
1.020000 40.000000 5.260399779577e-01 -1.864969495789e-01 5.581211e-01
1.025000 40.000000 5.280344814922e-01 -1.868216143261e-01 5.601096e-01
1.030000 40.000000 5.300218537220e-01 -1.871201867509e-01 5.620828e-01
1.035000 40.000000 5.320020147790e-01 -1.873933471429e-01 5.640411e-01
1.040000 40.000000 5.339748898889e-01 -1.876417596882e-01 5.659846e-01
1.045000 40.000000 5.359404091707e-01 -1.878660728574e-01 5.679135e-01
1.050000 40.000000 5.378985074427e-01 -1.880669197840e-01 5.698280e-01
1.055000 40.000000 5.398491240356e-01 -1.882449186324e-01 5.717283e-01
1.060000 40.000000 5.417922026123e-01 -1.884006729578e-01 5.736145e-01
1.065000 40.000000 5.437276909937e-01 -1.885347720563e-01 5.754869e-01
1.070000 40.000000 5.456555409915e-01 -1.886477913064e-01 5.773456e-01
1.075000 40.000000 5.475757082462e-01 -1.887402925019e-01 5.791909e-01
1.080000 40.000000 5.494881520710e-01 -1.888128241767e-01 5.810228e-01
1.085000 40.000000 5.513928353022e-01 -1.888659219210e-01 5.828417e-01
1.090000 40.000000 5.532897241537e-01 -1.889001086901e-01 5.846476e-01
1.095000 40.000000 5.551787880779e-01 -1.889158951048e-01 5.864407e-01
1.100000 40.000000 5.570599996311e-01 -1.889137797451e-01 5.882213e-01
