# zline X=10000000 rho=0.75 C(X)=14 mode=h
# sigma t ReF ImF |F|
0.700000 40.000000 1.464740639453e+00 -2.267658478369e-01 1.482190e+00
0.705000 40.000000 1.454490212156e+00 -2.269408081370e-01 1.472088e+00
0.710000 40.000000 1.444415595608e+00 -2.270945996556e-01 1.462159e+00
0.715000 40.000000 1.434513980862e+00 -2.272276752908e-01 1.452399e+00
0.720000 40.000000 1.424782603250e+00 -2.273404799708e-01 1.442806e+00
0.725000 40.000000 1.415218741148e+00 -2.274334507309e-01 1.433377e+00
0.730000 40.000000 1.405819714825e+00 -2.275070167998e-01 1.424110e+00
0.735000 40.000000 1.396582885380e+00 -2.275615996927e-01 1.415001e+00
0.740000 40.000000 1.387505653748e+00 -2.275976133126e-01 1.406049e+00
0.745000 40.000000 1.378585459771e+00 -2.276154640560e-01 1.397250e+00
0.750000 40.000000 1.369819781338e+00 -2.276155509231e-01 1.388602e+00
0.755000 40.000000 1.361206133574e+00 -2.275982656323e-01 1.380103e+00
0.760000 40.000000 1.352742068087e+00 -2.275639927372e-01 1.371749e+00
0.765000 40.000000 1.344425172260e+00 -2.275131097446e-01 1.363540e+00
0.770000 40.000000 1.336253068585e+00 -2.274459872353e-01 1.355472e+00
0.775000 40.000000 1.328223414041e+00 -2.273629889850e-01 1.347543e+00
0.780000 40.000000 1.320333899498e+00 -2.272644720859e-01 1.339750e+00
0.785000 40.000000 1.312582249167e+00 -2.271507870674e-01 1.332092e+00
0.790000 40.000000 1.304966220072e+00 -2.270222780176e-01 1.324566e+00
0.795000 40.000000 1.297483601547e+00 -2.268792827028e-01 1.317170e+00
0.800000 40.000000 1.290132214761e+00 -2.267221326866e-01 1.309902e+00
0.805000 40.000000 1.282909912269e+00 -2.265511534476e-01 1.302760e+00
0.810000 40.000000 1.275814577574e+00 -2.263666644953e-01 1.295741e+00
0.815000 40.000000 1.268844124713e+00 -2.261689794850e-01 1.288844e+00
0.820000 40.000000 1.261996497861e+00 -2.259584063298e-01 1.282066e+00
0.825000 40.000000 1.255269670941e+00 -2.257352473113e-01 1.275405e+00
0.830000 40.000000 1.248661647260e+00 -2.254997991886e-01 1.268860e+00
0.835000 40.000000 1.242170459144e+00 -2.252523533045e-01 1.262429e+00
0.840000 40.000000 1.235794167593e+00 -2.249931956900e-01 1.256109e+00
0.845000 40.000000 1.229530861942e+00 -2.247226071659e-01 1.249899e+00
0.850000 40.000000 1.223378659526e+00 -2.244408634436e-01 1.243796e+00
0.855000 40.000000 1.217335705365e+00 -2.241482352217e-01 1.237800e+00
0.860000 40.000000 1.211400171841e+00 -2.238449882823e-01 1.231908e+00
0.865000 40.000000 1.205570258391e+00 -2.235313835839e-01 1.226118e+00
0.870000 40.000000 1.199844191203e+00 -2.232076773519e-01 1.220429e+00
0.875000 40.000000 1.194220222913e+00 -2.228741211683e-01 1.214839e+00
0.880000 40.000000 1.188696632313e+00 -2.225309620577e-01 1.209347e+00
0.885000 40.000000 1.183271724055e+00 -2.221784425717e-01 1.203950e+00
0.890000 40.000000 1.177943828366e+00 -2.218168008722e-01 1.198647e+00
0.895000 40.000000 1.172711300758e+00 -2.214462708109e-01 1.193436e+00
0.900000 40.000000 1.167572521748e+00 -2.210670820081e-01 1.188317e+00
0.905000 40.000000 1.162525896578e+00 -2.206794599293e-01 1.183286e+00
0.910000 40.000000 1.157569854930e+00 -2.202836259595e-01 1.178343e+00
0.915000 40.000000 1.152702850656e+00 -2.198797974763e-01 1.173487e+00
0.920000 40.000000 1.147923361497e+00 -2.194681879207e-01 1.168715e+00
0.925000 40.000000 1.143229888813e+00 -2.190490068661e-01 1.164026e+00
0.930000 40.000000 1.138620957306e+00 -2.186224600864e-01 1.159419e+00
0.935000 40.000000 1.134095114754e+00 -2.181887496215e-01 1.154893e+00
0.940000 40.000000 1.129650931734e+00 -2.177480738417e-01 1.150446e+00
0.945000 40.000000 1.125287001358e+00 -2.173006275107e-01 1.146076e+00
0.950000 40.000000 1.121001939002e+00 -2.168466018469e-01 1.141783e+00
0.955000 40.000000 1.116794382038e+00 -2.163861845833e-01 1.137564e+00
0.960000 40.000000 1.112662989570e+00 -2.159195600260e-01 1.133420e+00
0.965000 40.000000 1.108606442166e+00 -2.154469091116e-01 1.129347e+00
0.970000 40.000000 1.104623441596e+00 -2.149684094629e-01 1.125346e+00
0.975000 40.000000 1.100712710564e+00 -2.144842354440e-01 1.121415e+00
0.980000 40.000000 1.096872992449e+00 -2.139945582134e-01 1.117553e+00
0.985000 40.000000 1.093103051041e+00 -2.134995457769e-01 1.113758e+00
0.990000 40.000000 1.089401670283e+00 -2.129993630383e-01 1.110029e+00
0.995000 40.000000 1.085767654006e+00 -2.124941718499e-01 1.106366e+00
1.000000 40.000000 1.082199825675e+00 -2.119841310620e-01 1.102766e+00
