# zline X=10000000 rho=0.75 C(X)=14 mode=h
# sigma t ReF ImF |F|
0.700000 100.000000 2.140466657628e+00 -7.304157647774e-01 2.261660e+00
0.705000 100.000000 2.134369990944e+00 -7.235172517947e-01 2.253666e+00
0.710000 100.000000 2.128182293654e+00 -7.166316222604e-01 2.245600e+00
0.715000 100.000000 2.121910841362e+00 -7.097632791772e-01 2.237469e+00
0.720000 100.000000 2.115562557625e+00 -7.029163094659e-01 2.229282e+00
0.725000 100.000000 2.109144030540e+00 -6.960945020997e-01 2.221044e+00
0.730000 100.000000 2.102661528507e+00 -6.893013652528e-01 2.212763e+00
0.735000 100.000000 2.096121015219e+00 -6.825401425182e-01 2.204446e+00
0.740000 100.000000 2.089528163908e+00 -6.758138282448e-01 2.196099e+00
0.745000 100.000000 2.082888370897e+00 -6.691251820381e-01 2.187728e+00
0.750000 100.000000 2.076206768487e+00 -6.624767424707e-01 2.179337e+00
0.755000 100.000000 2.069488237215e+00 -6.558708400471e-01 2.170933e+00
0.760000 100.000000 2.062737417519e+00 -6.493096094590e-01 2.162519e+00
0.765000 100.000000 2.055958720832e+00 -6.427950011711e-01 2.154101e+00
0.770000 100.000000 2.049156340146e+00 -6.363287923744e-01 2.145683e+00
0.775000 100.000000 2.042334260064e+00 -6.299125973371e-01 2.137269e+00
0.780000 100.000000 2.035496266369e+00 -6.235478771914e-01 2.128863e+00
0.785000 100.000000 2.028645955137e+00 -6.172359491784e-01 2.120468e+00
0.790000 100.000000 2.021786741412e+00 -6.109779953886e-01 2.112088e+00
0.795000 100.000000 2.014921867474e+00 -6.047750710191e-01 2.103726e+00
0.800000 100.000000 2.008054410707e+00 -5.986281121748e-01 2.095385e+00
0.805000 100.000000 2.001187291106e+00 -5.925379432409e-01 2.087068e+00
0.810000 100.000000 1.994323278415e+00 -5.865052838442e-01 2.078777e+00
0.815000 100.000000 1.987464998948e+00 -5.805307554327e-01 2.070515e+00
0.820000 100.000000 1.980614942075e+00 -5.746148874858e-01 2.062285e+00
0.825000 100.000000 1.973775466417e+00 -5.687581233813e-01 2.054087e+00
0.830000 100.000000 1.966948805742e+00 -5.629608259346e-01 2.045926e+00
0.835000 100.000000 1.960137074600e+00 -5.572232826293e-01 2.037802e+00
0.840000 100.000000 1.953342273686e+00 -5.515457105531e-01 2.029716e+00
0.845000 100.000000 1.946566294964e+00 -5.459282610584e-01 2.021672e+00
0.850000 100.000000 1.939810926552e+00 -5.403710241610e-01 2.013670e+00
0.855000 100.000000 1.933077857383e+00 -5.348740326882e-01 2.005712e+00
0.860000 100.000000 1.926368681658e+00 -5.294372661956e-01 1.997799e+00
0.865000 100.000000 1.919684903087e+00 -5.240606546601e-01 1.989932e+00
0.870000 100.000000 1.913027938950e+00 -5.187440819627e-01 1.982113e+00
0.875000 100.000000 1.906399123965e+00 -5.134873891733e-01 1.974342e+00
0.880000 100.000000 1.899799713984e+00 -5.082903776480e-01 1.966621e+00
0.885000 100.000000 1.893230889527e+00 -5.031528119473e-01 1.958950e+00
0.890000 100.000000 1.886693759151e+00 -4.980744225876e-01 1.951331e+00
0.895000 100.000000 1.880189362672e+00 -4.930549086324e-01 1.943763e+00
0.900000 100.000000 1.873718674247e+00 -4.880939401349e-01 1.936248e+00
0.905000 100.000000 1.867282605313e+00 -4.831911604357e-01 1.928787e+00
0.910000 100.000000 1.860882007397e+00 -4.783461883291e-01 1.921379e+00
0.915000 100.000000 1.854517674808e+00 -4.735586200993e-01 1.914025e+00
0.920000 100.000000 1.848190347203e+00 -4.688280314388e-01 1.906727e+00
0.925000 100.000000 1.841900712041e+00 -4.641539792517e-01 1.899483e+00
0.930000 100.000000 1.835649406938e+00 -4.595360033496e-01 1.892295e+00
0.935000 100.000000 1.829437021909e+00 -4.549736280463e-01 1.885163e+00
0.940000 100.000000 1.823264101516e+00 -4.504663636563e-01 1.878087e+00
0.945000 100.000000 1.817131146924e+00 -4.460137079026e-01 1.871068e+00
0.950000 100.000000 1.811038617869e+00 -4.416151472386e-01 1.864104e+00
0.955000 100.000000 1.804986934537e+00 -4.372701580885e-01 1.857198e+00
0.960000 100.000000 1.798976479362e+00 -4.329782080120e-01 1.850348e+00
0.965000 100.000000 1.793007598753e+00 -4.287387567961e-01 1.843554e+00
0.970000 100.000000 1.787080604739e+00 -4.245512574780e-01 1.836818e+00
0.975000 100.000000 1.781195776550e+00 -4.204151573042e-01 1.830139e+00
0.980000 100.000000 1.775353362122e+00 -4.163298986284e-01 1.823516e+00
0.985000 100.000000 1.769553579550e+00 -4.122949197517e-01 1.816950e+00
0.990000 100.000000 1.763796618468e+00 -4.083096557078e-01 1.810441e+00
0.995000 100.000000 1.758082641376e+00 -4.043735389975e-01 1.803988e+00
1.000000 100.000000 1.752411784909e+00 -4.004860002754e-01 1.797592e+00
