# zline X=10000000 rho=0.75 C(X)=14 mode=h
# sigma t ReF ImF |F|
0.700000 60.000000 2.970907047184e-01 4.109920270253e-01 5.071265e-01
0.705000 60.000000 3.031702907050e-01 4.071724425076e-01 5.076432e-01
0.710000 60.000000 3.090987916755e-01 4.033930477895e-01 5.082008e-01
0.715000 60.000000 3.148807110954e-01 3.996541396129e-01 5.087959e-01
0.720000 60.000000 3.205204225530e-01 3.959559612366e-01 5.094256e-01
0.725000 60.000000 3.260221735172e-01 3.922987058041e-01 5.100870e-01
0.730000 60.000000 3.313900889700e-01 3.886825195278e-01 5.107773e-01
0.735000 60.000000 3.366281749200e-01 3.851075046992e-01 5.114942e-01
0.740000 60.000000 3.417403218024e-01 3.815737225338e-01 5.122353e-01
0.745000 60.000000 3.467303077703e-01 3.780811958611e-01 5.129983e-01
0.750000 60.000000 3.516018018831e-01 3.746299116645e-01 5.137815e-01
0.755000 60.000000 3.563583671946e-01 3.712198234839e-01 5.145828e-01
0.760000 60.000000 3.610034637474e-01 3.678508536827e-01 5.154006e-01
0.765000 60.000000 3.655404514754e-01 3.645228955905e-01 5.162332e-01
0.770000 60.000000 3.699725930193e-01 3.612358155268e-01 5.170793e-01
0.775000 60.000000 3.743030564581e-01 3.579894547113e-01 5.179375e-01
0.780000 60.000000 3.785349179604e-01 3.547836310669e-01 5.188064e-01
0.785000 60.000000 3.826711643574e-01 3.516181409226e-01 5.196850e-01
0.790000 60.000000 3.867146956418e-01 3.484927606193e-01 5.205722e-01
0.795000 60.000000 3.906683273949e-01 3.454072480257e-01 5.214671e-01
0.800000 60.000000 3.945347931436e-01 3.423613439680e-01 5.223686e-01
0.805000 60.000000 3.983167466510e-01 3.393547735774e-01 5.232761e-01
0.810000 60.000000 4.020167641424e-01 3.363872475617e-01 5.241888e-01
0.815000 60.000000 4.056373464685e-01 3.334584634030e-01 5.251059e-01
0.820000 60.000000 4.091809212084e-01 3.305681064874e-01 5.260269e-01
0.825000 60.000000 4.126498447140e-01 3.277158511673e-01 5.269512e-01
0.830000 60.000000 4.160464040980e-01 3.249013617642e-01 5.278783e-01
0.835000 60.000000 4.193728191672e-01 3.221242935110e-01 5.288077e-01
0.840000 60.000000 4.226312443024e-01 3.193842934402e-01 5.297391e-01
0.845000 60.000000 4.258237702870e-01 3.166810012183e-01 5.306720e-01
0.850000 60.000000 4.289524260856e-01 3.140140499319e-01 5.316061e-01
0.855000 60.000000 4.320191805743e-01 3.113830668261e-01 5.325411e-01
0.860000 60.000000 4.350259442242e-01 3.087876739979e-01 5.334767e-01
0.865000 60.000000 4.379745707382e-01 3.062274890491e-01 5.344128e-01
0.870000 60.000000 4.408668586449e-01 3.037021256978e-01 5.353490e-01
0.875000 60.000000 4.437045528485e-01 3.012111943533e-01 5.362853e-01
0.880000 60.000000 4.464893461369e-01 2.987543026554e-01 5.372214e-01
0.885000 60.000000 4.492228806492e-01 2.963310559787e-01 5.381573e-01
0.890000 60.000000 4.519067493039e-01 2.939410579080e-01 5.390928e-01
0.895000 60.000000 4.545424971879e-01 2.915839106800e-01 5.400278e-01
0.900000 60.000000 4.571316229088e-01 2.892592155994e-01 5.409623e-01
0.905000 60.000000 4.596755799101e-01 2.869665734271e-01 5.418962e-01
0.910000 60.000000 4.621757777515e-01 2.847055847427e-01 5.428294e-01
0.915000 60.000000 4.646335833541e-01 2.824758502838e-01 5.437619e-01
0.920000 60.000000 4.670503222124e-01 2.802769712618e-01 5.446937e-01
0.925000 60.000000 4.694272795735e-01 2.781085496571e-01 5.456247e-01
0.930000 60.000000 4.717657015843e-01 2.759701884935e-01 5.465550e-01
0.935000 60.000000 4.740667964077e-01 2.738614920936e-01 5.474847e-01
0.940000 60.000000 4.763317353090e-01 2.717820663168e-01 5.484135e-01
0.945000 60.000000 4.785616537119e-01 2.697315187791e-01 5.493417e-01
0.950000 60.000000 4.807576522272e-01 2.677094590584e-01 5.502693e-01
0.955000 60.000000 4.829207976520e-01 2.657154988827e-01 5.511962e-01
0.960000 60.000000 4.850521239436e-01 2.637492523061e-01 5.521225e-01
0.965000 60.000000 4.871526331649e-01 2.618103358699e-01 5.530482e-01
0.970000 60.000000 4.892232964054e-01 2.598983687512e-01 5.539735e-01
0.975000 60.000000 4.912650546767e-01 2.580129729000e-01 5.548982e-01
0.980000 60.000000 4.932788197835e-01 2.561537731649e-01 5.558226e-01
0.985000 60.000000 4.952654751705e-01 2.543203974074e-01 5.567466e-01
0.990000 60.000000 4.972258767461e-01 2.525124766072e-01 5.576703e-01
0.995000 60.000000 4.991608536845e-01 2.507296449574e-01 5.585937e-01
1.000000 60.000000 5.010712092040e-01 2.489715399513e-01 5.595169e-01
