# zline X=10000000 rho=0.75 C(X)=14 mode=h
# sigma t ReF ImF |F|
0.700000 50.000000 2.623532818573e-01 1.261195185331e-01 2.910934e-01
0.705000 50.000000 2.677896938002e-01 1.266888376986e-01 2.962455e-01
0.710000 50.000000 2.731336773970e-01 1.272541602526e-01 3.013231e-01
0.715000 50.000000 2.783878525204e-01 1.278149027450e-01 3.063274e-01
0.720000 50.000000 2.835547511025e-01 1.283705318918e-01 3.112592e-01
0.725000 50.000000 2.886368201820e-01 1.289205610641e-01 3.161198e-01
0.730000 50.000000 2.936364248492e-01 1.294645470123e-01 3.209103e-01
0.735000 50.000000 2.985558510929e-01 1.300020868104e-01 3.256319e-01
0.740000 50.000000 3.033973085511e-01 1.305328150041e-01 3.302858e-01
0.745000 50.000000 3.081629331684e-01 1.310564009511e-01 3.348734e-01
0.750000 50.000000 3.128547897643e-01 1.315725463405e-01 3.393957e-01
0.755000 50.000000 3.174748745129e-01 1.320809828785e-01 3.438542e-01
0.760000 50.000000 3.220251173383e-01 1.325814701313e-01 3.482499e-01
0.765000 50.000000 3.265073842280e-01 1.330737935133e-01 3.525843e-01
0.770000 50.000000 3.309234794667e-01 1.335577624120e-01 3.568586e-01
0.775000 50.000000 3.352751477926e-01 1.340332084395e-01 3.610739e-01
0.780000 50.000000 3.395640764799e-01 1.344999838037e-01 3.652314e-01
0.785000 50.000000 3.437918973479e-01 1.349579597904e-01 3.693325e-01
0.790000 50.000000 3.479601887020e-01 1.354070253484e-01 3.733783e-01
0.795000 50.000000 3.520704772050e-01 1.358470857727e-01 3.773699e-01
0.800000 50.000000 3.561242396851e-01 1.362780614768e-01 3.813085e-01
0.805000 50.000000 3.601229048788e-01 1.366998868505e-01 3.851952e-01
0.810000 50.000000 3.640678551140e-01 1.371125091961e-01 3.890312e-01
0.815000 50.000000 3.679604279338e-01 1.375158877377e-01 3.928174e-01
0.820000 50.000000 3.718019176624e-01 1.379099927005e-01 3.965550e-01
0.825000 50.000000 3.755935769167e-01 1.382948044526e-01 4.002449e-01
0.830000 50.000000 3.793366180642e-01 1.386703127077e-01 4.038883e-01
0.835000 50.000000 3.830322146297e-01 1.390365157836e-01 4.074860e-01
0.840000 50.000000 3.866815026516e-01 1.393934199119e-01 4.110391e-01
0.845000 50.000000 3.902855819908e-01 1.397410385975e-01 4.145484e-01
0.850000 50.000000 3.938455175930e-01 1.400793920225e-01 4.180150e-01
0.855000 50.000000 3.973623407065e-01 1.404085064926e-01 4.214396e-01
0.860000 50.000000 4.008370500556e-01 1.407284139232e-01 4.248233e-01
0.865000 50.000000 4.042706129743e-01 1.410391513619e-01 4.281668e-01
0.870000 50.000000 4.076639664974e-01 1.413407605455e-01 4.314709e-01
0.875000 50.000000 4.110180184147e-01 1.416332874889e-01 4.347365e-01
0.880000 50.000000 4.143336482865e-01 1.419167821032e-01 4.379643e-01
0.885000 50.000000 4.176117084235e-01 1.421912978427e-01 4.411552e-01
0.890000 50.000000 4.208530248308e-01 1.424568913766e-01 4.443098e-01
0.895000 50.000000 4.240583981198e-01 1.427136222855e-01 4.474290e-01
0.900000 50.000000 4.272286043865e-01 1.429615527797e-01 4.505134e-01
0.905000 50.000000 4.303643960580e-01 1.432007474388e-01 4.535636e-01
0.910000 50.000000 4.334665027103e-01 1.434312729709e-01 4.565805e-01
0.915000 50.000000 4.365356318556e-01 1.436531979891e-01 4.595646e-01
0.920000 50.000000 4.395724697017e-01 1.438665928054e-01 4.625165e-01
0.925000 50.000000 4.425776818848e-01 1.440715292407e-01 4.654370e-01
0.930000 50.000000 4.455519141758e-01 1.442680804480e-01 4.683266e-01
0.935000 50.000000 4.484957931611e-01 1.444563207502e-01 4.711858e-01
0.940000 50.000000 4.514099268993e-01 1.446363254904e-01 4.740154e-01
0.945000 50.000000 4.542949055552e-01 1.448081708935e-01 4.768158e-01
0.950000 50.000000 4.571513020091e-01 1.449719339387e-01 4.795875e-01
0.955000 50.000000 4.599796724471e-01 1.451276922425e-01 4.823312e-01
0.960000 50.000000 4.627805569278e-01 1.452755239505e-01 4.850472e-01
0.965000 50.000000 4.655544799305e-01 1.454155076383e-01 4.877362e-01
0.970000 50.000000 4.683019508830e-01 1.455477222202e-01 4.903987e-01
0.975000 50.000000 4.710234646707e-01 1.456722468659e-01 4.930350e-01
0.980000 50.000000 4.737195021276e-01 1.457891609228e-01 4.956457e-01
0.985000 50.000000 4.763905305099e-01 1.458985438468e-01 4.982312e-01
0.990000 50.000000 4.790370039528e-01 1.460004751369e-01 5.007920e-01
0.995000 50.000000 4.816593639103e-01 1.460950342770e-01 5.033284e-01
1.000000 50.000000 4.842580395806e-01 1.461823006817e-01 5.058410e-01
