# zline X=10000000 rho=0.75 C(X)=14 mode=h
# sigma t ReF ImF |F|
0.700000 0.100000 -1.348637481667e+00 -7.709235700809e-01 1.553430e+00
0.705000 0.100000 -1.379862477717e+00 -7.934095963579e-01 1.591703e+00
0.710000 0.100000 -1.411759831787e+00 -8.169471465309e-01 1.631094e+00
0.715000 0.100000 -1.444345626218e+00 -8.415949832841e-01 1.671651e+00
0.720000 0.100000 -1.477635541179e+00 -8.674160420524e-01 1.713423e+00
0.725000 0.100000 -1.511644705341e+00 -8.944777494423e-01 1.756462e+00
0.730000 0.100000 -1.546387520167e+00 -9.228523676477e-01 1.800825e+00
0.735000 0.100000 -1.581877453663e+00 -9.526173666947e-01 1.846569e+00
0.740000 0.100000 -1.618126798762e+00 -9.838558263876e-01 1.893755e+00
0.745000 0.100000 -1.655146390763e+00 -1.016656869823e+00 1.942447e+00
0.750000 0.100000 -1.692945277374e+00 -1.051116130292e+00 1.992714e+00
0.755000 0.100000 -1.731530333894e+00 -1.087336253270e+00 2.044626e+00
0.760000 0.100000 -1.770905814919e+00 -1.125427435016e+00 2.098260e+00
0.765000 0.100000 -1.811072832612e+00 -1.165507998954e+00 2.153693e+00
0.770000 0.100000 -1.852028750052e+00 -1.207705010602e+00 2.211009e+00
0.775000 0.100000 -1.893766476407e+00 -1.252154931119e+00 2.270296e+00
0.780000 0.100000 -1.936273648695e+00 -1.299004308683e+00 2.331645e+00
0.785000 0.100000 -1.979531682601e+00 -1.348410505678e+00 2.395153e+00
0.790000 0.100000 -2.023514672262e+00 -1.400542458095e+00 2.460921e+00
0.795000 0.100000 -2.068188116023e+00 -1.455581461389e+00 2.529055e+00
0.800000 0.100000 -2.113507441968e+00 -1.513721974343e+00 2.599667e+00
0.805000 0.100000 -2.159416303458e+00 -1.575172428864e+00 2.672872e+00
0.810000 0.100000 -2.205844611069e+00 -1.640156029118e+00 2.748793e+00
0.815000 0.100000 -2.252706263183e+00 -1.708911517562e+00 2.827554e+00
0.820000 0.100000 -2.299896533194e+00 -1.781693878082e+00 2.909288e+00
0.825000 0.100000 -2.347289066995e+00 -1.858774937160e+00 2.994129e+00
0.830000 0.100000 -2.394732440301e+00 -1.940443812399e+00 3.082218e+00
0.835000 0.100000 -2.442046221908e+00 -2.027007143331e+00 3.173696e+00
0.840000 0.100000 -2.489016486556e+00 -2.118789021700e+00 3.268711e+00
0.845000 0.100000 -2.535390720576e+00 -2.216130516656e+00 3.367409e+00
0.850000 0.100000 -2.580872065866e+00 -2.319388664043e+00 3.469937e+00
0.855000 0.100000 -2.625112854416e+00 -2.428934757463e+00 3.576443e+00
0.860000 0.100000 -2.667707398512e+00 -2.545151741637e+00 3.687067e+00
0.865000 0.100000 -2.708184023343e+00 -2.668430465492e+00 3.801944e+00
0.870000 0.100000 -2.745996362237e+00 -2.799164503510e+00 3.921201e+00
0.875000 0.100000 -2.780513984183e+00 -2.937743200192e+00 4.044947e+00
0.880000 0.100000 -2.811012493614e+00 -3.084542535989e+00 4.173271e+00
0.885000 0.100000 -2.836663339276e+00 -3.239913357626e+00 4.306239e+00
0.890000 0.100000 -2.856523698940e+00 -3.404166467587e+00 4.443881e+00
0.895000 0.100000 -2.869526976047e+00 -3.577554036407e+00 4.586183e+00
0.900000 0.100000 -2.874474658904e+00 -3.760246801332e+00 4.733082e+00
0.905000 0.100000 -2.870030555741e+00 -3.952306565603e+00 4.884445e+00
0.910000 0.100000 -2.854718727828e+00 -4.153653639940e+00 5.040065e+00
0.915000 0.100000 -2.826926787083e+00 -4.364029104080e+00 5.199641e+00
0.920000 0.100000 -2.784916579534e+00 -4.582952148857e+00 5.362761e+00
0.925000 0.100000 -2.726844597425e+00 -4.809673326779e+00 5.528891e+00
0.930000 0.100000 -2.650794680742e+00 -5.043125323594e+00 5.697352e+00
0.935000 0.100000 -2.554825583545e+00 -5.281873878132e+00 5.867310e+00
0.940000 0.100000 -2.437035662277e+00 -5.524072698822e+00 6.037758e+00
0.945000 0.100000 -2.295646142562e+00 -5.767427568475e+00 6.207513e+00
0.950000 0.100000 -2.129102992805e+00 -6.009176125673e+00 6.375208e+00
0.955000 0.100000 -1.936195278796e+00 -6.246090791736e+00 6.539304e+00
0.960000 0.100000 -1.716185004852e+00 -6.474512609421e+00 6.698105e+00
0.965000 0.100000 -1.468940056635e+00 -6.690422948333e+00 6.849784e+00
0.970000 0.100000 -1.195058385383e+00 -6.889557720730e+00 6.992437e+00
0.975000 0.100000 -8.959687088673e-01 -7.067564723372e+00 7.124130e+00
0.980000 0.100000 -5.739916348753e-01 -7.220199105125e+00 7.242979e+00
0.985000 0.100000 -2.323461247648e-01 -7.343545370566e+00 7.347220e+00
0.990000 0.100000 1.249097927187e-01 -7.434247897603e+00 7.435297e+00
0.995000 0.100000 4.930081775774e-01 -7.489727162697e+00 7.505936e+00
1.000000 0.100000 8.666652023122e-01 -7.508357219233e+00 7.558210e+00
