# zline X=10000000 rho=0.75 C(X)=14 mode=h
# sigma t ReF ImF |F|
0.700000 10.000000 1.699227952534e+00 -2.881146102989e-01 1.723481e+00
0.705000 10.000000 1.696753304616e+00 -2.864364087705e-01 1.720761e+00
0.710000 10.000000 1.694272775133e+00 -2.847758188237e-01 1.718039e+00
0.715000 10.000000 1.691786904508e+00 -2.831325235254e-01 1.715315e+00
0.720000 10.000000 1.689296211117e+00 -2.815062137546e-01 1.712591e+00
0.725000 10.000000 1.686801192334e+00 -2.798965879999e-01 1.709866e+00
0.730000 10.000000 1.684302325501e+00 -2.783033521602e-01 1.707140e+00
0.735000 10.000000 1.681800068874e+00 -2.767262193534e-01 1.704415e+00
0.740000 10.000000 1.679294862503e+00 -2.751649097281e-01 1.701689e+00
0.745000 10.000000 1.676787129069e+00 -2.736191502822e-01 1.698965e+00
0.750000 10.000000 1.674277274691e+00 -2.720886746844e-01 1.696242e+00
0.755000 10.000000 1.671765689670e+00 -2.705732231009e-01 1.693520e+00
0.760000 10.000000 1.669252749219e+00 -2.690725420270e-01 1.690800e+00
0.765000 10.000000 1.666738814133e+00 -2.675863841214e-01 1.688082e+00
0.770000 10.000000 1.664224231442e+00 -2.661145080456e-01 1.685366e+00
0.775000 10.000000 1.661709335023e+00 -2.646566783062e-01 1.682653e+00
0.780000 10.000000 1.659194446177e+00 -2.632126651016e-01 1.679943e+00
0.785000 10.000000 1.656679874184e+00 -2.617822441716e-01 1.677235e+00
0.790000 10.000000 1.654165916827e+00 -2.603651966512e-01 1.674531e+00
0.795000 10.000000 1.651652860885e+00 -2.589613089269e-01 1.671831e+00
0.800000 10.000000 1.649140982608e+00 -2.575703724969e-01 1.669134e+00
0.805000 10.000000 1.646630548162e+00 -2.561921838344e-01 1.666441e+00
0.810000 10.000000 1.644121814051e+00 -2.548265442540e-01 1.663753e+00
0.815000 10.000000 1.641615027524e+00 -2.534732597809e-01 1.661069e+00
0.820000 10.000000 1.639110426958e+00 -2.521321410237e-01 1.658389e+00
0.825000 10.000000 1.636608242212e+00 -2.508030030500e-01 1.655714e+00
0.830000 10.000000 1.634108694986e+00 -2.494856652644e-01 1.653044e+00
0.835000 10.000000 1.631611999133e+00 -2.481799512901e-01 1.650379e+00
0.840000 10.000000 1.629118360983e+00 -2.468856888532e-01 1.647719e+00
0.845000 10.000000 1.626627979631e+00 -2.456027096690e-01 1.645065e+00
0.850000 10.000000 1.624141047218e+00 -2.443308493325e-01 1.642416e+00
0.855000 10.000000 1.621657749201e+00 -2.430699472100e-01 1.639773e+00
0.860000 10.000000 1.619178264607e+00 -2.418198463346e-01 1.637136e+00
0.865000 10.000000 1.616702766269e+00 -2.405803933040e-01 1.634505e+00
0.870000 10.000000 1.614231421062e+00 -2.393514381799e-01 1.631880e+00
0.875000 10.000000 1.611764390118e+00 -2.381328343920e-01 1.629261e+00
0.880000 10.000000 1.609301829033e+00 -2.369244386422e-01 1.626649e+00
0.885000 10.000000 1.606843888070e+00 -2.357261108131e-01 1.624043e+00
0.890000 10.000000 1.604390712341e+00 -2.345377138776e-01 1.621443e+00
0.895000 10.000000 1.601942441993e+00 -2.333591138115e-01 1.618850e+00
0.900000 10.000000 1.599499212375e+00 -2.321901795090e-01 1.616264e+00
0.905000 10.000000 1.597061154201e+00 -2.310307826989e-01 1.613685e+00
0.910000 10.000000 1.594628393712e+00 -2.298807978648e-01 1.611113e+00
0.915000 10.000000 1.592201052818e+00 -2.287401021659e-01 1.608548e+00
0.920000 10.000000 1.589779249241e+00 -2.276085753618e-01 1.605990e+00
0.925000 10.000000 1.587363096656e+00 -2.264860997376e-01 1.603439e+00
0.930000 10.000000 1.584952704816e+00 -2.253725600321e-01 1.600896e+00
0.935000 10.000000 1.582548179676e+00 -2.242678433680e-01 1.598360e+00
0.940000 10.000000 1.580149623512e+00 -2.231718391837e-01 1.595832e+00
0.945000 10.000000 1.577757135039e+00 -2.220844391676e-01 1.593311e+00
0.950000 10.000000 1.575370809512e+00 -2.210055371936e-01 1.590797e+00
0.955000 10.000000 1.572990738837e+00 -2.199350292593e-01 1.588292e+00
0.960000 10.000000 1.570617011667e+00 -2.188728134252e-01 1.585794e+00
0.965000 10.000000 1.568249713501e+00 -2.178187897565e-01 1.583304e+00
0.970000 10.000000 1.565888926770e+00 -2.167728602661e-01 1.580822e+00
0.975000 10.000000 1.563534730933e+00 -2.157349288591e-01 1.578348e+00
0.980000 10.000000 1.561187202558e+00 -2.147049012801e-01 1.575882e+00
0.985000 10.000000 1.558846415400e+00 -2.136826850606e-01 1.573424e+00
0.990000 10.000000 1.556512440488e+00 -2.126681894691e-01 1.570974e+00
0.995000 10.000000 1.554185346191e+00 -2.116613254625e-01 1.568532e+00
1.000000 10.000000 1.551865198299e+00 -2.106620056386e-01 1.566098e+00
