# zline X=10000000 rho=0.75 C(X)=14 mode=h
# sigma t ReF ImF |F|
0.700000 30.000000 8.997170511603e-01 -9.291874253531e-02 9.045024e-01
0.705000 30.000000 8.835023166126e-01 -1.029164808116e-01 8.894763e-01
0.710000 30.000000 8.678908887753e-01 -1.126844980854e-01 8.751756e-01
0.715000 30.000000 8.528637230150e-01 -1.222267570689e-01 8.615776e-01
0.720000 30.000000 8.384023713824e-01 -1.315472041735e-01 8.486597e-01
0.725000 30.000000 8.244889635150e-01 -1.406497649492e-01 8.363997e-01
0.730000 30.000000 8.111061881602e-01 -1.495383399650e-01 8.247757e-01
0.735000 30.000000 7.982372753023e-01 -1.582168010957e-01 8.137661e-01
0.740000 30.000000 7.858659788714e-01 -1.666889881874e-01 8.033496e-01
0.745000 30.000000 7.739765600151e-01 -1.749587060700e-01 7.935050e-01
0.750000 30.000000 7.625537709142e-01 -1.830297218937e-01 7.842118e-01
0.755000 30.000000 7.515828391294e-01 -1.909057627626e-01 7.754494e-01
0.760000 30.000000 7.410494524552e-01 -1.985905136436e-01 7.671978e-01
0.765000 30.000000 7.309397442661e-01 -2.060876155290e-01 7.594373e-01
0.770000 30.000000 7.212402793449e-01 -2.134006638345e-01 7.521485e-01
0.775000 30.000000 7.119380401681e-01 -2.205332070107e-01 7.453125e-01
0.780000 30.000000 7.030204136388e-01 -2.274887453559e-01 7.389106e-01
0.785000 30.000000 6.944751782540e-01 -2.342707300099e-01 7.329247e-01
0.790000 30.000000 6.862904916864e-01 -2.408825621165e-01 7.273370e-01
0.795000 30.000000 6.784548787715e-01 -2.473275921405e-01 7.221302e-01
0.800000 30.000000 6.709572198863e-01 -2.536091193265e-01 7.172874e-01
0.805000 30.000000 6.637867397028e-01 -2.597303912870e-01 7.127922e-01
0.810000 30.000000 6.569329963103e-01 -2.656946037092e-01 7.086287e-01
0.815000 30.000000 6.503858706884e-01 -2.715049001715e-01 7.047813e-01
0.820000 30.000000 6.441355565229e-01 -2.771643720579e-01 7.012351e-01
0.825000 30.000000 6.381725503511e-01 -2.826760585635e-01 6.979756e-01
0.830000 30.000000 6.324876420272e-01 -2.880429467818e-01 6.949887e-01
0.835000 30.000000 6.270719054966e-01 -2.932679718670e-01 6.922610e-01
0.840000 30.000000 6.219166898674e-01 -2.983540172642e-01 6.897793e-01
0.845000 30.000000 6.170136107733e-01 -3.033039149997e-01 6.875311e-01
0.850000 30.000000 6.123545420126e-01 -3.081204460283e-01 6.855044e-01
0.855000 30.000000 6.079316074599e-01 -3.128063406283e-01 6.836875e-01
0.860000 30.000000 6.037371732372e-01 -3.173642788427e-01 6.820694e-01
0.865000 30.000000 5.997638401382e-01 -3.217968909589e-01 6.806393e-01
0.870000 30.000000 5.960044362963e-01 -3.261067580248e-01 6.793872e-01
0.875000 30.000000 5.924520100888e-01 -3.302964123954e-01 6.783031e-01
0.880000 30.000000 5.890998232695e-01 -3.343683383080e-01 6.773779e-01
0.885000 30.000000 5.859413443217e-01 -3.383249724801e-01 6.766026e-01
0.890000 30.000000 5.829702420251e-01 -3.421687047299e-01 6.759687e-01
0.895000 30.000000 5.801803792286e-01 -3.459018786140e-01 6.754683e-01
0.900000 30.000000 5.775658068223e-01 -3.495267920802e-01 6.750935e-01
0.905000 30.000000 5.751207579040e-01 -3.530456981340e-01 6.748371e-01
0.910000 30.000000 5.728396421310e-01 -3.564608055151e-01 6.746922e-01
0.915000 30.000000 5.707170402526e-01 -3.597742793830e-01 6.746521e-01
0.920000 30.000000 5.687476988176e-01 -3.629882420086e-01 6.747106e-01
0.925000 30.000000 5.669265250502e-01 -3.661047734711e-01 6.748618e-01
0.930000 30.000000 5.652485818894e-01 -3.691259123581e-01 6.750999e-01
0.935000 30.000000 5.637090831864e-01 -3.720536564678e-01 6.754198e-01
0.940000 30.000000 5.623033890544e-01 -3.748899635110e-01 6.758162e-01
0.945000 30.000000 5.610270013661e-01 -3.776367518133e-01 6.762846e-01
0.950000 30.000000 5.598755593946e-01 -3.802959010150e-01 6.768202e-01
0.955000 30.000000 5.588448355918e-01 -3.828692527678e-01 6.774189e-01
0.960000 30.000000 5.579307315010e-01 -3.853586114289e-01 6.780767e-01
0.965000 30.000000 5.571292737983e-01 -3.877657447497e-01 6.787896e-01
0.970000 30.000000 5.564366104600e-01 -3.900923845595e-01 6.795541e-01
0.975000 30.000000 5.558490070493e-01 -3.923402274436e-01 6.803668e-01
0.980000 30.000000 5.553628431221e-01 -3.945109354143e-01 6.812245e-01
0.985000 30.000000 5.549746087442e-01 -3.966061365758e-01 6.821241e-01
0.990000 30.000000 5.546809011194e-01 -3.986274257806e-01 6.830628e-01
0.995000 30.000000 5.544784213225e-01 -4.005763652791e-01 6.840378e-01
1.000000 30.000000 5.543639711357e-01 -4.024544853601e-01 6.850467e-01
