# zline X=10000000 rho=0.75 C(X)=14 mode=h
# sigma t ReF ImF |F|
0.700000 80.000000 1.219792304694e+00 2.065846705036e+00 2.399086e+00
0.705000 80.000000 1.220778055692e+00 2.043061787629e+00 2.380000e+00
0.710000 80.000000 1.221776677462e+00 2.020661234084e+00 2.361315e+00
0.715000 80.000000 1.222786230947e+00 1.998637260724e+00 2.343023e+00
0.720000 80.000000 1.223804884399e+00 1.976982209185e+00 2.325114e+00
0.725000 80.000000 1.224830907880e+00 1.955688548228e+00 2.307581e+00
0.730000 80.000000 1.225862668060e+00 1.934748875166e+00 2.290413e+00
0.735000 80.000000 1.226898623292e+00 1.914155916943e+00 2.273604e+00
0.740000 80.000000 1.227937318939e+00 1.893902530878e+00 2.257144e+00
0.745000 80.000000 1.228977382960e+00 1.873981705119e+00 2.241025e+00
0.750000 80.000000 1.230017521719e+00 1.854386558819e+00 2.225240e+00
0.755000 80.000000 1.231056516015e+00 1.835110342071e+00 2.209781e+00
0.760000 80.000000 1.232093217330e+00 1.816146435606e+00 2.194639e+00
0.765000 80.000000 1.233126544257e+00 1.797488350298e+00 2.179809e+00
0.770000 80.000000 1.234155479129e+00 1.779129726474e+00 2.165281e+00
0.775000 80.000000 1.235179064815e+00 1.761064333057e+00 2.151050e+00
0.780000 80.000000 1.236196401686e+00 1.743286066558e+00 2.137107e+00
0.785000 80.000000 1.237206644736e+00 1.725788949933e+00 2.123447e+00
0.790000 80.000000 1.238209000851e+00 1.708567131313e+00 2.110062e+00
0.795000 80.000000 1.239202726224e+00 1.691614882628e+00 2.096946e+00
0.800000 80.000000 1.240187123894e+00 1.674926598133e+00 2.084093e+00
0.805000 80.000000 1.241161541418e+00 1.658496792846e+00 2.071495e+00
0.810000 80.000000 1.242125368659e+00 1.642320100917e+00 2.059148e+00
0.815000 80.000000 1.243078035684e+00 1.626391273921e+00 2.047045e+00
0.820000 80.000000 1.244019010778e+00 1.610705179106e+00 2.035179e+00
0.825000 80.000000 1.244947798542e+00 1.595256797581e+00 2.023546e+00
0.830000 80.000000 1.245863938106e+00 1.580041222473e+00 2.012140e+00
0.835000 80.000000 1.246767001414e+00 1.565053657041e+00 2.000955e+00
0.840000 80.000000 1.247656591610e+00 1.550289412772e+00 1.989986e+00
0.845000 80.000000 1.248532341491e+00 1.535743907448e+00 1.979228e+00
0.850000 80.000000 1.249393912049e+00 1.521412663199e+00 1.968675e+00
0.855000 80.000000 1.250240991075e+00 1.507291304544e+00 1.958323e+00
0.860000 80.000000 1.251073291840e+00 1.493375556431e+00 1.948167e+00
0.865000 80.000000 1.251890551834e+00 1.479661242264e+00 1.938202e+00
0.870000 80.000000 1.252692531573e+00 1.466144281944e+00 1.928424e+00
0.875000 80.000000 1.253479013460e+00 1.452820689901e+00 1.918827e+00
0.880000 80.000000 1.254249800702e+00 1.439686573148e+00 1.909408e+00
0.885000 80.000000 1.255004716283e+00 1.426738129334e+00 1.900163e+00
0.890000 80.000000 1.255743601980e+00 1.413971644819e+00 1.891086e+00
0.895000 80.000000 1.256466317434e+00 1.401383492757e+00 1.882175e+00
0.900000 80.000000 1.257172739259e+00 1.388970131205e+00 1.873425e+00
0.905000 80.000000 1.257862760197e+00 1.376728101246e+00 1.864832e+00
0.910000 80.000000 1.258536288315e+00 1.364654025133e+00 1.856393e+00
0.915000 80.000000 1.259193246233e+00 1.352744604460e+00 1.848103e+00
0.920000 80.000000 1.259833570400e+00 1.340996618353e+00 1.839960e+00
0.925000 80.000000 1.260457210387e+00 1.329406921692e+00 1.831959e+00
0.930000 80.000000 1.261064128234e+00 1.317972443350e+00 1.824098e+00
0.935000 80.000000 1.261654297812e+00 1.306690184465e+00 1.816373e+00
0.940000 80.000000 1.262227704216e+00 1.295557216745e+00 1.808781e+00
0.945000 80.000000 1.262784343198e+00 1.284570680788e+00 1.801318e+00
0.950000 80.000000 1.263324220611e+00 1.273727784446e+00 1.793982e+00
0.955000 80.000000 1.263847351889e+00 1.263025801203e+00 1.786769e+00
0.960000 80.000000 1.264353761547e+00 1.252462068599e+00 1.779677e+00
0.965000 80.000000 1.264843482705e+00 1.242033986670e+00 1.772703e+00
0.970000 80.000000 1.265316556629e+00 1.231739016425e+00 1.765845e+00
0.975000 80.000000 1.265773032302e+00 1.221574678355e+00 1.759098e+00
0.980000 80.000000 1.266212966011e+00 1.211538550965e+00 1.752461e+00
0.985000 80.000000 1.266636420941e+00 1.201628269343e+00 1.745932e+00
0.990000 80.000000 1.267043466810e+00 1.191841523754e+00 1.739507e+00
0.995000 80.000000 1.267434179500e+00 1.182176058272e+00 1.733185e+00
1.000000 80.000000 1.267808640713e+00 1.172629669428e+00 1.726962e+00
