# zline X=10000000 rho=0.75 C(X)=14 mode=h
# sigma t ReF ImF |F|
0.700000 90.000000 1.436628686197e+00 1.731362608110e+00 2.249782e+00
0.705000 90.000000 1.434798864450e+00 1.715388179426e+00 2.236337e+00
0.710000 90.000000 1.433053268034e+00 1.699674278699e+00 2.223181e+00
0.715000 90.000000 1.431387071029e+00 1.684214168022e+00 2.210305e+00
0.720000 90.000000 1.429795695401e+00 1.669001324424e+00 2.197699e+00
0.725000 90.000000 1.428274798701e+00 1.654029432373e+00 2.185356e+00
0.730000 90.000000 1.426820262385e+00 1.639292376544e+00 2.173268e+00
0.735000 90.000000 1.425428180690e+00 1.624784234854e+00 2.161428e+00
0.740000 90.000000 1.424094850077e+00 1.610499271740e+00 2.149827e+00
0.745000 90.000000 1.422816759175e+00 1.596431931693e+00 2.138458e+00
0.750000 90.000000 1.421590579230e+00 1.582576833012e+00 2.127315e+00
0.755000 90.000000 1.420413155015e+00 1.568928761798e+00 2.116391e+00
0.760000 90.000000 1.419281496197e+00 1.555482666157e+00 2.105680e+00
0.765000 90.000000 1.418192769112e+00 1.542233650618e+00 2.095174e+00
0.770000 90.000000 1.417144288960e+00 1.529176970750e+00 2.084869e+00
0.775000 90.000000 1.416133512370e+00 1.516308027978e+00 2.074759e+00
0.780000 90.000000 1.415158030337e+00 1.503622364584e+00 2.064837e+00
0.785000 90.000000 1.414215561504e+00 1.491115658892e+00 2.055099e+00
0.790000 90.000000 1.413303945772e+00 1.478783720629e+00 2.045539e+00
0.795000 90.000000 1.412421138227e+00 1.466622486445e+00 2.036152e+00
0.800000 90.000000 1.411565203360e+00 1.454628015609e+00 2.026933e+00
0.805000 90.000000 1.410734309573e+00 1.442796485850e+00 2.017878e+00
0.810000 90.000000 1.409926723961e+00 1.431124189352e+00 2.008982e+00
0.815000 90.000000 1.409140807338e+00 1.419607528896e+00 2.000241e+00
0.820000 90.000000 1.408375009517e+00 1.408243014139e+00 1.991650e+00
0.825000 90.000000 1.407627864821e+00 1.397027258025e+00 1.983205e+00
0.830000 90.000000 1.406897987809e+00 1.385956973330e+00 1.974902e+00
0.835000 90.000000 1.406184069217e+00 1.375028969328e+00 1.966738e+00
0.840000 90.000000 1.405484872102e+00 1.364240148578e+00 1.958708e+00
0.845000 90.000000 1.404799228166e+00 1.353587503825e+00 1.950810e+00
0.850000 90.000000 1.404126034271e+00 1.343068115013e+00 1.943039e+00
0.855000 90.000000 1.403464249120e+00 1.332679146407e+00 1.935393e+00
0.860000 90.000000 1.402812890105e+00 1.322417843811e+00 1.927867e+00
0.865000 90.000000 1.402171030309e+00 1.312281531893e+00 1.920460e+00
0.870000 90.000000 1.401537795655e+00 1.302267611600e+00 1.913167e+00
0.875000 90.000000 1.400912362199e+00 1.292373557666e+00 1.905987e+00
0.880000 90.000000 1.400293953555e+00 1.282596916210e+00 1.898915e+00
0.885000 90.000000 1.399681838448e+00 1.272935302416e+00 1.891950e+00
0.890000 90.000000 1.399075328389e+00 1.263386398297e+00 1.885088e+00
0.895000 90.000000 1.398473775464e+00 1.253947950537e+00 1.878328e+00
0.900000 90.000000 1.397876570232e+00 1.244617768410e+00 1.871666e+00
0.905000 90.000000 1.397283139734e+00 1.235393721767e+00 1.865100e+00
0.910000 90.000000 1.396692945592e+00 1.226273739103e+00 1.858628e+00
0.915000 90.000000 1.396105482207e+00 1.217255805681e+00 1.852248e+00
0.920000 90.000000 1.395520275050e+00 1.208337961728e+00 1.845957e+00
0.925000 90.000000 1.394936879031e+00 1.199518300690e+00 1.839754e+00
0.930000 90.000000 1.394354876959e+00 1.190794967551e+00 1.833635e+00
0.935000 90.000000 1.393773878068e+00 1.182166157207e+00 1.827600e+00
0.940000 90.000000 1.393193516629e+00 1.173630112899e+00 1.821646e+00
0.945000 90.000000 1.392613450621e+00 1.165185124695e+00 1.815772e+00
0.950000 90.000000 1.392033360473e+00 1.156829528029e+00 1.809976e+00
0.955000 90.000000 1.391452947874e+00 1.148561702287e+00 1.804255e+00
0.960000 90.000000 1.390871934634e+00 1.140380069447e+00 1.798608e+00
0.965000 90.000000 1.390290061610e+00 1.132283092751e+00 1.793034e+00
0.970000 90.000000 1.389707087681e+00 1.124269275443e+00 1.787531e+00
0.975000 90.000000 1.389122788780e+00 1.116337159530e+00 1.782097e+00
0.980000 90.000000 1.388536956969e+00 1.108485324597e+00 1.776731e+00
0.985000 90.000000 1.387949399567e+00 1.100712386658e+00 1.771432e+00
0.990000 90.000000 1.387359938318e+00 1.093016997044e+00 1.766198e+00
0.995000 90.000000 1.386768408606e+00 1.085397841333e+00 1.761027e+00
1.000000 90.000000 1.386174658702e+00 1.077853638308e+00 1.755918e+00
