# zline X=10000000 rho=0.75 C(X)=14 mode=h
# sigma t ReF ImF |F|
0.700000 70.000000 4.635306414055e-01 4.138383674635e-01 6.213878e-01
0.705000 70.000000 4.675672060823e-01 4.126362175528e-01 6.236086e-01
0.710000 70.000000 4.715905188494e-01 4.113583017001e-01 6.257901e-01
0.715000 70.000000 4.755994986680e-01 4.100094415669e-01 6.279352e-01
0.720000 70.000000 4.795931321058e-01 4.085942343140e-01 6.300467e-01
0.725000 70.000000 4.835704699099e-01 4.071170622844e-01 6.321271e-01
0.730000 70.000000 4.875306237583e-01 4.055821022759e-01 6.341790e-01
0.735000 70.000000 4.914727631794e-01 4.039933344215e-01 6.362044e-01
0.740000 70.000000 4.953961126301e-01 4.023545506943e-01 6.382057e-01
0.745000 70.000000 4.992999487241e-01 4.006693630522e-01 6.401846e-01
0.750000 70.000000 5.031835976010e-01 3.989412112381e-01 6.421431e-01
0.755000 70.000000 5.070464324304e-01 3.971733702502e-01 6.440829e-01
0.760000 70.000000 5.108878710412e-01 3.953689574957e-01 6.460054e-01
0.765000 70.000000 5.147073736714e-01 3.935309396430e-01 6.479122e-01
0.770000 70.000000 5.185044408308e-01 3.916621391825e-01 6.498047e-01
0.775000 70.000000 5.222786112704e-01 3.897652407111e-01 6.516839e-01
0.780000 70.000000 5.260294600533e-01 3.878427969497e-01 6.535511e-01
0.785000 70.000000 5.297565967214e-01 3.858972345066e-01 6.554073e-01
0.790000 70.000000 5.334596635527e-01 3.839308593973e-01 6.572535e-01
0.795000 70.000000 5.371383339047e-01 3.819458623294e-01 6.590905e-01
0.800000 70.000000 5.407923106392e-01 3.799443237652e-01 6.609191e-01
0.805000 70.000000 5.444213246242e-01 3.779282187689e-01 6.627400e-01
0.810000 70.000000 5.480251333084e-01 3.758994216488e-01 6.645539e-01
0.815000 70.000000 5.516035193663e-01 3.738597104029e-01 6.663614e-01
0.820000 70.000000 5.551562894076e-01 3.718107709758e-01 6.681630e-01
0.825000 70.000000 5.586832727497e-01 3.697542013355e-01 6.699591e-01
0.830000 70.000000 5.621843202494e-01 3.676915153773e-01 6.717501e-01
0.835000 70.000000 5.656593031905e-01 3.656241466616e-01 6.735365e-01
0.840000 70.000000 5.691081122246e-01 3.635534519935e-01 6.753186e-01
0.845000 70.000000 5.725306563631e-01 3.614807148504e-01 6.770965e-01
0.850000 70.000000 5.759268620166e-01 3.594071486640e-01 6.788706e-01
0.855000 70.000000 5.792966720801e-01 3.573338999626e-01 6.806410e-01
0.860000 70.000000 5.826400450623e-01 3.552620513801e-01 6.824079e-01
0.865000 70.000000 5.859569542551e-01 3.531926245369e-01 6.841715e-01
0.870000 70.000000 5.892473869429e-01 3.511265827981e-01 6.859317e-01
0.875000 70.000000 5.925113436497e-01 3.490648339140e-01 6.876888e-01
0.880000 70.000000 5.957488374202e-01 3.470082325491e-01 6.894428e-01
0.885000 70.000000 5.989598931362e-01 3.449575827018e-01 6.911937e-01
0.890000 70.000000 6.021445468646e-01 3.429136400217e-01 6.929414e-01
0.895000 70.000000 6.053028452354e-01 3.408771140283e-01 6.946861e-01
0.900000 70.000000 6.084348448495e-01 3.388486702338e-01 6.964276e-01
0.905000 70.000000 6.115406117141e-01 3.368289321758e-01 6.981659e-01
0.910000 70.000000 6.146202207042e-01 3.348184833630e-01 6.999010e-01
0.915000 70.000000 6.176737550498e-01 3.328178691375e-01 7.016328e-01
0.920000 70.000000 6.207013058463e-01 3.308275984568e-01 7.033612e-01
0.925000 70.000000 6.237029715883e-01 3.288481455998e-01 7.050862e-01
0.930000 70.000000 6.266788577253e-01 3.268799517993e-01 7.068075e-01
0.935000 70.000000 6.296290762375e-01 3.249234268042e-01 7.085252e-01
0.940000 70.000000 6.325537452319e-01 3.229789503746e-01 7.102391e-01
0.945000 70.000000 6.354529885573e-01 3.210468737124e-01 7.119492e-01
0.950000 70.000000 6.383269354369e-01 3.191275208299e-01 7.136551e-01
0.955000 70.000000 6.411757201185e-01 3.172211898594e-01 7.153570e-01
0.960000 70.000000 6.439994815408e-01 3.153281543064e-01 7.170545e-01
0.965000 70.000000 6.467983630156e-01 3.134486642479e-01 7.187477e-01
0.970000 70.000000 6.495725119246e-01 3.115829474792e-01 7.204362e-01
0.975000 70.000000 6.523220794307e-01 3.097312106107e-01 7.221202e-01
0.980000 70.000000 6.550472202028e-01 3.078936401170e-01 7.237993e-01
0.985000 70.000000 6.577480921538e-01 3.060704033399e-01 7.254734e-01
0.990000 70.000000 6.604248561904e-01 3.042616494482e-01 7.271424e-01
0.995000 70.000000 6.630776759758e-01 3.024675103548e-01 7.288063e-01
1.000000 70.000000 6.657067177024e-01 3.006881015945e-01 7.304648e-01
