# zline X=10000000 rho=0.75 C(X)=14 mode=h
# sigma t ReF ImF |F|
0.700000 20.000000 1.051535172907e+00 -4.712345879893e-01 1.152297e+00
0.705000 20.000000 1.043300070918e+00 -4.707553110090e-01 1.144590e+00
0.710000 20.000000 1.035259333923e+00 -4.702587817502e-01 1.137060e+00
0.715000 20.000000 1.027409734450e+00 -4.697458821546e-01 1.129704e+00
0.720000 20.000000 1.019748066034e+00 -4.692174473933e-01 1.122520e+00
0.725000 20.000000 1.012271144808e+00 -4.686742681285e-01 1.115504e+00
0.730000 20.000000 1.004975810972e+00 -4.681170926740e-01 1.108652e+00
0.735000 20.000000 9.978589301608e-01 -4.675466290598e-01 1.101963e+00
0.740000 20.000000 9.909173947018e-01 -4.669635470056e-01 1.095432e+00
0.745000 20.000000 9.841481247791e-01 -4.663684798046e-01 1.089058e+00
0.750000 20.000000 9.775480695023e-01 -4.657620261239e-01 1.082836e+00
0.755000 20.000000 9.711142078856e-01 -4.651447517240e-01 1.076765e+00
0.760000 20.000000 9.648435497412e-01 -4.645171911011e-01 1.070840e+00
0.765000 20.000000 9.587331364925e-01 -4.638798490550e-01 1.065060e+00
0.770000 20.000000 9.527800419076e-01 -4.632332021862e-01 1.059422e+00
0.775000 20.000000 9.469813727626e-01 -4.625777003257e-01 1.053922e+00
0.780000 20.000000 9.413342694328e-01 -4.619137678989e-01 1.048558e+00
0.785000 20.000000 9.358359064182e-01 -4.612418052283e-01 1.043328e+00
0.790000 20.000000 9.304834928058e-01 -4.605621897759e-01 1.038228e+00
0.795000 20.000000 9.252742726732e-01 -4.598752773291e-01 1.033256e+00
0.800000 20.000000 9.202055254354e-01 -4.591814031315e-01 1.028409e+00
0.805000 20.000000 9.152745661372e-01 -4.584808829622e-01 1.023686e+00
0.810000 20.000000 9.104787456975e-01 -4.577740141642e-01 1.019082e+00
0.815000 20.000000 9.058154511030e-01 -4.570610766260e-01 1.014597e+00
0.820000 20.000000 9.012821055593e-01 -4.563423337162e-01 1.010227e+00
0.825000 20.000000 8.968761685986e-01 -4.556180331754e-01 1.005970e+00
0.830000 20.000000 8.925951361474e-01 -4.548884079653e-01 1.001823e+00
0.835000 20.000000 8.884365405570e-01 -4.541536770781e-01 9.977851e-01
0.840000 20.000000 8.843979505981e-01 -4.534140463072e-01 9.938531e-01
0.845000 20.000000 8.804769714231e-01 -4.526697089816e-01 9.900250e-01
0.850000 20.000000 8.766712444964e-01 -4.519208466646e-01 9.862986e-01
0.855000 20.000000 8.729784474963e-01 -4.511676298191e-01 9.826717e-01
0.860000 20.000000 8.693962941891e-01 -4.504102184409e-01 9.791421e-01
0.865000 20.000000 8.659225342772e-01 -4.496487626608e-01 9.757079e-01
0.870000 20.000000 8.625549532263e-01 -4.488834033181e-01 9.723669e-01
0.875000 20.000000 8.592913720659e-01 -4.481142725046e-01 9.691172e-01
0.880000 20.000000 8.561296471731e-01 -4.473414940833e-01 9.659567e-01
0.885000 20.000000 8.530676700360e-01 -4.465651841801e-01 9.628836e-01
0.890000 20.000000 8.501033669982e-01 -4.457854516517e-01 9.598960e-01
0.895000 20.000000 8.472346989896e-01 -4.450023985299e-01 9.569920e-01
0.900000 20.000000 8.444596612396e-01 -4.442161204426e-01 9.541698e-01
0.905000 20.000000 8.417762829777e-01 -4.434267070153e-01 9.514276e-01
0.910000 20.000000 8.391826271210e-01 -4.426342422497e-01 9.487637e-01
0.915000 20.000000 8.366767899509e-01 -4.418388048849e-01 9.461763e-01
0.920000 20.000000 8.342569007775e-01 -4.410404687382e-01 9.436637e-01
0.925000 20.000000 8.319211215966e-01 -4.402393030297e-01 9.412244e-01
0.930000 20.000000 8.296676467360e-01 -4.394353726884e-01 9.388567e-01
0.935000 20.000000 8.274947024952e-01 -4.386287386427e-01 9.365589e-01
0.940000 20.000000 8.254005467778e-01 -4.378194580961e-01 9.343297e-01
0.945000 20.000000 8.233834687176e-01 -4.370075847864e-01 9.321673e-01
0.950000 20.000000 8.214417882996e-01 -4.361931692329e-01 9.300705e-01
0.955000 20.000000 8.195738559762e-01 -4.353762589679e-01 9.280376e-01
0.960000 20.000000 8.177780522786e-01 -4.345568987577e-01 9.260673e-01
0.965000 20.000000 8.160527874256e-01 -4.337351308093e-01 9.241582e-01
0.970000 20.000000 8.143965009301e-01 -4.329109949667e-01 9.223088e-01
0.975000 20.000000 8.128076612013e-01 -4.320845288960e-01 9.205180e-01
0.980000 20.000000 8.112847651469e-01 -4.312557682593e-01 9.187843e-01
0.985000 20.000000 8.098263377735e-01 -4.304247468789e-01 9.171064e-01
0.990000 20.000000 8.084309317861e-01 -4.295914968923e-01 9.154832e-01
0.995000 20.000000 8.070971271869e-01 -4.287560488973e-01 9.139133e-01
1.000000 20.000000 8.058235308753e-01 -4.279184320891e-01 9.123956e-01
