# zline X=10000000 rho=0.8 C(X)=-3 mode=h
# sigma t ReF ImF |F|
0.700000 40.000000 1.605470464136e+00 -5.891904910265e-01 1.710170e+00
0.705000 40.000000 1.590172797370e+00 -5.839806314867e-01 1.694014e+00
0.710000 40.000000 1.575216409582e+00 -5.788184803486e-01 1.678195e+00
0.715000 40.000000 1.560593369880e+00 -5.737039829927e-01 1.662705e+00
0.720000 40.000000 1.546295936566e+00 -5.686370775086e-01 1.647537e+00
0.725000 40.000000 1.532316552556e+00 -5.636176937188e-01 1.632685e+00
0.730000 40.000000 1.518647840921e+00 -5.586457523636e-01 1.618140e+00
0.735000 40.000000 1.505282600551e+00 -5.537211644294e-01 1.603896e+00
0.740000 40.000000 1.492213801920e+00 -5.488438306085e-01 1.589947e+00
0.745000 40.000000 1.479434582973e+00 -5.440136408769e-01 1.576286e+00
0.750000 40.000000 1.466938245108e+00 -5.392304741773e-01 1.562907e+00
0.755000 40.000000 1.454718249264e+00 -5.344941981985e-01 1.549803e+00
0.760000 40.000000 1.442768212101e+00 -5.298046692389e-01 1.536969e+00
0.765000 40.000000 1.431081902282e+00 -5.251617321469e-01 1.524398e+00
0.770000 40.000000 1.419653236839e+00 -5.205652203287e-01 1.512086e+00
0.775000 40.000000 1.408476277632e+00 -5.160149558157e-01 1.500026e+00
0.780000 40.000000 1.397545227891e+00 -5.115107493861e-01 1.488212e+00
0.785000 40.000000 1.386854428840e+00 -5.070524007315e-01 1.476641e+00
0.790000 40.000000 1.376398356407e+00 -5.026396986654e-01 1.465305e+00
0.795000 40.000000 1.366171618009e+00 -4.982724213667e-01 1.454201e+00
0.800000 40.000000 1.356168949410e+00 -4.939503366529e-01 1.443323e+00
0.805000 40.000000 1.346385211658e+00 -4.896732022806e-01 1.432666e+00
0.810000 40.000000 1.336815388093e+00 -4.854407662670e-01 1.422226e+00
0.815000 40.000000 1.327454581427e+00 -4.812527672296e-01 1.411999e+00
0.820000 40.000000 1.318298010888e+00 -4.771089347419e-01 1.401978e+00
0.825000 40.000000 1.309341009434e+00 -4.730089896996e-01 1.392161e+00
0.830000 40.000000 1.300579021032e+00 -4.689526446972e-01 1.382542e+00
0.835000 40.000000 1.292007598001e+00 -4.649396044108e-01 1.373118e+00
0.840000 40.000000 1.283622398416e+00 -4.609695659852e-01 1.363884e+00
0.845000 40.000000 1.275419183573e+00 -4.570422194246e-01 1.354836e+00
0.850000 40.000000 1.267393815515e+00 -4.531572479827e-01 1.345971e+00
0.855000 40.000000 1.259542254611e+00 -4.493143285533e-01 1.337285e+00
0.860000 40.000000 1.251860557197e+00 -4.455131320578e-01 1.328773e+00
0.865000 40.000000 1.244344873271e+00 -4.417533238301e-01 1.320432e+00
0.870000 40.000000 1.236991444237e+00 -4.380345639959e-01 1.312258e+00
0.875000 40.000000 1.229796600711e+00 -4.343565078479e-01 1.304249e+00
0.880000 40.000000 1.222756760367e+00 -4.307188062134e-01 1.296400e+00
0.885000 40.000000 1.215868425846e+00 -4.271211058154e-01 1.288708e+00
0.890000 40.000000 1.209128182703e+00 -4.235630496265e-01 1.281170e+00
0.895000 40.000000 1.202532697408e+00 -4.200442772136e-01 1.273783e+00
0.900000 40.000000 1.196078715398e+00 -4.165644250748e-01 1.266543e+00
0.905000 40.000000 1.189763059162e+00 -4.131231269667e-01 1.259447e+00
0.910000 40.000000 1.183582626387e+00 -4.097200142230e-01 1.252493e+00
0.915000 40.000000 1.177534388134e+00 -4.063547160629e-01 1.245677e+00
0.920000 40.000000 1.171615387068e+00 -4.030268598903e-01 1.238997e+00
0.925000 40.000000 1.165822735726e+00 -3.997360715828e-01 1.232449e+00
0.930000 40.000000 1.160153614820e+00 -3.964819757707e-01 1.226032e+00
0.935000 40.000000 1.154605271593e+00 -3.932641961069e-01 1.219742e+00
0.940000 40.000000 1.149175018203e+00 -3.900823555252e-01 1.213576e+00
0.945000 40.000000 1.143860230149e+00 -3.869360764905e-01 1.207533e+00
0.950000 40.000000 1.138658344741e+00 -3.838249812376e-01 1.201609e+00
0.955000 40.000000 1.133566859596e+00 -3.807486920013e-01 1.195802e+00
0.960000 40.000000 1.128583331177e+00 -3.777068312360e-01 1.190110e+00
0.965000 40.000000 1.123705373366e+00 -3.746990218263e-01 1.184531e+00
0.970000 40.000000 1.118930656069e+00 -3.717248872883e-01 1.179061e+00
0.975000 40.000000 1.114256903860e+00 -3.687840519609e-01 1.173699e+00
0.980000 40.000000 1.109681894649e+00 -3.658761411888e-01 1.168443e+00
0.985000 40.000000 1.105203458392e+00 -3.630007814965e-01 1.163290e+00
0.990000 40.000000 1.100819475824e+00 -3.601576007533e-01 1.158239e+00
0.995000 40.000000 1.096527877230e+00 -3.573462283305e-01 1.153286e+00
1.000000 40.000000 1.092326641239e+00 -3.545662952492e-01 1.148431e+00
