# zline X=10000000 rho=0.8 C(X)=-3 mode=h
# sigma t ReF ImF |F|
0.700000 10.000000 2.012987208609e+00 -3.780009038415e-01 2.048170e+00
0.705000 10.000000 2.006421332420e+00 -3.758860822287e-01 2.041327e+00
0.710000 10.000000 1.999896815543e+00 -3.737716934012e-01 2.034525e+00
0.715000 10.000000 1.993413859814e+00 -3.716583404646e-01 2.027764e+00
0.720000 10.000000 1.986972641081e+00 -3.695466047516e-01 2.021046e+00
0.725000 10.000000 1.980573310397e+00 -3.674370461216e-01 2.014369e+00
0.730000 10.000000 1.974215995165e+00 -3.653302032923e-01 2.007734e+00
0.735000 10.000000 1.967900800234e+00 -3.632265941967e-01 2.001141e+00
0.740000 10.000000 1.961627808966e+00 -3.611267163637e-01 1.994592e+00
0.745000 10.000000 1.955397084253e+00 -3.590310473188e-01 1.988085e+00
0.750000 10.000000 1.949208669500e+00 -3.569400449991e-01 1.981621e+00
0.755000 10.000000 1.943062589573e+00 -3.548541481828e-01 1.975200e+00
0.760000 10.000000 1.936958851700e+00 -3.527737769294e-01 1.968822e+00
0.765000 10.000000 1.930897446346e+00 -3.506993330260e-01 1.962487e+00
0.770000 10.000000 1.924878348052e+00 -3.486312004414e-01 1.956195e+00
0.775000 10.000000 1.918901516236e+00 -3.465697457835e-01 1.949947e+00
0.780000 10.000000 1.912966895963e+00 -3.445153187589e-01 1.943742e+00
0.785000 10.000000 1.907074418690e+00 -3.424682526328e-01 1.937580e+00
0.790000 10.000000 1.901224002969e+00 -3.404288646891e-01 1.931462e+00
0.795000 10.000000 1.895415555130e+00 -3.383974566870e-01 1.925386e+00
0.800000 10.000000 1.889648969937e+00 -3.363743153163e-01 1.919354e+00
0.805000 10.000000 1.883924131204e+00 -3.343597126480e-01 1.913365e+00
0.810000 10.000000 1.878240912401e+00 -3.323539065792e-01 1.907419e+00
0.815000 10.000000 1.872599177223e+00 -3.303571412737e-01 1.901516e+00
0.820000 10.000000 1.866998780139e+00 -3.283696475955e-01 1.895656e+00
0.825000 10.000000 1.861439566918e+00 -3.263916435366e-01 1.889838e+00
0.830000 10.000000 1.855921375131e+00 -3.244233346356e-01 1.884063e+00
0.835000 10.000000 1.850444034632e+00 -3.224649143908e-01 1.878331e+00
0.840000 10.000000 1.845007368016e+00 -3.205165646641e-01 1.872641e+00
0.845000 10.000000 1.839611191062e+00 -3.185784560765e-01 1.866993e+00
0.850000 10.000000 1.834255313149e+00 -3.166507483960e-01 1.861387e+00
0.855000 10.000000 1.828939537662e+00 -3.147335909159e-01 1.855822e+00
0.860000 10.000000 1.823663662374e+00 -3.128271228253e-01 1.850300e+00
0.865000 10.000000 1.818427479810e+00 -3.109314735695e-01 1.844819e+00
0.870000 10.000000 1.813230777605e+00 -3.090467632019e-01 1.839379e+00
0.875000 10.000000 1.808073338829e+00 -3.071731027280e-01 1.833981e+00
0.880000 10.000000 1.802954942316e+00 -3.053105944390e-01 1.828623e+00
0.885000 10.000000 1.797875362960e+00 -3.034593322367e-01 1.823306e+00
0.890000 10.000000 1.792834372013e+00 -3.016194019502e-01 1.818029e+00
0.895000 10.000000 1.787831737362e+00 -2.997908816431e-01 1.812793e+00
0.900000 10.000000 1.782867223789e+00 -2.979738419123e-01 1.807596e+00
0.905000 10.000000 1.777940593229e+00 -2.961683461783e-01 1.802440e+00
0.910000 10.000000 1.773051605008e+00 -2.943744509659e-01 1.797323e+00
0.915000 10.000000 1.768200016077e+00 -2.925922061782e-01 1.792245e+00
0.920000 10.000000 1.763385581225e+00 -2.908216553609e-01 1.787206e+00
0.925000 10.000000 1.758608053293e+00 -2.890628359593e-01 1.782206e+00
0.930000 10.000000 1.753867183370e+00 -2.873157795664e-01 1.777245e+00
0.935000 10.000000 1.749162720984e+00 -2.855805121650e-01 1.772322e+00
0.940000 10.000000 1.744494414281e+00 -2.838570543595e-01 1.767438e+00
0.945000 10.000000 1.739862010198e+00 -2.821454216027e-01 1.762591e+00
0.950000 10.000000 1.735265254627e+00 -2.804456244137e-01 1.757781e+00
0.955000 10.000000 1.730703892567e+00 -2.787576685891e-01 1.753009e+00
0.960000 10.000000 1.726177668279e+00 -2.770815554075e-01 1.748274e+00
0.965000 10.000000 1.721686325419e+00 -2.754172818269e-01 1.743576e+00
0.970000 10.000000 1.717229607175e+00 -2.737648406751e-01 1.738915e+00
0.975000 10.000000 1.712807256397e+00 -2.721242208346e-01 1.734290e+00
0.980000 10.000000 1.708419015713e+00 -2.704954074199e-01 1.729700e+00
0.985000 10.000000 1.704064627647e+00 -2.688783819500e-01 1.725147e+00
0.990000 10.000000 1.699743834727e+00 -2.672731225140e-01 1.720629e+00
0.995000 10.000000 1.695456379589e+00 -2.656796039311e-01 1.716146e+00
1.000000 10.000000 1.691202005071e+00 -2.640977979053e-01 1.711699e+00
