# zline X=10000000 rho=0.8 C(X)=-3 mode=h
# sigma t ReF ImF |F|
0.700000 60.000000 5.137626135027e-01 3.645506780970e-01 6.299597e-01
0.705000 60.000000 5.127788081094e-01 3.604138205119e-01 6.267697e-01
0.710000 60.000000 5.118703826338e-01 3.563772560007e-01 6.237115e-01
0.715000 60.000000 5.110342624826e-01 3.524379757558e-01 6.207806e-01
0.720000 60.000000 5.102675047998e-01 3.485930643720e-01 6.179725e-01
0.725000 60.000000 5.095672933432e-01 3.448396970352e-01 6.152831e-01
0.730000 60.000000 5.089309335078e-01 3.411751367996e-01 6.127081e-01
0.735000 60.000000 5.083558474917e-01 3.375967319484e-01 6.102436e-01
0.740000 60.000000 5.078395696107e-01 3.341019134346e-01 6.078858e-01
0.745000 60.000000 5.073797417549e-01 3.306881923993e-01 6.056310e-01
0.750000 60.000000 5.069741089909e-01 3.273531577631e-01 6.034756e-01
0.755000 60.000000 5.066205153061e-01 3.240944738880e-01 6.014163e-01
0.760000 60.000000 5.063168994946e-01 3.209098783073e-01 5.994497e-01
0.765000 60.000000 5.060612911817e-01 3.177971795213e-01 5.975727e-01
0.770000 60.000000 5.058518069865e-01 3.147542548555e-01 5.957821e-01
0.775000 60.000000 5.056866468182e-01 3.117790483799e-01 5.940750e-01
0.780000 60.000000 5.055640903050e-01 3.088695688874e-01 5.924487e-01
0.785000 60.000000 5.054824933531e-01 3.060238879286e-01 5.909003e-01
0.790000 60.000000 5.054402848313e-01 3.032401379024e-01 5.894272e-01
0.795000 60.000000 5.054359633802e-01 3.005165101993e-01 5.880269e-01
0.800000 60.000000 5.054680943413e-01 2.978512533980e-01 5.866970e-01
0.805000 60.000000 5.055353068049e-01 2.952426715108e-01 5.854350e-01
0.810000 60.000000 5.056362907708e-01 2.926891222793e-01 5.842388e-01
0.815000 60.000000 5.057697944219e-01 2.901890155173e-01 5.831061e-01
0.820000 60.000000 5.059346215046e-01 2.877408114997e-01 5.820349e-01
0.825000 60.000000 5.061296288153e-01 2.853430193978e-01 5.810231e-01
0.830000 60.000000 5.063537237873e-01 2.829941957572e-01 5.800688e-01
0.835000 60.000000 5.066058621774e-01 2.806929430192e-01 5.791701e-01
0.840000 60.000000 5.068850458474e-01 2.784379080846e-01 5.783253e-01
0.845000 60.000000 5.071903206376e-01 2.762277809168e-01 5.775325e-01
0.850000 60.000000 5.075207743300e-01 2.740612931864e-01 5.767902e-01
0.855000 60.000000 5.078755346972e-01 2.719372169528e-01 5.760967e-01
0.860000 60.000000 5.082537676350e-01 2.698543633848e-01 5.754505e-01
0.865000 60.000000 5.086546753747e-01 2.678115815174e-01 5.748501e-01
0.870000 60.000000 5.090774947733e-01 2.658077570452e-01 5.742941e-01
0.875000 60.000000 5.095214956775e-01 2.638418111500e-01 5.737810e-01
0.880000 60.000000 5.099859793606e-01 2.619126993636e-01 5.733097e-01
0.885000 60.000000 5.104702770274e-01 2.600194104627e-01 5.728787e-01
0.890000 60.000000 5.109737483864e-01 2.581609653976e-01 5.724869e-01
0.895000 60.000000 5.114957802856e-01 2.563364162521e-01 5.721331e-01
0.900000 60.000000 5.120357854101e-01 2.545448452340e-01 5.718162e-01
0.905000 60.000000 5.125932010382e-01 2.527853636966e-01 5.715350e-01
0.910000 60.000000 5.131674878551e-01 2.510571111887e-01 5.712885e-01
0.915000 60.000000 5.137581288201e-01 2.493592545338e-01 5.710757e-01
0.920000 60.000000 5.143646280868e-01 2.476909869373e-01 5.708956e-01
0.925000 60.000000 5.149865099732e-01 2.460515271209e-01 5.707473e-01
0.930000 60.000000 5.156233179800e-01 2.444401184828e-01 5.706298e-01
0.935000 60.000000 5.162746138542e-01 2.428560282850e-01 5.705423e-01
0.940000 60.000000 5.169399766983e-01 2.412985468650e-01 5.704839e-01
0.945000 60.000000 5.176190021207e-01 2.397669868716e-01 5.704539e-01
0.950000 60.000000 5.183113014267e-01 2.382606825259e-01 5.704514e-01
0.955000 60.000000 5.190165008485e-01 2.367789889037e-01 5.704756e-01
0.960000 60.000000 5.197342408122e-01 2.353212812425e-01 5.705259e-01
0.965000 60.000000 5.204641752406e-01 2.338869542686e-01 5.706015e-01
0.970000 60.000000 5.212059708891e-01 2.324754215468e-01 5.707017e-01
0.975000 60.000000 5.219593067149e-01 2.310861148508e-01 5.708260e-01
0.980000 60.000000 5.227238732765e-01 2.297184835529e-01 5.709736e-01
0.985000 60.000000 5.234993721632e-01 2.283719940346e-01 5.711439e-01
0.990000 60.000000 5.242855154528e-01 2.270461291148e-01 5.713364e-01
0.995000 60.000000 5.250820251963e-01 2.257403874989e-01 5.715504e-01
1.000000 60.000000 5.258886329282e-01 2.244542832426e-01 5.717854e-01
