# zline X=10000000 rho=0.8 C(X)=-3 mode=h
# sigma t ReF ImF |F|
0.700000 50.000000 3.157506994599e-01 2.342083581313e-01 3.931311e-01
0.705000 50.000000 3.190791034608e-01 2.322307842756e-01 3.946424e-01
0.710000 50.000000 3.223995480291e-01 2.303182077370e-01 3.962170e-01
0.715000 50.000000 3.257112060462e-01 2.284679713437e-01 3.978510e-01
0.720000 50.000000 3.290133043890e-01 2.266775301512e-01 3.995403e-01
0.725000 50.000000 3.323051210800e-01 2.249444464069e-01 4.012813e-01
0.730000 50.000000 3.355859825841e-01 2.232663847587e-01 4.030705e-01
0.735000 50.000000 3.388552612430e-01 2.216411076929e-01 4.049045e-01
0.740000 50.000000 3.421123728434e-01 2.200664711923e-01 4.067802e-01
0.745000 50.000000 3.453567743074e-01 2.185404205993e-01 4.086945e-01
0.750000 50.000000 3.485879615033e-01 2.170609866771e-01 4.106447e-01
0.755000 50.000000 3.518054671672e-01 2.156262818559e-01 4.126279e-01
0.760000 50.000000 3.550088589316e-01 2.142344966568e-01 4.146417e-01
0.765000 50.000000 3.581977374539e-01 2.128838962825e-01 4.166835e-01
0.770000 50.000000 3.613717346418e-01 2.115728173678e-01 4.187512e-01
0.775000 50.000000 3.645305119679e-01 2.102996648812e-01 4.208425e-01
0.780000 50.000000 3.676737588713e-01 2.090629091700e-01 4.229554e-01
0.785000 50.000000 3.708011912402e-01 2.078610831419e-01 4.250879e-01
0.790000 50.000000 3.739125499719e-01 2.066927795758e-01 4.272382e-01
0.795000 50.000000 3.770075996067e-01 2.055566485569e-01 4.294045e-01
0.800000 50.000000 3.800861270304e-01 2.044513950278e-01 4.315853e-01
0.805000 50.000000 3.831479402439e-01 2.033757764516e-01 4.337788e-01
0.810000 50.000000 3.861928671952e-01 2.023286005813e-01 4.359837e-01
0.815000 50.000000 3.892207546701e-01 2.013087233290e-01 4.381986e-01
0.820000 50.000000 3.922314672408e-01 2.003150467322e-01 4.404221e-01
0.825000 50.000000 3.952248862667e-01 1.993465170109e-01 4.426531e-01
0.830000 50.000000 3.982009089474e-01 1.984021227113e-01 4.448903e-01
0.835000 50.000000 4.011594474227e-01 1.974808929334e-01 4.471326e-01
0.840000 50.000000 4.041004279193e-01 1.965818956358e-01 4.493791e-01
0.845000 50.000000 4.070237899411e-01 1.957042360175e-01 4.516287e-01
0.850000 50.000000 4.099294855002e-01 1.948470549699e-01 4.538806e-01
0.855000 50.000000 4.128174783877e-01 1.940095275971e-01 4.561337e-01
0.860000 50.000000 4.156877434815e-01 1.931908618023e-01 4.583874e-01
0.865000 50.000000 4.185402660901e-01 1.923902969348e-01 4.606408e-01
0.870000 50.000000 4.213750413290e-01 1.916071024970e-01 4.628933e-01
0.875000 50.000000 4.241920735297e-01 1.908405769073e-01 4.651441e-01
0.880000 50.000000 4.269913756791e-01 1.900900463169e-01 4.673926e-01
0.885000 50.000000 4.297729688878e-01 1.893548634780e-01 4.696382e-01
0.890000 50.000000 4.325368818849e-01 1.886344066605e-01 4.718804e-01
0.895000 50.000000 4.352831505400e-01 1.879280786156e-01 4.741185e-01
0.900000 50.000000 4.380118174093e-01 1.872353055844e-01 4.763522e-01
0.905000 50.000000 4.407229313051e-01 1.865555363479e-01 4.785809e-01
0.910000 50.000000 4.434165468874e-01 1.858882413190e-01 4.808042e-01
0.915000 50.000000 4.460927242779e-01 1.852329116718e-01 4.830217e-01
0.920000 50.000000 4.487515286925e-01 1.845890585089e-01 4.852330e-01
0.925000 50.000000 4.513930300943e-01 1.839562120642e-01 4.874377e-01
0.930000 50.000000 4.540173028635e-01 1.833339209379e-01 4.896356e-01
0.935000 50.000000 4.566244254860e-01 1.827217513662e-01 4.918263e-01
0.940000 50.000000 4.592144802571e-01 1.821192865192e-01 4.940095e-01
0.945000 50.000000 4.617875530019e-01 1.815261258303e-01 4.961849e-01
0.950000 50.000000 4.643437328094e-01 1.809418843527e-01 4.983524e-01
0.955000 50.000000 4.668831117817e-01 1.803661921428e-01 5.005115e-01
0.960000 50.000000 4.694057847965e-01 1.797986936698e-01 5.026623e-01
0.965000 50.000000 4.719118492811e-01 1.792390472494e-01 5.048043e-01
0.970000 50.000000 4.744014050000e-01 1.786869245012e-01 5.069376e-01
0.975000 50.000000 4.768745538535e-01 1.781420098284e-01 5.090618e-01
0.980000 50.000000 4.793313996867e-01 1.776039999193e-01 5.111768e-01
0.985000 50.000000 4.817720481093e-01 1.770726032692e-01 5.132826e-01
0.990000 50.000000 4.841966063257e-01 1.765475397214e-01 5.153789e-01
0.995000 50.000000 4.866051829733e-01 1.760285400281e-01 5.174656e-01
1.000000 50.000000 4.889978879709e-01 1.755153454281e-01 5.195427e-01
