# zline X=10000000 rho=0.8 C(X)=-3 mode=h
# sigma t ReF ImF |F|
0.700000 90.000000 4.091254174004e-01 2.188557876296e+00 2.226470e+00
0.705000 90.000000 4.307076454070e-01 2.169636840503e+00 2.211975e+00
0.710000 90.000000 4.517975311737e-01 2.150889683523e+00 2.197828e+00
0.715000 90.000000 4.724061100184e-01 2.132315621617e+00 2.184019e+00
0.720000 90.000000 4.925441651760e-01 2.113913817897e+00 2.170537e+00
0.725000 90.000000 5.122222335496e-01 2.095683386323e+00 2.157374e+00
0.730000 90.000000 5.314506113432e-01 2.077623395452e+00 2.144518e+00
0.735000 90.000000 5.502393595708e-01 2.059732871965e+00 2.131962e+00
0.740000 90.000000 5.685983094492e-01 2.042010803988e+00 2.119696e+00
0.745000 90.000000 5.865370676719e-01 2.024456144205e+00 2.107712e+00
0.750000 90.000000 6.040650215704e-01 2.007067812794e+00 2.096000e+00
0.755000 90.000000 6.211913441605e-01 1.989844700179e+00 2.084553e+00
0.760000 90.000000 6.379249990769e-01 1.972785669627e+00 2.073362e+00
0.765000 90.000000 6.542747453989e-01 1.955889559680e+00 2.062421e+00
0.770000 90.000000 6.702491423696e-01 1.939155186447e+00 2.051720e+00
0.775000 90.000000 6.858565540070e-01 1.922581345755e+00 2.041254e+00
0.780000 90.000000 7.011051536129e-01 1.906166815175e+00 2.031015e+00
0.785000 90.000000 7.160029281802e-01 1.889910355921e+00 2.020995e+00
0.790000 90.000000 7.305576826995e-01 1.873810714639e+00 2.011189e+00
0.795000 90.000000 7.447770443686e-01 1.857866625087e+00 2.001590e+00
0.800000 90.000000 7.586684667059e-01 1.842076809711e+00 1.992191e+00
0.805000 90.000000 7.722392335684e-01 1.826439981129e+00 1.982987e+00
0.810000 90.000000 7.854964630810e-01 1.810954843522e+00 1.973971e+00
0.815000 90.000000 7.984471114719e-01 1.795620093942e+00 1.965138e+00
0.820000 90.000000 8.110979768223e-01 1.780434423541e+00 1.956483e+00
0.825000 90.000000 8.234557027288e-01 1.765396518719e+00 1.948000e+00
0.830000 90.000000 8.355267818810e-01 1.750505062212e+00 1.939684e+00
0.835000 90.000000 8.473175595567e-01 1.735758734100e+00 1.931529e+00
0.840000 90.000000 8.588342370362e-01 1.721156212763e+00 1.923532e+00
0.845000 90.000000 8.700828749384e-01 1.706696175769e+00 1.915687e+00
0.850000 90.000000 8.810693964780e-01 1.692377300717e+00 1.907990e+00
0.855000 90.000000 8.917995906463e-01 1.678198266012e+00 1.900436e+00
0.860000 90.000000 9.022791153217e-01 1.664157751603e+00 1.893021e+00
0.865000 90.000000 9.125135003036e-01 1.650254439672e+00 1.885741e+00
0.870000 90.000000 9.225081502786e-01 1.636487015269e+00 1.878593e+00
0.875000 90.000000 9.322683477162e-01 1.622854166919e+00 1.871572e+00
0.880000 90.000000 9.417992556971e-01 1.609354587181e+00 1.864674e+00
0.885000 90.000000 9.511059206757e-01 1.595986973170e+00 1.857896e+00
0.890000 90.000000 9.601932751786e-01 1.582750027048e+00 1.851234e+00
0.895000 90.000000 9.690661404390e-01 1.569642456479e+00 1.844686e+00
0.900000 90.000000 9.777292289706e-01 1.556662975052e+00 1.838248e+00
0.905000 90.000000 9.861871470806e-01 1.543810302676e+00 1.831916e+00
0.910000 90.000000 9.944443973245e-01 1.531083165949e+00 1.825688e+00
0.915000 90.000000 1.002505380904e+00 1.518480298495e+00 1.819560e+00
0.920000 90.000000 1.010374400005e+00 1.506000441283e+00 1.813531e+00
0.925000 90.000000 1.018055660091e+00 1.493642342916e+00 1.807596e+00
0.930000 90.000000 1.025553272127e+00 1.481404759905e+00 1.801755e+00
0.935000 90.000000 1.032871254767e+00 1.469286456912e+00 1.796003e+00
0.940000 90.000000 1.040013536480e+00 1.457286206987e+00 1.790338e+00
0.945000 90.000000 1.046983957634e+00 1.445402791770e+00 1.784759e+00
0.950000 90.000000 1.053786272521e+00 1.433635001693e+00 1.779262e+00
0.955000 90.000000 1.060424151347e+00 1.421981636149e+00 1.773846e+00
0.960000 90.000000 1.066901182166e+00 1.410441503655e+00 1.768509e+00
0.965000 90.000000 1.073220872770e+00 1.399013422000e+00 1.763247e+00
0.970000 90.000000 1.079386652544e+00 1.387696218374e+00 1.758060e+00
0.975000 90.000000 1.085401874262e+00 1.376488729488e+00 1.752946e+00
0.980000 90.000000 1.091269815854e+00 1.365389801679e+00 1.747901e+00
0.985000 90.000000 1.096993682127e+00 1.354398291003e+00 1.742926e+00
0.990000 90.000000 1.102576606445e+00 1.343513063321e+00 1.738017e+00
0.995000 90.000000 1.108021652370e+00 1.332732994371e+00 1.733173e+00
1.000000 90.000000 1.113331815267e+00 1.322056969828e+00 1.728393e+00
