# zline X=10000000 rho=0.8 C(X)=-3 mode=h
# sigma t ReF ImF |F|
0.700000 0.100000 -1.622953418976e+00 -8.104775206797e-01 1.814070e+00
0.705000 0.100000 -1.655667392741e+00 -8.345001401523e-01 1.854083e+00
0.710000 0.100000 -1.689100236192e+00 -8.596448073593e-01 1.895270e+00
0.715000 0.100000 -1.723269160747e+00 -8.859742123795e-01 1.937681e+00
0.720000 0.100000 -1.758190945536e+00 -9.135554927147e-01 1.981368e+00
0.725000 0.100000 -1.793881778286e+00 -9.424605733406e-01 2.026387e+00
0.730000 0.100000 -1.830357068061e+00 -9.727665344468e-01 2.072796e+00
0.735000 0.100000 -1.867631225414e+00 -1.004556008828e+00 2.120655e+00
0.740000 0.100000 -1.905717404802e+00 -1.037917610924e+00 2.170030e+00
0.745000 0.100000 -1.944627203333e+00 -1.072946399505e+00 2.220988e+00
0.750000 0.100000 -1.984370308928e+00 -1.109744375946e+00 2.273600e+00
0.755000 0.100000 -2.024954089978e+00 -1.148421019901e+00 2.327941e+00
0.760000 0.100000 -2.066383117277e+00 -1.189093864003e+00 2.384090e+00
0.765000 0.100000 -2.108658607618e+00 -1.231889108859e+00 2.442129e+00
0.770000 0.100000 -2.151777776798e+00 -1.276942279127e+00 2.502145e+00
0.775000 0.100000 -2.195733087907e+00 -1.324398920779e+00 2.564230e+00
0.780000 0.100000 -2.240511378628e+00 -1.374415338701e+00 2.628480e+00
0.785000 0.100000 -2.286092848860e+00 -1.427159372475e+00 2.694996e+00
0.790000 0.100000 -2.332449887243e+00 -1.482811206505e+00 2.763883e+00
0.795000 0.100000 -2.379545712041e+00 -1.541564208367e+00 2.835253e+00
0.800000 0.100000 -2.427332798448e+00 -1.603625786334e+00 2.909220e+00
0.805000 0.100000 -2.475751060566e+00 -1.669218253240e+00 2.985906e+00
0.810000 0.100000 -2.524725752211e+00 -1.738579678949e+00 3.065436e+00
0.815000 0.100000 -2.574165046265e+00 -1.811964707515e+00 3.147942e+00
0.820000 0.100000 -2.623957247764e+00 -1.889645307248e+00 3.233560e+00
0.825000 0.100000 -2.673967591266e+00 -1.971911411997e+00 3.322429e+00
0.830000 0.100000 -2.724034568728e+00 -2.059071399619e+00 3.414695e+00
0.835000 0.100000 -2.773965730354e+00 -2.151452338205e+00 3.510503e+00
0.840000 0.100000 -2.823532898375e+00 -2.249399911745e+00 3.610005e+00
0.845000 0.100000 -2.872466733114e+00 -2.353277913690e+00 3.713352e+00
0.850000 0.100000 -2.920450593274e+00 -2.463467168882e+00 3.820694e+00
0.855000 0.100000 -2.967113639467e+00 -2.580363710705e+00 3.932180e+00
0.860000 0.100000 -3.012023143814e+00 -2.704376000686e+00 4.047954e+00
0.865000 0.100000 -3.054675991424e+00 -2.835920931796e+00 4.168152e+00
0.870000 0.100000 -3.094489395351e+00 -2.975418304569e+00 4.292899e+00
0.875000 0.100000 -3.130790899317e+00 -3.123283407863e+00 4.422302e+00
0.880000 0.100000 -3.162807817513e+00 -3.279917275871e+00 4.556447e+00
0.885000 0.100000 -3.189656364095e+00 -3.445694133788e+00 4.695393e+00
0.890000 0.100000 -3.210330863567e+00 -3.620945493278e+00 4.839160e+00
0.895000 0.100000 -3.223693613900e+00 -3.805940325575e+00 4.987723e+00
0.900000 0.100000 -3.228466203034e+00 -4.000860740057e+00 5.141000e+00
0.905000 0.100000 -3.223223359631e+00 -4.205772650153e+00 5.298839e+00
0.910000 0.100000 -3.206390748427e+00 -4.420591044247e+00 5.461004e+00
0.915000 0.100000 -3.176248487698e+00 -4.645039731322e+00 5.627162e+00
0.920000 0.100000 -3.130942544981e+00 -4.878605839171e+00 5.796861e+00
0.925000 0.100000 -3.068506510005e+00 -5.120489948345e+00 5.969518e+00
0.930000 0.100000 -2.986896476336e+00 -5.369553581816e+00 6.144400e+00
0.935000 0.100000 -2.884041778827e+00 -5.624266852805e+00 6.320607e+00
0.940000 0.100000 -2.757913994486e+00 -5.882660375722e+00 6.497060e+00
0.945000 0.100000 -2.606615760423e+00 -6.142286977940e+00 6.672491e+00
0.950000 0.100000 -2.428489439030e+00 -6.400200133257e+00 6.845445e+00
0.955000 0.100000 -2.222243362918e+00 -6.652957084000e+00 7.014286e+00
0.960000 0.100000 -1.987090332146e+00 -6.896654935619e+00 7.177212e+00
0.965000 0.100000 -1.722889419902e+00 -7.127007142465e+00 7.332297e+00
0.970000 0.100000 -1.430278435706e+00 -7.339465337962e+00 7.477530e+00
0.975000 0.100000 -1.110781339773e+00 -7.529387165916e+00 7.610881e+00
0.980000 0.100000 -7.668734414107e-01 -7.692244779283e+00 7.730377e+00
0.985000 0.100000 -4.019882934843e-01 -7.823861644006e+00 7.834182e+00
0.990000 0.100000 -2.045445383782e-02 -7.920658424469e+00 7.920685e+00
0.995000 0.100000 3.726422812414e-01 -7.979883623734e+00 7.988580e+00
1.000000 0.100000 7.716658356783e-01 -7.999802893787e+00 8.036934e+00
