# zline X=10000000 rho=0.8 C(X)=-3 mode=h
# sigma t ReF ImF |F|
0.700000 80.000000 1.006756042426e+00 2.357880449545e+00 2.563817e+00
0.705000 80.000000 1.013924704654e+00 2.330188911188e+00 2.541225e+00
0.710000 80.000000 1.020898439123e+00 2.303008434522e+00 2.519143e+00
0.715000 80.000000 1.027683309989e+00 2.276325644660e+00 2.497557e+00
0.720000 80.000000 1.034285141888e+00 2.250127608241e+00 2.476453e+00
0.725000 80.000000 1.040709530912e+00 2.224401816360e+00 2.455818e+00
0.730000 80.000000 1.046961855051e+00 2.199136168258e+00 2.435637e+00
0.735000 80.000000 1.053047284103e+00 2.174318955713e+00 2.415900e+00
0.740000 80.000000 1.058970789109e+00 2.149938848120e+00 2.396593e+00
0.745000 80.000000 1.064737151317e+00 2.125984878211e+00 2.377704e+00
0.750000 80.000000 1.070350970705e+00 2.102446428395e+00 2.359223e+00
0.755000 80.000000 1.075816674095e+00 2.079313217676e+00 2.341138e+00
0.760000 80.000000 1.081138522863e+00 2.056575289128e+00 2.323438e+00
0.765000 80.000000 1.086320620280e+00 2.034222997907e+00 2.306113e+00
0.770000 80.000000 1.091366918494e+00 2.012246999754e+00 2.289153e+00
0.775000 80.000000 1.096281225175e+00 1.990638239988e+00 2.272548e+00
0.780000 80.000000 1.101067209845e+00 1.969387942954e+00 2.256289e+00
0.785000 80.000000 1.105728409895e+00 1.948487601906e+00 2.240366e+00
0.790000 80.000000 1.110268236319e+00 1.927928969302e+00 2.224771e+00
0.795000 80.000000 1.114689979176e+00 1.907704047508e+00 2.209495e+00
0.800000 80.000000 1.118996812788e+00 1.887805079862e+00 2.194530e+00
0.805000 80.000000 1.123191800691e+00 1.868224542117e+00 2.179868e+00
0.810000 80.000000 1.127277900356e+00 1.848955134214e+00 2.165500e+00
0.815000 80.000000 1.131257967683e+00 1.829989772398e+00 2.151420e+00
0.820000 80.000000 1.135134761284e+00 1.811321581629e+00 2.137619e+00
0.825000 80.000000 1.138910946567e+00 1.792943888315e+00 2.124092e+00
0.830000 80.000000 1.142589099628e+00 1.774850213318e+00 2.110830e+00
0.835000 80.000000 1.146171710958e+00 1.757034265236e+00 2.097827e+00
0.840000 80.000000 1.149661188985e+00 1.739489933951e+00 2.085077e+00
0.845000 80.000000 1.153059863446e+00 1.722211284423e+00 2.072573e+00
0.850000 80.000000 1.156369988601e+00 1.705192550731e+00 2.060309e+00
0.855000 80.000000 1.159593746307e+00 1.688428130334e+00 2.048279e+00
0.860000 80.000000 1.162733248945e+00 1.671912578559e+00 2.036477e+00
0.865000 80.000000 1.165790542211e+00 1.655640603297e+00 2.024898e+00
0.870000 80.000000 1.168767607788e+00 1.639607059898e+00 2.013536e+00
0.875000 80.000000 1.171666365885e+00 1.623806946264e+00 2.002386e+00
0.880000 80.000000 1.174488677670e+00 1.608235398121e+00 1.991443e+00
0.885000 80.000000 1.177236347591e+00 1.592887684473e+00 1.980701e+00
0.890000 80.000000 1.179911125586e+00 1.577759203221e+00 1.970156e+00
0.895000 80.000000 1.182514709204e+00 1.562845476948e+00 1.959803e+00
0.900000 80.000000 1.185048745622e+00 1.548142148858e+00 1.949637e+00
0.905000 80.000000 1.187514833578e+00 1.533644978870e+00 1.939654e+00
0.910000 80.000000 1.189914525213e+00 1.519349839842e+00 1.929850e+00
0.915000 80.000000 1.192249327838e+00 1.505252713949e+00 1.920220e+00
0.920000 80.000000 1.194520705615e+00 1.491349689185e+00 1.910760e+00
0.925000 80.000000 1.196730081168e+00 1.477636955986e+00 1.901466e+00
0.930000 80.000000 1.198878837127e+00 1.464110803989e+00 1.892335e+00
0.935000 80.000000 1.200968317598e+00 1.450767618892e+00 1.883362e+00
0.940000 80.000000 1.202999829569e+00 1.437603879441e+00 1.874544e+00
0.945000 80.000000 1.204974644266e+00 1.424616154513e+00 1.865876e+00
0.950000 80.000000 1.206893998433e+00 1.411801100308e+00 1.857357e+00
0.955000 80.000000 1.208759095571e+00 1.399155457641e+00 1.848982e+00
0.960000 80.000000 1.210571107120e+00 1.386676049328e+00 1.840748e+00
0.965000 80.000000 1.212331173583e+00 1.374359777660e+00 1.832652e+00
0.970000 80.000000 1.214040405619e+00 1.362203621978e+00 1.824690e+00
0.975000 80.000000 1.215699885070e+00 1.350204636313e+00 1.816860e+00
0.980000 80.000000 1.217310665958e+00 1.338359947130e+00 1.809158e+00
0.985000 80.000000 1.218873775436e+00 1.326666751131e+00 1.801582e+00
0.990000 80.000000 1.220390214701e+00 1.315122313146e+00 1.794129e+00
0.995000 80.000000 1.221860959865e+00 1.303723964093e+00 1.786796e+00
1.000000 80.000000 1.223286962792e+00 1.292469099005e+00 1.779581e+00
