# zline X=10000000 rho=0.8 C(X)=-3 mode=h
# sigma t ReF ImF |F|
0.700000 30.000000 6.599547697728e-01 1.764813472764e-01 6.831442e-01
0.705000 30.000000 6.472977225979e-01 1.556021995463e-01 6.657375e-01
0.710000 30.000000 6.352135600360e-01 1.353422580797e-01 6.494719e-01
0.715000 30.000000 6.236821756179e-01 1.156836237017e-01 6.343202e-01
0.720000 30.000000 6.126841618268e-01 9.660893113211e-02 6.202541e-01
0.725000 30.000000 6.022007845175e-01 7.810133338275e-02 6.072443e-01
0.730000 30.000000 5.922139583520e-01 6.014448654232e-02 5.952602e-01
0.735000 30.000000 5.827062232044e-01 4.272253493358e-02 5.842703e-01
0.740000 30.000000 5.736607214959e-01 2.582009665510e-02 5.742415e-01
0.745000 30.000000 5.650611764162e-01 9.422249492105e-03 5.651397e-01
0.750000 30.000000 5.568918709962e-01 -6.485482802620e-03 5.569296e-01
0.755000 30.000000 5.491376279937e-01 -2.191714386211e-02 5.495748e-01
0.760000 30.000000 5.417837905572e-01 -3.688635770025e-02 5.430380e-01
0.765000 30.000000 5.348162036364e-01 -5.140634135272e-02 5.372811e-01
0.770000 30.000000 5.282211961052e-01 -6.548991716922e-02 5.322655e-01
0.775000 30.000000 5.219855635704e-01 -7.914952476356e-02 5.279522e-01
0.780000 30.000000 5.160965518333e-01 -9.239723262861e-02 5.243023e-01
0.785000 30.000000 5.105418409820e-01 -1.052447494204e-01 5.212767e-01
0.790000 30.000000 5.053095300830e-01 -1.177034349223e-01 5.188370e-01
0.795000 30.000000 5.003881224514e-01 -1.297843106890e-01 5.169451e-01
0.800000 30.000000 4.957665114737e-01 -1.414980703855e-01 5.155639e-01
0.805000 30.000000 4.914339669606e-01 -1.528550898215e-01 5.146572e-01
0.810000 30.000000 4.873801220097e-01 -1.638654366910e-01 5.141899e-01
0.815000 30.000000 4.835949603563e-01 -1.745388800235e-01 5.141283e-01
0.820000 30.000000 4.800688041913e-01 -1.848848993546e-01 5.144400e-01
0.825000 30.000000 4.767923024314e-01 -1.949126936207e-01 5.150940e-01
0.830000 30.000000 4.737564194173e-01 -2.046311897875e-01 5.160611e-01
0.835000 30.000000 4.709524240301e-01 -2.140490512170e-01 5.173134e-01
0.840000 30.000000 4.683718792031e-01 -2.231746857812e-01 5.188248e-01
0.845000 30.000000 4.660066318159e-01 -2.320162537279e-01 5.205706e-01
0.850000 30.000000 4.638488029576e-01 -2.405816753069e-01 5.225278e-01
0.855000 30.000000 4.618907785399e-01 -2.488786381608e-01 5.246748e-01
0.860000 30.000000 4.601252002513e-01 -2.569146044901e-01 5.269918e-01
0.865000 30.000000 4.585449568358e-01 -2.646968179950e-01 5.294600e-01
0.870000 30.000000 4.571431756854e-01 -2.722323106041e-01 5.320623e-01
0.875000 30.000000 4.559132147329e-01 -2.795279089932e-01 5.347829e-01
0.880000 30.000000 4.548486546345e-01 -2.865902409011e-01 5.376070e-01
0.885000 30.000000 4.539432912307e-01 -2.934257412490e-01 5.405212e-01
0.890000 30.000000 4.531911282749e-01 -3.000406580684e-01 5.435132e-01
0.895000 30.000000 4.525863704187e-01 -3.064410582434e-01 5.465716e-01
0.900000 30.000000 4.521234164460e-01 -3.126328330729e-01 5.496862e-01
0.905000 30.000000 4.517968527450e-01 -3.186217036582e-01 5.528473e-01
0.910000 30.000000 4.516014470089e-01 -3.244132261206e-01 5.560466e-01
0.915000 30.000000 4.515321421585e-01 -3.300127966561e-01 5.592761e-01
0.920000 30.000000 4.515840504764e-01 -3.354256564286e-01 5.625287e-01
0.925000 30.000000 4.517524479461e-01 -3.406568963107e-01 5.657980e-01
0.930000 30.000000 4.520327687882e-01 -3.457114614735e-01 5.690782e-01
0.935000 30.000000 4.524206001856e-01 -3.505941558317e-01 5.723641e-01
0.940000 30.000000 4.529116771924e-01 -3.553096463484e-01 5.756509e-01
0.945000 30.000000 4.535018778178e-01 -3.598624672032e-01 5.789343e-01
0.950000 30.000000 4.541872182800e-01 -3.642570238286e-01 5.822106e-01
0.955000 30.000000 4.549638484232e-01 -3.684975968181e-01 5.854764e-01
0.960000 30.000000 4.558280472921e-01 -3.725883457119e-01 5.887285e-01
0.965000 30.000000 4.567762188573e-01 -3.765333126605e-01 5.919644e-01
0.970000 30.000000 4.578048878885e-01 -3.803364259746e-01 5.951816e-01
0.975000 30.000000 4.589106959664e-01 -3.840015035604e-01 5.983780e-01
0.980000 30.000000 4.600903976315e-01 -3.875322562478e-01 6.015517e-01
0.985000 30.000000 4.613408566642e-01 -3.909322910120e-01 6.047011e-01
0.990000 30.000000 4.626590424900e-01 -3.942051140942e-01 6.078249e-01
0.995000 30.000000 4.640420267071e-01 -3.973541340223e-01 6.109217e-01
1.000000 30.000000 4.654869797312e-01 -4.003826645373e-01 6.139906e-01
