# zline X=10000000 rho=0.8 C(X)=-3 mode=h
# sigma t ReF ImF |F|
0.700000 70.000000 5.648766214612e-01 3.643882622792e-01 6.722086e-01
0.705000 70.000000 5.648839794353e-01 3.614787883300e-01 6.706421e-01
0.710000 70.000000 5.650118085874e-01 3.586161152065e-01 6.692114e-01
0.715000 70.000000 5.652548489651e-01 3.557995413104e-01 6.679119e-01
0.720000 70.000000 5.656080248079e-01 3.530283579327e-01 6.667394e-01
0.725000 70.000000 5.660664390778e-01 3.503018511929e-01 6.656896e-01
0.730000 70.000000 5.666253680941e-01 3.476193037959e-01 6.647582e-01
0.735000 70.000000 5.672802562753e-01 3.449799966227e-01 6.639413e-01
0.740000 70.000000 5.680267109902e-01 3.423832101678e-01 6.632350e-01
0.745000 70.000000 5.688604975203e-01 3.398282258353e-01 6.626353e-01
0.750000 70.000000 5.697775341344e-01 3.373143271053e-01 6.621385e-01
0.755000 70.000000 5.707738872766e-01 3.348408005823e-01 6.617410e-01
0.760000 70.000000 5.718457668686e-01 3.324069369330e-01 6.614393e-01
0.765000 70.000000 5.729895217253e-01 3.300120317251e-01 6.612299e-01
0.770000 70.000000 5.742016350851e-01 3.276553861736e-01 6.611093e-01
0.775000 70.000000 5.754787202534e-01 3.253363078030e-01 6.610745e-01
0.780000 70.000000 5.768175163590e-01 3.230541110326e-01 6.611221e-01
0.785000 70.000000 5.782148842232e-01 3.208081176909e-01 6.612490e-01
0.790000 70.000000 5.796678023390e-01 3.185976574660e-01 6.614524e-01
0.795000 70.000000 5.811733629612e-01 3.164220682961e-01 6.617291e-01
0.800000 70.000000 5.827287683047e-01 3.142806967072e-01 6.620764e-01
0.805000 70.000000 5.843313268491e-01 3.121728981007e-01 6.624915e-01
0.810000 70.000000 5.859784497502e-01 3.100980369969e-01 6.629717e-01
0.815000 70.000000 5.876676473537e-01 3.080554872368e-01 6.635145e-01
0.820000 70.000000 5.893965258119e-01 3.060446321479e-01 6.641171e-01
0.825000 70.000000 5.911627838001e-01 3.040648646755e-01 6.647773e-01
0.830000 70.000000 5.929642093308e-01 3.021155874833e-01 6.654926e-01
0.835000 70.000000 5.947986766649e-01 3.001962130268e-01 6.662606e-01
0.840000 70.000000 5.966641433164e-01 2.983061636009e-01 6.670792e-01
0.845000 70.000000 5.985586471491e-01 2.964448713655e-01 6.679461e-01
0.850000 70.000000 6.004803035639e-01 2.946117783500e-01 6.688592e-01
0.855000 70.000000 6.024273027740e-01 2.928063364396e-01 6.698165e-01
0.860000 70.000000 6.043979071652e-01 2.910280073454e-01 6.708160e-01
0.865000 70.000000 6.063904487408e-01 2.892762625588e-01 6.718557e-01
0.870000 70.000000 6.084033266481e-01 2.875505832937e-01 6.729338e-01
0.875000 70.000000 6.104350047841e-01 2.858504604157e-01 6.740485e-01
0.880000 70.000000 6.124840094790e-01 2.841753943620e-01 6.751980e-01
0.885000 70.000000 6.145489272551e-01 2.825248950511e-01 6.763806e-01
0.890000 70.000000 6.166284026593e-01 2.808984817845e-01 6.775947e-01
0.895000 70.000000 6.187211361667e-01 2.792956831418e-01 6.788387e-01
0.900000 70.000000 6.208258821539e-01 2.777160368689e-01 6.801110e-01
0.905000 70.000000 6.229414469402e-01 2.761590897606e-01 6.814102e-01
0.910000 70.000000 6.250666868932e-01 2.746243975396e-01 6.827349e-01
0.915000 70.000000 6.272005065993e-01 2.731115247307e-01 6.840836e-01
0.920000 70.000000 6.293418570953e-01 2.716200445314e-01 6.854550e-01
0.925000 70.000000 6.314897341601e-01 2.701495386812e-01 6.868479e-01
0.930000 70.000000 6.336431766649e-01 2.686995973269e-01 6.882610e-01
0.935000 70.000000 6.358012649792e-01 2.672698188876e-01 6.896930e-01
0.940000 70.000000 6.379631194324e-01 2.658598099177e-01 6.911428e-01
0.945000 70.000000 6.401278988275e-01 2.644691849690e-01 6.926093e-01
0.950000 70.000000 6.422947990066e-01 2.630975664527e-01 6.940914e-01
0.955000 70.000000 6.444630514666e-01 2.617445845005e-01 6.955881e-01
0.960000 70.000000 6.466319220221e-01 2.604098768265e-01 6.970984e-01
0.965000 70.000000 6.488007095161e-01 2.590930885887e-01 6.986212e-01
0.970000 70.000000 6.509687445751e-01 2.577938722515e-01 7.001557e-01
0.975000 70.000000 6.531353884083e-01 2.565118874487e-01 7.017009e-01
0.980000 70.000000 6.553000316488e-01 2.552468008478e-01 7.032560e-01
0.985000 70.000000 6.574620932367e-01 2.539982860146e-01 7.048202e-01
0.990000 70.000000 6.596210193402e-01 2.527660232801e-01 7.063926e-01
0.995000 70.000000 6.617762823165e-01 2.515496996076e-01 7.079725e-01
1.000000 70.000000 6.639273797091e-01 2.503490084623e-01 7.095592e-01
