# zline X=10000000 rho=0.8 C(X)=-3 mode=h
# sigma t ReF ImF |F|
0.700000 20.000000 1.132759285112e+00 -8.407904291677e-01 1.410699e+00
0.705000 20.000000 1.125167297790e+00 -8.333973927894e-01 1.400197e+00
0.710000 20.000000 1.117722925511e+00 -8.261133871609e-01 1.389881e+00
0.715000 20.000000 1.110424231892e+00 -8.189373269231e-01 1.379746e+00
0.720000 20.000000 1.103269280490e+00 -8.118680904603e-01 1.369793e+00
0.725000 20.000000 1.096256136280e+00 -8.049045234324e-01 1.360018e+00
0.730000 20.000000 1.089382867042e+00 -7.980454421053e-01 1.350419e+00
0.735000 20.000000 1.082647544665e+00 -7.912896364869e-01 1.340994e+00
0.740000 20.000000 1.076048246371e+00 -7.846358732807e-01 1.331741e+00
0.745000 20.000000 1.069583055861e+00 -7.780828986661e-01 1.322657e+00
0.750000 20.000000 1.063250064389e+00 -7.716294409140e-01 1.313740e+00
0.755000 20.000000 1.057047371765e+00 -7.652742128467e-01 1.304988e+00
0.760000 20.000000 1.050973087297e+00 -7.590159141505e-01 1.296399e+00
0.765000 20.000000 1.045025330663e+00 -7.528532335482e-01 1.287970e+00
0.770000 20.000000 1.039202232729e+00 -7.467848508391e-01 1.279699e+00
0.775000 20.000000 1.033501936305e+00 -7.408094388129e-01 1.271584e+00
0.780000 20.000000 1.027922596850e+00 -7.349256650455e-01 1.263622e+00
0.785000 20.000000 1.022462383128e+00 -7.291321935804e-01 1.255812e+00
0.790000 20.000000 1.017119477807e+00 -7.234276865046e-01 1.248150e+00
0.795000 20.000000 1.011892078017e+00 -7.178108054221e-01 1.240636e+00
0.800000 20.000000 1.006778395865e+00 -7.122802128316e-01 1.233266e+00
0.805000 20.000000 1.001776658906e+00 -7.068345734133e-01 1.226039e+00
0.810000 20.000000 9.968851105701e-01 -7.014725552287e-01 1.218952e+00
0.815000 20.000000 9.921020105617e-01 -6.961928308399e-01 1.212003e+00
0.820000 20.000000 9.874256352123e-01 -6.909940783503e-01 1.205190e+00
0.825000 20.000000 9.828542778052e-01 -6.858749823722e-01 1.198510e+00
0.830000 20.000000 9.783862488677e-01 -6.808342349255e-01 1.191963e+00
0.835000 20.000000 9.740198764309e-01 -6.758705362698e-01 1.185544e+00
0.840000 20.000000 9.697535062618e-01 -6.709825956750e-01 1.179254e+00
0.845000 20.000000 9.655855020680e-01 -6.661691321320e-01 1.173089e+00
0.850000 20.000000 9.615142456759e-01 -6.614288750089e-01 1.167047e+00
0.855000 20.000000 9.575381371854e-01 -6.567605646532e-01 1.161126e+00
0.860000 20.000000 9.536555951007e-01 -6.521629529443e-01 1.155325e+00
0.865000 20.000000 9.498650564399e-01 -6.476348038001e-01 1.149641e+00
0.870000 20.000000 9.461649768235e-01 -6.431748936368e-01 1.144073e+00
0.875000 20.000000 9.425538305438e-01 -6.387820117884e-01 1.138618e+00
0.880000 20.000000 9.390301106161e-01 -6.344549608853e-01 1.133274e+00
0.885000 20.000000 9.355923288120e-01 -6.301925571959e-01 1.128041e+00
0.890000 20.000000 9.322390156776e-01 -6.259936309319e-01 1.122915e+00
0.895000 20.000000 9.289687205349e-01 -6.218570265210e-01 1.117895e+00
0.900000 20.000000 9.257800114708e-01 -6.177816028477e-01 1.112979e+00
0.905000 20.000000 9.226714753102e-01 -6.137662334635e-01 1.108166e+00
0.910000 20.000000 9.196417175791e-01 -6.098098067702e-01 1.103453e+00
0.915000 20.000000 9.166893624537e-01 -6.059112261764e-01 1.098839e+00
0.920000 20.000000 9.138130526992e-01 -6.020694102282e-01 1.094323e+00
0.925000 20.000000 9.110114495985e-01 -5.982832927180e-01 1.089901e+00
0.930000 20.000000 9.082832328710e-01 -5.945518227701e-01 1.085574e+00
0.935000 20.000000 9.056271005816e-01 -5.908739649060e-01 1.081338e+00
0.940000 20.000000 9.030417690424e-01 -5.872486990906e-01 1.077193e+00
0.945000 20.000000 9.005259727061e-01 -5.836750207595e-01 1.073137e+00
0.950000 20.000000 8.980784640516e-01 -5.801519408300e-01 1.069168e+00
0.955000 20.000000 8.956980134628e-01 -5.766784856952e-01 1.065285e+00
0.960000 20.000000 8.933834091028e-01 -5.732536972045e-01 1.061487e+00
0.965000 20.000000 8.911334567797e-01 -5.698766326286e-01 1.057770e+00
0.970000 20.000000 8.889469798095e-01 -5.665463646124e-01 1.054135e+00
0.975000 20.000000 8.868228188715e-01 -5.632619811154e-01 1.050580e+00
0.980000 20.000000 8.847598318618e-01 -5.600225853411e-01 1.047103e+00
0.985000 20.000000 8.827568937411e-01 -5.568272956555e-01 1.043703e+00
0.990000 20.000000 8.808128963784e-01 -5.536752454957e-01 1.040379e+00
0.995000 20.000000 8.789267483935e-01 -5.505655832701e-01 1.037128e+00
1.000000 20.000000 8.770973749930e-01 -5.474974722496e-01 1.033950e+00
