# zline X=10000000 rho=0.8 C(X)=-3 mode=h
# sigma t ReF ImF |F|
0.700000 100.000000 3.084046800813e+00 -5.446786251761e-01 3.131776e+00
0.705000 100.000000 3.052784592951e+00 -5.408982571631e-01 3.100333e+00
0.710000 100.000000 3.022174522523e+00 -5.370621540641e-01 3.069524e+00
0.715000 100.000000 2.992199418598e+00 -5.331766717972e-01 3.039331e+00
0.720000 100.000000 2.962842665866e+00 -5.292477875751e-01 3.009741e+00
0.725000 100.000000 2.934088182844e+00 -5.252811200432e-01 2.980737e+00
0.730000 100.000000 2.905920401077e+00 -5.212819483703e-01 2.952306e+00
0.735000 100.000000 2.878324245317e+00 -5.172552303509e-01 2.924432e+00
0.740000 100.000000 2.851285114604e+00 -5.132056195699e-01 2.897103e+00
0.745000 100.000000 2.824788864215e+00 -5.091374816765e-01 2.870305e+00
0.750000 100.000000 2.798821788429e+00 -5.050549098154e-01 2.844026e+00
0.755000 100.000000 2.773370604066e+00 -5.009617392581e-01 2.818253e+00
0.760000 100.000000 2.748422434762e+00 -4.968615612761e-01 2.792973e+00
0.765000 100.000000 2.723964795945e+00 -4.927577362955e-01 2.768175e+00
0.770000 100.000000 2.699985580457e+00 -4.886534063697e-01 2.743848e+00
0.775000 100.000000 2.676473044825e+00 -4.845515070059e-01 2.719981e+00
0.780000 100.000000 2.653415796109e+00 -4.804547783782e-01 2.696563e+00
0.785000 100.000000 2.630802779323e+00 -4.763657759600e-01 2.673583e+00
0.790000 100.000000 2.608623265397e+00 -4.722868806050e-01 2.651032e+00
0.795000 100.000000 2.586866839640e+00 -4.682203081050e-01 2.628899e+00
0.800000 100.000000 2.565523390700e+00 -4.641681182524e-01 2.607175e+00
0.805000 100.000000 2.544583099971e+00 -4.601322234311e-01 2.585851e+00
0.810000 100.000000 2.524036431453e+00 -4.561143967641e-01 2.564917e+00
0.815000 100.000000 2.503874122021e+00 -4.521162798341e-01 2.544365e+00
0.820000 100.000000 2.484087172095e+00 -4.481393900061e-01 2.524187e+00
0.825000 100.000000 2.464666836687e+00 -4.441851273675e-01 2.504373e+00
0.830000 100.000000 2.445604616814e+00 -4.402547813076e-01 2.484916e+00
0.835000 100.000000 2.426892251241e+00 -4.363495367538e-01 2.465808e+00
0.840000 100.000000 2.408521708573e+00 -4.324704800844e-01 2.447041e+00
0.845000 100.000000 2.390485179637e+00 -4.286186047310e-01 2.428607e+00
0.850000 100.000000 2.372775070176e+00 -4.247948164897e-01 2.410500e+00
0.855000 100.000000 2.355383993825e+00 -4.209999385549e-01 2.392713e+00
0.860000 100.000000 2.338304765355e+00 -4.172347162886e-01 2.375238e+00
0.865000 100.000000 2.321530394178e+00 -4.134998217411e-01 2.358068e+00
0.870000 100.000000 2.305054078099e+00 -4.097958579342e-01 2.341198e+00
0.875000 100.000000 2.288869197304e+00 -4.061233629191e-01 2.324620e+00
0.880000 100.000000 2.272969308578e+00 -4.024828136224e-01 2.308329e+00
0.885000 100.000000 2.257348139733e+00 -3.988746294875e-01 2.292318e+00
0.890000 100.000000 2.241999584239e+00 -3.952991759256e-01 2.276582e+00
0.895000 100.000000 2.226917696074e+00 -3.917567675844e-01 2.261114e+00
0.900000 100.000000 2.212096684731e+00 -3.882476714426e-01 2.245909e+00
0.905000 100.000000 2.197530910434e+00 -3.847721097418e-01 2.230962e+00
0.910000 100.000000 2.183214879508e+00 -3.813302627616e-01 2.216267e+00
0.915000 100.000000 2.169143239930e+00 -3.779222714481e-01 2.201819e+00
0.920000 100.000000 2.155310777028e+00 -3.745482399008e-01 2.187613e+00
0.925000 100.000000 2.141712409334e+00 -3.712082377279e-01 2.173644e+00
0.930000 100.000000 2.128343184591e+00 -3.679023022749e-01 2.159907e+00
0.935000 100.000000 2.115198275890e+00 -3.646304407337e-01 2.146397e+00
0.940000 100.000000 2.102272977945e+00 -3.613926321368e-01 2.133110e+00
0.945000 100.000000 2.089562703503e+00 -3.581888292461e-01 2.120040e+00
0.950000 100.000000 2.077062979867e+00 -3.550189603373e-01 2.107185e+00
0.955000 100.000000 2.064769445544e+00 -3.518829308893e-01 2.094539e+00
0.960000 100.000000 2.052677847006e+00 -3.487806251787e-01 2.082099e+00
0.965000 100.000000 2.040784035566e+00 -3.457119077906e-01 2.069859e+00
0.970000 100.000000 2.029083964344e+00 -3.426766250439e-01 2.057817e+00
0.975000 100.000000 2.017573685351e+00 -3.396746063385e-01 2.045967e+00
0.980000 100.000000 2.006249346662e+00 -3.367056654291e-01 2.034308e+00
0.985000 100.000000 1.995107189682e+00 -3.337696016272e-01 2.022833e+00
0.990000 100.000000 1.984143546505e+00 -3.308662009369e-01 2.011541e+00
0.995000 100.000000 1.973354837357e+00 -3.279952371255e-01 2.000428e+00
1.000000 100.000000 1.962737568124e+00 -3.251564727361e-01 1.989489e+00
