# zline X=10000000 rho=1.1 C(X)=86 mode=h
# sigma t ReF ImF |F|
0.700000 20.000000 -6.334494302789e-01 -2.051554499728e+00 2.147122e+00
0.705000 20.000000 -6.049027613275e-01 -2.015558881485e+00 2.104373e+00
0.710000 20.000000 -5.768916784881e-01 -1.980662157746e+00 2.062965e+00
0.715000 20.000000 -5.494096462905e-01 -1.946822754295e+00 2.022862e+00
0.720000 20.000000 -5.224498617448e-01 -1.914000839601e+00 1.984024e+00
0.725000 20.000000 -4.960052901065e-01 -1.882158246509e+00 1.946417e+00
0.730000 20.000000 -4.700686977890e-01 -1.851258397647e+00 1.910006e+00
0.735000 20.000000 -4.446326826335e-01 -1.821266234355e+00 1.874756e+00
0.740000 20.000000 -4.196897017078e-01 -1.792148148976e+00 1.840634e+00
0.745000 20.000000 -3.952320968312e-01 -1.763871920331e+00 1.807610e+00
0.750000 20.000000 -3.712521179708e-01 -1.736406652226e+00 1.775651e+00
0.755000 20.000000 -3.477419446757e-01 -1.709722714850e+00 1.744728e+00
0.760000 20.000000 -3.246937056774e-01 -1.683791688908e+00 1.714812e+00
0.765000 20.000000 -3.020994968031e-01 -1.658586312367e+00 1.685874e+00
0.770000 20.000000 -2.799513973138e-01 -1.634080429682e+00 1.657888e+00
0.775000 20.000000 -2.582414847853e-01 -1.610248943382e+00 1.630825e+00
0.780000 20.000000 -2.369618486421e-01 -1.587067767904e+00 1.604660e+00
0.785000 20.000000 -2.161046024375e-01 -1.564513785562e+00 1.579368e+00
0.790000 20.000000 -1.956618949791e-01 -1.542564804545e+00 1.554924e+00
0.795000 20.000000 -1.756259203773e-01 -1.521199518859e+00 1.531304e+00
0.800000 20.000000 -1.559889271072e-01 -1.500397470104e+00 1.508484e+00
0.805000 20.000000 -1.367432261482e-01 -1.480139010999e+00 1.486442e+00
0.810000 20.000000 -1.178811982775e-01 -1.460405270588e+00 1.465155e+00
0.815000 20.000000 -9.939530058099e-02 -1.441178121018e+00 1.444602e+00
0.820000 20.000000 -8.127807223718e-02 -1.422440145845e+00 1.424760e+00
0.825000 20.000000 -6.352213963488e-02 -1.404174609768e+00 1.405611e+00
0.830000 20.000000 -4.612022087622e-02 -1.386365429734e+00 1.387132e+00
0.835000 20.000000 -2.906512970756e-02 -1.368997147359e+00 1.369306e+00
0.840000 20.000000 -1.234977893134e-02 -1.352054902581e+00 1.352111e+00
0.845000 20.000000 4.032816665493e-03 -1.335524408499e+00 1.335530e+00
0.850000 20.000000 2.008953782615e-02 -1.319391927349e+00 1.319545e+00
0.855000 20.000000 3.582715874477e-02 -1.303644247544e+00 1.304136e+00
0.860000 20.000000 5.125234536063e-02 -1.288268661745e+00 1.289288e+00
0.865000 20.000000 6.637165399485e-02 -1.273252945903e+00 1.274982e+00
0.870000 20.000000 8.119153030215e-02 -1.258585339237e+00 1.261201e+00
0.875000 20.000000 9.571830850656e-02 -1.244254525096e+00 1.247931e+00
0.880000 20.000000 1.099582109028e-01 -1.230249612663e+00 1.235154e+00
0.885000 20.000000 1.239173475938e-01 -1.216560119468e+00 1.222855e+00
0.890000 20.000000 1.376017164477e-01 -1.203175954670e+00 1.211019e+00
0.895000 20.000000 1.510172032542e-01 -1.190087403069e+00 1.199631e+00
0.900000 20.000000 1.641695820557e-01 -1.177285109817e+00 1.188677e+00
0.905000 20.000000 1.770645156493e-01 -1.164760065798e+00 1.178142e+00
0.910000 20.000000 1.897075562261e-01 -1.152503593639e+00 1.168013e+00
0.915000 20.000000 2.021041461537e-01 -1.140507334329e+00 1.158276e+00
0.920000 20.000000 2.142596188678e-01 -1.128763234421e+00 1.148918e+00
0.925000 20.000000 2.261791998787e-01 -1.117263533777e+00 1.139928e+00
0.930000 20.000000 2.378680078670e-01 -1.106000753848e+00 1.131291e+00
0.935000 20.000000 2.493310558688e-01 -1.094967686453e+00 1.122996e+00
0.940000 20.000000 2.605732525311e-01 -1.084157383036e+00 1.115032e+00
0.945000 20.000000 2.715994034375e-01 -1.073563144385e+00 1.107386e+00
0.950000 20.000000 2.824142124877e-01 -1.063178510787e+00 1.100048e+00
0.955000 20.000000 2.930222833293e-01 -1.052997252599e+00 1.093007e+00
0.960000 20.000000 3.034281208310e-01 -1.043013361217e+00 1.086253e+00
0.965000 20.000000 3.136361325929e-01 -1.033221040433e+00 1.079775e+00
0.970000 20.000000 3.236506304861e-01 -1.023614698146e+00 1.073563e+00
0.975000 20.000000 3.334758322187e-01 -1.014188938427e+00 1.067607e+00
0.980000 20.000000 3.431158629199e-01 -1.004938553911e+00 1.061899e+00
0.985000 20.000000 3.525747567405e-01 -9.958585185158e-01 1.056429e+00
0.990000 20.000000 3.618564584638e-01 -9.869439804499e-01 1.051189e+00
0.995000 20.000000 3.709648251245e-01 -9.781902555232e-01 1.046170e+00
1.000000 20.000000 3.799036276296e-01 -9.695928207266e-01 1.041363e+00
