# zline X=10000000 rho=1.1 C(X)=86 mode=h
# sigma t ReF ImF |F|
0.700000 100.000000 1.664819602092e+00 -1.007023758785e+00 1.945693e+00
0.705000 100.000000 1.677551930904e+00 -9.881678537561e-01 1.946961e+00
0.710000 100.000000 1.689346022498e+00 -9.695274314152e-01 1.947787e+00
0.715000 100.000000 1.700249258308e+00 -9.511129843034e-01 1.948195e+00
0.720000 100.000000 1.710306727513e+00 -9.329337375316e-01 1.948208e+00
0.725000 100.000000 1.719561338116e+00 -9.149977443575e-01 1.947848e+00
0.730000 100.000000 1.728053922599e+00 -8.973119752817e-01 1.947136e+00
0.735000 100.000000 1.735823338432e+00 -8.798824010847e-01 1.946092e+00
0.740000 100.000000 1.742906563681e+00 -8.627140702079e-01 1.944736e+00
0.745000 100.000000 1.749338787959e+00 -8.458111808483e-01 1.943086e+00
0.750000 100.000000 1.755153498937e+00 -8.291771481164e-01 1.941159e+00
0.755000 100.000000 1.760382564651e+00 -8.128146665861e-01 1.938973e+00
0.760000 100.000000 1.765056311793e+00 -7.967257685363e-01 1.936542e+00
0.765000 100.000000 1.769203600192e+00 -7.809118781706e-01 1.933883e+00
0.770000 100.000000 1.772851893672e+00 -7.653738620823e-01 1.931010e+00
0.775000 100.000000 1.776027327455e+00 -7.501120762122e-01 1.927937e+00
0.780000 100.000000 1.778754772294e+00 -7.351264095275e-01 1.924676e+00
0.785000 100.000000 1.781057895479e+00 -7.204163246476e-01 1.921241e+00
0.790000 100.000000 1.782959218879e+00 -7.059808956098e-01 1.917642e+00
0.795000 100.000000 1.784480174161e+00 -6.918188429708e-01 1.913892e+00
0.800000 100.000000 1.785641155333e+00 -6.779285664191e-01 1.910000e+00
0.805000 100.000000 1.786461568724e+00 -6.643081750631e-01 1.905978e+00
0.810000 100.000000 1.786959880540e+00 -6.509555155497e-01 1.901833e+00
0.815000 100.000000 1.787153662121e+00 -6.378681981610e-01 1.897576e+00
0.820000 100.000000 1.787059632984e+00 -6.250436210187e-01 1.893215e+00
0.825000 100.000000 1.786693701793e+00 -6.124789925276e-01 1.888758e+00
0.830000 100.000000 1.786071005337e+00 -6.001713521728e-01 1.884212e+00
0.835000 100.000000 1.785205945612e+00 -5.881175897821e-01 1.879586e+00
0.840000 100.000000 1.784112225121e+00 -5.763144633588e-01 1.874885e+00
0.845000 100.000000 1.782802880447e+00 -5.647586155759e-01 1.870117e+00
0.850000 100.000000 1.781290314211e+00 -5.534465890274e-01 1.865288e+00
0.855000 100.000000 1.779586325485e+00 -5.423748403176e-01 1.860403e+00
0.860000 100.000000 1.777702138722e+00 -5.315397530674e-01 1.855467e+00
0.865000 100.000000 1.775648431300e+00 -5.209376499111e-01 1.850487e+00
0.870000 100.000000 1.773435359725e+00 -5.105648035550e-01 1.845467e+00
0.875000 100.000000 1.771072584575e+00 -5.004174469554e-01 1.840412e+00
0.880000 100.000000 1.768569294234e+00 -4.904917826851e-01 1.835325e+00
0.885000 100.000000 1.765934227484e+00 -4.807839915350e-01 1.830212e+00
0.890000 100.000000 1.763175695005e+00 -4.712902404102e-01 1.825076e+00
0.895000 100.000000 1.760301599837e+00 -4.620066895665e-01 1.819921e+00
0.900000 100.000000 1.757319456863e+00 -4.529294992321e-01 1.814750e+00
0.905000 100.000000 1.754236411340e+00 -4.440548356597e-01 1.809566e+00
0.910000 100.000000 1.751059256552e+00 -4.353788766471e-01 1.804373e+00
0.915000 100.000000 1.747794450606e+00 -4.268978165637e-01 1.799174e+00
0.920000 100.000000 1.744448132419e+00 -4.186078709181e-01 1.793971e+00
0.925000 100.000000 1.741026136941e+00 -4.105052804992e-01 1.788767e+00
0.930000 100.000000 1.737534009642e+00 -4.025863151210e-01 1.783564e+00
0.935000 100.000000 1.733977020311e+00 -3.948472769994e-01 1.778365e+00
0.940000 100.000000 1.730360176179e+00 -3.872845037875e-01 1.773171e+00
0.945000 100.000000 1.726688234431e+00 -3.798943712939e-01 1.767985e+00
0.950000 100.000000 1.722965714102e+00 -3.726732959080e-01 1.762809e+00
0.955000 100.000000 1.719196907410e+00 -3.656177367521e-01 1.757645e+00
0.960000 100.000000 1.715385890550e+00 -3.587241975817e-01 1.752493e+00
0.965000 100.000000 1.711536533965e+00 -3.519892284520e-01 1.747356e+00
0.970000 100.000000 1.707652512126e+00 -3.454094271700e-01 1.742236e+00
0.975000 100.000000 1.703737312853e+00 -3.389814405443e-01 1.737132e+00
0.980000 100.000000 1.699794246182e+00 -3.327019654531e-01 1.732048e+00
0.985000 100.000000 1.695826452810e+00 -3.265677497404e-01 1.726984e+00
0.990000 100.000000 1.691836912144e+00 -3.205755929551e-01 1.721941e+00
0.995000 100.000000 1.687828449959e+00 -3.147223469466e-01 1.716920e+00
1.000000 100.000000 1.683803745692e+00 -3.090049163264e-01 1.711923e+00
