# zline X=10000000 rho=1.1 C(X)=86 mode=h
# sigma t ReF ImF |F|
0.700000 60.000000 1.465336124013e-01 2.414027341047e-01 2.823958e-01
0.705000 60.000000 1.529682702453e-01 2.386668322079e-01 2.834804e-01
0.710000 60.000000 1.592173197091e-01 2.360368732551e-01 2.847166e-01
0.715000 60.000000 1.652882129937e-01 2.335055941993e-01 2.860857e-01
0.720000 60.000000 1.711881395789e-01 2.310662662818e-01 2.875709e-01
0.725000 60.000000 1.769240322757e-01 2.287126578381e-01 2.891567e-01
0.730000 60.000000 1.825025734300e-01 2.264389995665e-01 2.908295e-01
0.735000 60.000000 1.879302012463e-01 2.242399521037e-01 2.925770e-01
0.740000 60.000000 1.932131161930e-01 2.221105757578e-01 2.943882e-01
0.745000 60.000000 1.983572874614e-01 2.200463022596e-01 2.962533e-01
0.750000 60.000000 2.033684594495e-01 2.180429084030e-01 2.981634e-01
0.755000 60.000000 2.082521582482e-01 2.160964914509e-01 3.001111e-01
0.760000 60.000000 2.130136981057e-01 2.142034461947e-01 3.020893e-01
0.765000 60.000000 2.176581878553e-01 2.123604435580e-01 3.040922e-01
0.770000 60.000000 2.221905372857e-01 2.105644106461e-01 3.061144e-01
0.775000 60.000000 2.266154634423e-01 2.088125121461e-01 3.081513e-01
0.780000 60.000000 2.309374968447e-01 2.071021329915e-01 3.101990e-01
0.785000 60.000000 2.351609876119e-01 2.054308622068e-01 3.122539e-01
0.790000 60.000000 2.392901114826e-01 2.037964778566e-01 3.143132e-01
0.795000 60.000000 2.433288757255e-01 2.021969330273e-01 3.163741e-01
0.800000 60.000000 2.472811249316e-01 2.006303427719e-01 3.184344e-01
0.805000 60.000000 2.511505466817e-01 1.990949719572e-01 3.204924e-01
0.810000 60.000000 2.549406770880e-01 1.975892239521e-01 3.225465e-01
0.815000 60.000000 2.586549062025e-01 1.961116301028e-01 3.245953e-01
0.820000 60.000000 2.622964832911e-01 1.946608399428e-01 3.266379e-01
0.825000 60.000000 2.658685219720e-01 1.932356120883e-01 3.286732e-01
0.830000 60.000000 2.693740052162e-01 1.918348057755e-01 3.307007e-01
0.835000 60.000000 2.728157902090e-01 1.904573729947e-01 3.327198e-01
0.840000 60.000000 2.761966130733e-01 1.891023511836e-01 3.347301e-01
0.845000 60.000000 2.795190934549e-01 1.877688564415e-01 3.367314e-01
0.850000 60.000000 2.827857389691e-01 1.864560772295e-01 3.387235e-01
0.855000 60.000000 2.859989495119e-01 1.851632685250e-01 3.407064e-01
0.860000 60.000000 2.891610214354e-01 1.838897463986e-01 3.426799e-01
0.865000 60.000000 2.922741515898e-01 1.826348829864e-01 3.446443e-01
0.870000 60.000000 2.953404412341e-01 1.813981018298e-01 3.465995e-01
0.875000 60.000000 2.983618998171e-01 1.801788735586e-01 3.485459e-01
0.880000 60.000000 3.013404486316e-01 1.789767118937e-01 3.504836e-01
0.885000 60.000000 3.042779243441e-01 1.777911699480e-01 3.524128e-01
0.890000 60.000000 3.071760824019e-01 1.766218368046e-01 3.543338e-01
0.895000 60.000000 3.100366003218e-01 1.754683343532e-01 3.562469e-01
0.900000 60.000000 3.128610808621e-01 1.743303143682e-01 3.581524e-01
0.905000 60.000000 3.156510550800e-01 1.732074558096e-01 3.600506e-01
0.910000 60.000000 3.184079852800e-01 1.720994623331e-01 3.619418e-01
0.915000 60.000000 3.211332678532e-01 1.710060599941e-01 3.638264e-01
0.920000 60.000000 3.238282360121e-01 1.699269951321e-01 3.657047e-01
0.925000 60.000000 3.264941624238e-01 1.688620324220e-01 3.675770e-01
0.930000 60.000000 3.291322617439e-01 1.678109530829e-01 3.694436e-01
0.935000 60.000000 3.317436930556e-01 1.667735532299e-01 3.713049e-01
0.940000 60.000000 3.343295622132e-01 1.657496423620e-01 3.731611e-01
0.945000 60.000000 3.368909240986e-01 1.647390419731e-01 3.750126e-01
0.950000 60.000000 3.394287847883e-01 1.637415842810e-01 3.768597e-01
0.955000 60.000000 3.419441036371e-01 1.627571110616e-01 3.787026e-01
0.960000 60.000000 3.444377952795e-01 1.617854725848e-01 3.805416e-01
0.965000 60.000000 3.469107315522e-01 1.608265266412e-01 3.823771e-01
0.970000 60.000000 3.493637433410e-01 1.598801376552e-01 3.842092e-01
0.975000 60.000000 3.517976223536e-01 1.589461758772e-01 3.860382e-01
0.980000 60.000000 3.542131228208e-01 1.580245166488e-01 3.878643e-01
0.985000 60.000000 3.566109631304e-01 1.571150397357e-01 3.896877e-01
0.990000 60.000000 3.589918273935e-01 1.562176287242e-01 3.915087e-01
0.995000 60.000000 3.613563669486e-01 1.553321704742e-01 3.933275e-01
1.000000 60.000000 3.637052018027e-01 1.544585546265e-01 3.951442e-01
