# zline X=10000000 rho=1.1 C(X)=86 mode=h
# sigma t ReF ImF |F|
0.700000 90.000000 1.784354322350e+00 2.118881549705e+00 2.770123e+00
0.705000 90.000000 1.783989492895e+00 2.109861809599e+00 2.762994e+00
0.710000 90.000000 1.783547527664e+00 2.100567986493e+00 2.755617e+00
0.715000 90.000000 1.783030640629e+00 2.091016729244e+00 2.748008e+00
0.720000 90.000000 1.782441019547e+00 2.081223971480e+00 2.740181e+00
0.725000 90.000000 1.781780822264e+00 2.071204961367e+00 2.732148e+00
0.730000 90.000000 1.781052173575e+00 2.060974290080e+00 2.723924e+00
0.735000 90.000000 1.780257162590e+00 2.050545919001e+00 2.715521e+00
0.740000 90.000000 1.779397840538e+00 2.039933205746e+00 2.706951e+00
0.745000 90.000000 1.778476218978e+00 2.029148929051e+00 2.698226e+00
0.750000 90.000000 1.777494268369e+00 2.018205312586e+00 2.689357e+00
0.755000 90.000000 1.776453916953e+00 2.007114047743e+00 2.680354e+00
0.760000 90.000000 1.775357049929e+00 1.995886315446e+00 2.671227e+00
0.765000 90.000000 1.774205508870e+00 1.984532807039e+00 2.661987e+00
0.770000 90.000000 1.773001091371e+00 1.973063744278e+00 2.652643e+00
0.775000 90.000000 1.771745550887e+00 1.961488898493e+00 2.643203e+00
0.780000 90.000000 1.770440596746e+00 1.949817608926e+00 2.633676e+00
0.785000 90.000000 1.769087894312e+00 1.938058800322e+00 2.624070e+00
0.790000 90.000000 1.767689065281e+00 1.926220999768e+00 2.614393e+00
0.795000 90.000000 1.766245688088e+00 1.914312352847e+00 2.604653e+00
0.800000 90.000000 1.764759298414e+00 1.902340639116e+00 2.594856e+00
0.805000 90.000000 1.763231389777e+00 1.890313286945e+00 2.585009e+00
0.810000 90.000000 1.761663414193e+00 1.878237387757e+00 2.575118e+00
0.815000 90.000000 1.760056782897e+00 1.866119709670e+00 2.565191e+00
0.820000 90.000000 1.758412867114e+00 1.853966710593e+00 2.555232e+00
0.825000 90.000000 1.756732998872e+00 1.841784550786e+00 2.545247e+00
0.830000 90.000000 1.755018471841e+00 1.829579104910e+00 2.535242e+00
0.835000 90.000000 1.753270542205e+00 1.817355973590e+00 2.525221e+00
0.840000 90.000000 1.751490429547e+00 1.805120494512e+00 2.515190e+00
0.845000 90.000000 1.749679317750e+00 1.792877753072e+00 2.505152e+00
0.850000 90.000000 1.747838355901e+00 1.780632592599e+00 2.495113e+00
0.855000 90.000000 1.745968659205e+00 1.768389624169e+00 2.485077e+00
0.860000 90.000000 1.744071309893e+00 1.756153236022e+00 2.475047e+00
0.865000 90.000000 1.742147358128e+00 1.743927602613e+00 2.465028e+00
0.870000 90.000000 1.740197822905e+00 1.731716693290e+00 2.455022e+00
0.875000 90.000000 1.738223692940e+00 1.719524280640e+00 2.445033e+00
0.880000 90.000000 1.736225927550e+00 1.707353948494e+00 2.435064e+00
0.885000 90.000000 1.734205457514e+00 1.695209099621e+00 2.425119e+00
0.890000 90.000000 1.732163185926e+00 1.683092963112e+00 2.415200e+00
0.895000 90.000000 1.730099989028e+00 1.671008601481e+00 2.405310e+00
0.900000 90.000000 1.728016717023e+00 1.658958917478e+00 2.395451e+00
0.905000 90.000000 1.725914194878e+00 1.646946660636e+00 2.385626e+00
0.910000 90.000000 1.723793223099e+00 1.634974433563e+00 2.375838e+00
0.915000 90.000000 1.721654578489e+00 1.623044697982e+00 2.366087e+00
0.920000 90.000000 1.719499014894e+00 1.611159780537e+00 2.356377e+00
0.925000 90.000000 1.717327263916e+00 1.599321878372e+00 2.346709e+00
0.930000 90.000000 1.715140035615e+00 1.587533064490e+00 2.337085e+00
0.935000 90.000000 1.712938019191e+00 1.575795292896e+00 2.327507e+00
0.940000 90.000000 1.710721883637e+00 1.564110403553e+00 2.317976e+00
0.945000 90.000000 1.708492278386e+00 1.552480127127e+00 2.308493e+00
0.950000 90.000000 1.706249833921e+00 1.540906089559e+00 2.299061e+00
0.955000 90.000000 1.703995162385e+00 1.529389816452e+00 2.289680e+00
0.960000 90.000000 1.701728858152e+00 1.517932737289e+00 2.280351e+00
0.965000 90.000000 1.699451498396e+00 1.506536189483e+00 2.271076e+00
0.970000 90.000000 1.697163643631e+00 1.495201422273e+00 2.261856e+00
0.975000 90.000000 1.694865838234e+00 1.483929600462e+00 2.252691e+00
0.980000 90.000000 1.692558610958e+00 1.472721808015e+00 2.243583e+00
0.985000 90.000000 1.690242475415e+00 1.461579051512e+00 2.234532e+00
0.990000 90.000000 1.687917930556e+00 1.450502263466e+00 2.225539e+00
0.995000 90.000000 1.685585461123e+00 1.439492305513e+00 2.216605e+00
1.000000 90.000000 1.683245538093e+00 1.428549971477e+00 2.207730e+00
