# zline X=10000000 rho=1.1 C(X)=86 mode=h
# sigma t ReF ImF |F|
0.700000 40.000000 3.921384443433e-01 -1.948932064850e-01 4.378994e-01
0.705000 40.000000 3.974733996953e-01 -2.054446690809e-01 4.474289e-01
0.710000 40.000000 4.027870078582e-01 -2.155798834610e-01 4.568502e-01
0.715000 40.000000 4.080779608233e-01 -2.253123788787e-01 4.661473e-01
0.720000 40.000000 4.133449826493e-01 -2.346552467179e-01 4.753074e-01
0.725000 40.000000 4.185868324218e-01 -2.436211547584e-01 4.843204e-01
0.730000 40.000000 4.238023067525e-01 -2.522223610002e-01 4.931780e-01
0.735000 40.000000 4.289902418619e-01 -2.604707270683e-01 5.018741e-01
0.740000 40.000000 4.341495152874e-01 -2.683777311950e-01 5.104042e-01
0.745000 40.000000 4.392790472487e-01 -2.759544808012e-01 5.187648e-01
0.750000 40.000000 4.443778017071e-01 -2.832117246754e-01 5.269540e-01
0.755000 40.000000 4.494447871470e-01 -2.901598647685e-01 5.349704e-01
0.760000 40.000000 4.544790571079e-01 -2.968089676092e-01 5.428138e-01
0.765000 40.000000 4.594797104945e-01 -3.031687753542e-01 5.504843e-01
0.770000 40.000000 4.644458916841e-01 -3.092487164771e-01 5.579828e-01
0.775000 40.000000 4.693767904588e-01 -3.150579161142e-01 5.653106e-01
0.780000 40.000000 4.742716417762e-01 -3.206052060678e-01 5.724695e-01
0.785000 40.000000 4.791297254024e-01 -3.258991344835e-01 5.794614e-01
0.790000 40.000000 4.839503654184e-01 -3.309479752092e-01 5.862888e-01
0.795000 40.000000 4.887329296203e-01 -3.357597368422e-01 5.929540e-01
0.800000 40.000000 4.934768288231e-01 -3.403421714793e-01 5.994599e-01
0.805000 40.000000 4.981815160824e-01 -3.447027831731e-01 6.058092e-01
0.810000 40.000000 5.028464858453e-01 -3.488488361084e-01 6.120050e-01
0.815000 40.000000 5.074712730424e-01 -3.527873625044e-01 6.180502e-01
0.820000 40.000000 5.120554521264e-01 -3.565251702516e-01 6.239479e-01
0.825000 40.000000 5.165986360711e-01 -3.600688502938e-01 6.297013e-01
0.830000 40.000000 5.211004753337e-01 -3.634247837612e-01 6.353135e-01
0.835000 40.000000 5.255606567927e-01 -3.665991488634e-01 6.407877e-01
0.840000 40.000000 5.299789026614e-01 -3.695979275502e-01 6.461271e-01
0.845000 40.000000 5.343549693896e-01 -3.724269119479e-01 6.513348e-01
0.850000 40.000000 5.386886465534e-01 -3.750917105780e-01 6.564139e-01
0.855000 40.000000 5.429797557401e-01 -3.775977543662e-01 6.613676e-01
0.860000 40.000000 5.472281494324e-01 -3.799503024476e-01 6.661988e-01
0.865000 40.000000 5.514337098954e-01 -3.821544477764e-01 6.709107e-01
0.870000 40.000000 5.555963480680e-01 -3.842151225453e-01 6.755062e-01
0.875000 40.000000 5.597160024654e-01 -3.861371034214e-01 6.799881e-01
0.880000 40.000000 5.637926380918e-01 -3.879250166061e-01 6.843595e-01
0.885000 40.000000 5.678262453661e-01 -3.895833427224e-01 6.886231e-01
0.890000 40.000000 5.718168390648e-01 -3.911164215375e-01 6.927817e-01
0.895000 40.000000 5.757644572823e-01 -3.925284565265e-01 6.968381e-01
0.900000 40.000000 5.796691604083e-01 -3.938235192810e-01 7.007948e-01
0.905000 40.000000 5.835310301276e-01 -3.950055537688e-01 7.046544e-01
0.910000 40.000000 5.873501684398e-01 -3.960783804506e-01 7.084196e-01
0.915000 40.000000 5.911266967017e-01 -3.970457002572e-01 7.120927e-01
0.920000 40.000000 5.948607546922e-01 -3.979110984331e-01 7.156763e-01
0.925000 40.000000 5.985524997019e-01 -3.986780482505e-01 7.191726e-01
0.930000 40.000000 6.022021056439e-01 -3.993499145985e-01 7.225841e-01
0.935000 40.000000 6.058097621926e-01 -3.999299574516e-01 7.259128e-01
0.940000 40.000000 6.093756739436e-01 -4.004213352220e-01 7.291611e-01
0.945000 40.000000 6.129000595996e-01 -4.008271079996e-01 7.323311e-01
0.950000 40.000000 6.163831511821e-01 -4.011502406830e-01 7.354248e-01
0.955000 40.000000 6.198251932650e-01 -4.013936060065e-01 7.384444e-01
0.960000 40.000000 6.232264422351e-01 -4.015599874659e-01 7.413917e-01
0.965000 40.000000 6.265871655753e-01 -4.016520821460e-01 7.442687e-01
0.970000 40.000000 6.299076411727e-01 -4.016725034553e-01 7.470773e-01
0.975000 40.000000 6.331881566508e-01 -4.016237837687e-01 7.498192e-01
0.980000 40.000000 6.364290087235e-01 -4.015083769827e-01 7.524964e-01
0.985000 40.000000 6.396305025741e-01 -4.013286609866e-01 7.551105e-01
0.990000 40.000000 6.427929512563e-01 -4.010869400506e-01 7.576632e-01
0.995000 40.000000 6.459166751168e-01 -4.007854471369e-01 7.601561e-01
1.000000 40.000000 6.490020012410e-01 -4.004263461323e-01 7.625909e-01
