# zline X=10000000 rho=1.1 C(X)=86 mode=h
# sigma t ReF ImF |F|
0.700000 0.100000 -2.755241077845e+00 -1.150409748920e+00 2.985766e+00
0.705000 0.100000 -2.801603496763e+00 -1.182109136226e+00 3.040783e+00
0.710000 0.100000 -2.848907945927e+00 -1.215403373819e+00 3.097335e+00
0.715000 0.100000 -2.897179603693e+00 -1.250376168252e+00 3.155486e+00
0.720000 0.100000 -2.946442992389e+00 -1.287117474840e+00 3.215307e+00
0.725000 0.100000 -2.996721762370e+00 -1.325723957571e+00 3.276871e+00
0.730000 0.100000 -3.048038437252e+00 -1.366299487558e+00 3.340256e+00
0.735000 0.100000 -3.100414114195e+00 -1.408955682688e+00 3.405543e+00
0.740000 0.100000 -3.153868112180e+00 -1.453812491197e+00 3.472817e+00
0.745000 0.100000 -3.208417560101e+00 -1.500998821886e+00 3.542166e+00
0.750000 0.100000 -3.264076915216e+00 -1.550653223621e+00 3.613686e+00
0.755000 0.100000 -3.320857401028e+00 -1.602924616609e+00 3.687474e+00
0.760000 0.100000 -3.378766351947e+00 -1.657973077634e+00 3.763633e+00
0.765000 0.100000 -3.437806450142e+00 -1.715970680994e+00 3.842274e+00
0.770000 0.100000 -3.497974837739e+00 -1.777102396206e+00 3.923509e+00
0.775000 0.100000 -3.559262084943e+00 -1.841567042600e+00 4.007458e+00
0.780000 0.100000 -3.621650991719e+00 -1.909578299615e+00 4.094245e+00
0.785000 0.100000 -3.685115197345e+00 -1.981365769831e+00 4.184003e+00
0.790000 0.100000 -3.749617568365e+00 -2.057176089429e+00 4.276869e+00
0.795000 0.100000 -3.815108331224e+00 -2.137274077666e+00 4.372984e+00
0.800000 0.100000 -3.881522911167e+00 -2.221943912910e+00 4.472500e+00
0.805000 0.100000 -3.948779433746e+00 -2.311490317548e+00 4.575571e+00
0.810000 0.100000 -4.016775839645e+00 -2.406239727418e+00 4.682358e+00
0.815000 0.100000 -4.085386557468e+00 -2.506541412835e+00 4.793030e+00
0.820000 0.100000 -4.154458672838e+00 -2.612768507505e+00 4.907758e+00
0.825000 0.100000 -4.223807525842e+00 -2.725318888012e+00 5.026720e+00
0.830000 0.100000 -4.293211662870e+00 -2.844615829553e+00 5.150098e+00
0.835000 0.100000 -4.362407063749e+00 -2.971108342483e+00 5.278075e+00
0.840000 0.100000 -4.431080561598e+00 -3.105271068174e+00 5.410839e+00
0.845000 0.100000 -4.498862372053e+00 -3.247603580864e+00 5.548576e+00
0.850000 0.100000 -4.565317651985e+00 -3.398628903603e+00 5.691468e+00
0.855000 0.100000 -4.629937017665e+00 -3.558891000226e+00 5.839694e+00
0.860000 0.100000 -4.692125971207e+00 -3.728950950788e+00 5.993423e+00
0.865000 0.100000 -4.751193215835e+00 -3.909381454662e+00 6.152812e+00
0.870000 0.100000 -4.806337889630e+00 -4.100759233851e+00 6.317999e+00
0.875000 0.100000 -4.856635819947e+00 -4.303654830259e+00 6.489095e+00
0.880000 0.100000 -4.901025003761e+00 -4.518619207862e+00 6.666181e+00
0.885000 0.100000 -4.938290661322e+00 -4.746166489367e+00 6.849293e+00
0.890000 0.100000 -4.967050401013e+00 -4.986752086393e+00 7.038415e+00
0.895000 0.100000 -4.985740281679e+00 -5.240745436467e+00 7.233465e+00
0.900000 0.100000 -4.992602873344e+00 -5.508396560100e+00 7.434280e+00
0.905000 0.100000 -4.985678802494e+00 -5.789795725490e+00 7.640597e+00
0.910000 0.100000 -4.962803721158e+00 -6.084825695162e+00 7.852040e+00
0.915000 0.100000 -4.921613143888e+00 -6.393106375402e+00 8.068091e+00
0.920000 0.100000 -4.859558117303e+00 -6.713932250534e+00 8.288075e+00
0.925000 0.100000 -4.773935158288e+00 -7.046203816359e+00 8.511137e+00
0.930000 0.100000 -4.661934216652e+00 -7.388355377757e+00 8.736213e+00
0.935000 0.100000 -4.520708439502e+00 -7.738283063788e+00 8.962022e+00
0.940000 0.100000 -4.347469047800e+00 -8.093278704628e+00 9.187037e+00
0.945000 0.100000 -4.139607461385e+00 -8.449977184650e+00 9.409488e+00
0.950000 0.100000 -3.894844713933e+00 -8.804326787904e+00 9.627356e+00
0.955000 0.100000 -3.611405040056e+00 -9.151593490458e+00 9.838390e+00
0.960000 0.100000 -3.288206309297e+00 -9.486410589983e+00 1.004013e+01
0.965000 0.100000 -2.925055009237e+00 -9.802883873218e+00 1.022998e+01
0.970000 0.100000 -2.522828382674e+00 -1.009475913201e+01 1.040523e+01
0.975000 0.100000 -2.083622122637e+00 -1.035565293094e+01 1.056319e+01
0.980000 0.100000 -1.610840020436e+00 -1.057933929271e+01 1.070127e+01
0.985000 0.100000 -1.109203445802e+00 -1.076007530306e+01 1.081710e+01
0.990000 0.100000 -5.846643940665e-01 -1.089293920291e+01 1.090862e+01
0.995000 0.100000 -4.421605740632e-02 -1.097414751831e+01 1.097424e+01
1.000000 0.100000 5.043917430995e-01 -1.100131536171e+01 1.101287e+01
