# zline X=10000000 rho=1.1 C(X)=86 mode=h
# sigma t ReF ImF |F|
0.700000 30.000000 -9.439211380867e-03 6.252261808430e-01 6.252974e-01
0.705000 30.000000 -8.384094776467e-03 5.866311237696e-01 5.866910e-01
0.710000 30.000000 -7.042939096010e-03 5.494792814339e-01 5.495244e-01
0.715000 30.000000 -5.430623126657e-03 5.137121926738e-01 5.137409e-01
0.720000 30.000000 -3.561366537546e-03 4.792740317935e-01 4.792873e-01
0.725000 30.000000 -1.448759019645e-03 4.461114784925e-01 4.461138e-01
0.730000 30.000000 8.942119067532e-04 4.141735946993e-01 4.141746e-01
0.735000 30.000000 3.455134351671e-03 3.834117079158e-01 3.834273e-01
0.740000 30.000000 6.222146723024e-03 3.537793007083e-01 3.538340e-01
0.745000 30.000000 9.183913545330e-03 3.252319060066e-01 3.253615e-01
0.750000 30.000000 1.232960237377e-02 2.977270078802e-01 2.979822e-01
0.755000 30.000000 1.564886175351e-02 2.712239474947e-01 2.716750e-01
0.760000 30.000000 1.913180017411e-02 2.456838339544e-01 2.464276e-01
0.765000 30.000000 2.276896597213e-02 2.210694597706e-01 2.222389e-01
0.770000 30.000000 2.655132813841e-02 1.973452206899e-01 1.991234e-01
0.775000 30.000000 3.047025798629e-02 1.744770396521e-01 1.771177e-01
0.780000 30.000000 3.451751164217e-02 1.524322946467e-01 1.562916e-01
0.785000 30.000000 3.868521331828e-02 1.311797502576e-01 1.367650e-01
0.790000 30.000000 4.296583933301e-02 1.106894926929e-01 1.187360e-01
0.795000 30.000000 4.735220284268e-02 9.093286811268e-02 1.025233e-01
0.800000 30.000000 5.183743925234e-02 7.188242407757e-02 8.862394e-02
0.805000 30.000000 5.641499227465e-02 5.351185394374e-02 7.775712e-02
0.810000 30.000000 6.107860060581e-02 3.579594405259e-02 7.079509e-02
0.815000 30.000000 6.582228519123e-02 1.871052356437e-02 6.842994e-02
0.820000 30.000000 7.064033705274e-02 2.232416788512e-03 7.067560e-02
0.825000 30.000000 7.552730565282e-02 -1.366060211513e-02 7.675276e-02
0.830000 30.000000 8.047798777034e-02 -2.898985219479e-02 8.554015e-02
0.835000 30.000000 8.548741686398e-02 -4.377578664112e-02 9.604383e-02
0.840000 30.000000 9.055085290318e-02 -5.803803170996e-02 1.075540e-01
0.845000 30.000000 9.566377264239e-02 -7.179542374267e-02 1.196083e-01
0.850000 30.000000 1.008218603211e-01 -8.506604437763e-02 1.319139e-01
0.855000 30.000000 1.060209987687e-01 -9.786725405361e-02 1.442860e-01
0.860000 30.000000 1.112572608966e-01 -1.102157238894e-01 1.566068e-01
0.865000 30.000000 1.165269015599e-01 -1.221274660282e-01 1.688006e-01
0.870000 30.000000 1.218263497721e-01 -1.336178625221e-01 1.808187e-01
0.875000 30.000000 1.271522012562e-01 -1.447016928355e-01 1.926299e-01
0.880000 30.000000 1.325012113191e-01 -1.553931600370e-01 2.042146e-01
0.885000 30.000000 1.378702880317e-01 -1.657059157465e-01 2.155613e-01
0.890000 30.000000 1.432564857044e-01 -1.756530839021e-01 2.266637e-01
0.895000 30.000000 1.486569986419e-01 -1.852472834072e-01 2.375194e-01
0.900000 30.000000 1.540691551674e-01 -1.945006497133e-01 2.481286e-01
0.905000 30.000000 1.594904119019e-01 -2.034248553937e-01 2.584934e-01
0.910000 30.000000 1.649183482888e-01 -2.120311297580e-01 2.686173e-01
0.915000 30.000000 1.703506613533e-01 -2.203302775573e-01 2.785045e-01
0.920000 30.000000 1.757851606838e-01 -2.283326968217e-01 2.881601e-01
0.925000 30.000000 1.812197636284e-01 -2.360483958803e-01 2.975894e-01
0.930000 30.000000 1.866524906961e-01 -2.434870095960e-01 3.067981e-01
0.935000 30.000000 1.920814611519e-01 -2.506578148611e-01 3.157921e-01
0.940000 30.000000 1.975048888003e-01 -2.575697453865e-01 3.245772e-01
0.945000 30.000000 2.029210779469e-01 -2.642314058200e-01 3.331594e-01
0.950000 30.000000 2.083284195306e-01 -2.706510852267e-01 3.415446e-01
0.955000 30.000000 2.137253874195e-01 -2.768367699637e-01 3.497387e-01
0.960000 30.000000 2.191105348638e-01 -2.827961559767e-01 3.577472e-01
0.965000 30.000000 2.244824910967e-01 -2.885366605482e-01 3.655760e-01
0.970000 30.000000 2.298399580803e-01 -2.940654335227e-01 3.732303e-01
0.975000 30.000000 2.351817073866e-01 -2.993893680354e-01 3.807157e-01
0.980000 30.000000 2.405065772106e-01 -3.045151107668e-01 3.880372e-01
0.985000 30.000000 2.458134695083e-01 -3.094490717468e-01 3.951999e-01
0.990000 30.000000 2.511013472546e-01 -3.141974337298e-01 4.022088e-01
0.995000 30.000000 2.563692318166e-01 -3.187661611606e-01 4.090685e-01
1.000000 30.000000 2.616162004356e-01 -3.231610087516e-01 4.157837e-01
