# zline X=10000000 rho=1.1 C(X)=86 mode=h
# sigma t ReF ImF |F|
0.700000 70.000000 2.533600147590e-01 8.597403244760e-01 8.962950e-01
0.705000 70.000000 2.644394389907e-01 8.503657276498e-01 8.905336e-01
0.710000 70.000000 2.752331827889e-01 8.412278339984e-01 8.851088e-01
0.715000 70.000000 2.857529519334e-01 8.323163646657e-01 8.800030e-01
0.720000 70.000000 2.960098508828e-01 8.236215612720e-01 8.751996e-01
0.725000 70.000000 3.060144163579e-01 8.151341590054e-01 8.706828e-01
0.730000 70.000000 3.157766489819e-01 8.068453610950e-01 8.664377e-01
0.735000 70.000000 3.253060430939e-01 7.987468145951e-01 8.624503e-01
0.740000 70.000000 3.346116148455e-01 7.908305874146e-01 8.587071e-01
0.745000 70.000000 3.437019286769e-01 7.830891465295e-01 8.551957e-01
0.750000 70.000000 3.525851222721e-01 7.755153373173e-01 8.519039e-01
0.755000 70.000000 3.612689300801e-01 7.681023639572e-01 8.488206e-01
0.760000 70.000000 3.697607054871e-01 7.608437708418e-01 8.459351e-01
0.765000 70.000000 3.780674417185e-01 7.537334249495e-01 8.432373e-01
0.770000 70.000000 3.861957915460e-01 7.467654991269e-01 8.407175e-01
0.775000 70.000000 3.941520858676e-01 7.399344562371e-01 8.383668e-01
0.780000 70.000000 4.019423512292e-01 7.332350341275e-01 8.361766e-01
0.785000 70.000000 4.095723263472e-01 7.266622313768e-01 8.341388e-01
0.790000 70.000000 4.170474776910e-01 7.202112937800e-01 8.322457e-01
0.795000 70.000000 4.243730141811e-01 7.138777015350e-01 8.304901e-01
0.800000 70.000000 4.315539010538e-01 7.076571570929e-01 8.288651e-01
0.805000 70.000000 4.385948729390e-01 7.015455736396e-01 8.273643e-01
0.810000 70.000000 4.455004462005e-01 6.955390641754e-01 8.259814e-01
0.815000 70.000000 4.522749305782e-01 6.896339311620e-01 8.247106e-01
0.820000 70.000000 4.589224401744e-01 6.838266567069e-01 8.235464e-01
0.825000 70.000000 4.654469038221e-01 6.781138932589e-01 8.224836e-01
0.830000 70.000000 4.718520748693e-01 6.724924547874e-01 8.215172e-01
0.835000 70.000000 4.781415404161e-01 6.669593084202e-01 8.206425e-01
0.840000 70.000000 4.843187300334e-01 6.615115665166e-01 8.198550e-01
0.845000 70.000000 4.903869239941e-01 6.561464791536e-01 8.191505e-01
0.850000 70.000000 4.963492610451e-01 6.508614270031e-01 8.185250e-01
0.855000 70.000000 5.022087457455e-01 6.456539145797e-01 8.179747e-01
0.860000 70.000000 5.079682553984e-01 6.405215638410e-01 8.174959e-01
0.865000 70.000000 5.136305465953e-01 6.354621081207e-01 8.170853e-01
0.870000 70.000000 5.191982614001e-01 6.304733863786e-01 8.167396e-01
0.875000 70.000000 5.246739331894e-01 6.255533377494e-01 8.164556e-01
0.880000 70.000000 5.300599921715e-01 6.206999963770e-01 8.162304e-01
0.885000 70.000000 5.353587706005e-01 6.159114865169e-01 8.160613e-01
0.890000 70.000000 5.405725077040e-01 6.111860178949e-01 8.159455e-01
0.895000 70.000000 5.457033543411e-01 6.065218813073e-01 8.158805e-01
0.900000 70.000000 5.507533774037e-01 6.019174444513e-01 8.158639e-01
0.905000 70.000000 5.557245639789e-01 5.973711479724e-01 8.158934e-01
0.910000 70.000000 5.606188252837e-01 5.928815017178e-01 8.159669e-01
0.915000 70.000000 5.654380003861e-01 5.884470811866e-01 8.160822e-01
0.920000 70.000000 5.701838597235e-01 5.840665241634e-01 8.162373e-01
0.925000 70.000000 5.748581084317e-01 5.797385275295e-01 8.164304e-01
0.930000 70.000000 5.794623894933e-01 5.754618442386e-01 8.166597e-01
0.935000 70.000000 5.839982867169e-01 5.712352804525e-01 8.169233e-01
0.940000 70.000000 5.884673275556e-01 5.670576928243e-01 8.172198e-01
0.945000 70.000000 5.928709857758e-01 5.629279859247e-01 8.175475e-01
0.950000 70.000000 5.972106839820e-01 5.588451098024e-01 8.179049e-01
0.955000 70.000000 6.014877960075e-01 5.548080576714e-01 8.182906e-01
0.960000 70.000000 6.057036491783e-01 5.508158637201e-01 8.187033e-01
0.965000 70.000000 6.098595264569e-01 5.468676010331e-01 8.191415e-01
0.970000 70.000000 6.139566684725e-01 5.429623796235e-01 8.196041e-01
0.975000 70.000000 6.179962754452e-01 5.390993445665e-01 8.200899e-01
0.980000 70.000000 6.219795090077e-01 5.352776742307e-01 8.205978e-01
0.985000 70.000000 6.259074939333e-01 5.314965786025e-01 8.211265e-01
0.990000 70.000000 6.297813197726e-01 5.277552976972e-01 8.216752e-01
0.995000 70.000000 6.336020424057e-01 5.240531000532e-01 8.222428e-01
1.000000 70.000000 6.373706855137e-01 5.203892813053e-01 8.228283e-01
