# zline X=10000000 rho=1.1 C(X)=86 mode=h
# sigma t ReF ImF |F|
0.700000 50.000000 1.027590176811e-01 2.261295267262e-01 2.483827e-01
0.705000 50.000000 1.065087583288e-01 2.273628959010e-01 2.510737e-01
0.710000 50.000000 1.103478834253e-01 2.284811298038e-01 2.537327e-01
0.715000 50.000000 1.142688681604e-01 2.294915112618e-01 2.563664e-01
0.720000 50.000000 1.182646271114e-01 2.304009006245e-01 2.589809e-01
0.725000 50.000000 1.223284901078e-01 2.312157585560e-01 2.615817e-01
0.730000 50.000000 1.264541793959e-01 2.319421676617e-01 2.641739e-01
0.735000 50.000000 1.306357880337e-01 2.325858530069e-01 2.667619e-01
0.740000 50.000000 1.348677594522e-01 2.331522015819e-01 2.693497e-01
0.745000 50.000000 1.391448681180e-01 2.336462807636e-01 2.719409e-01
0.750000 50.000000 1.434622012410e-01 2.340728558240e-01 2.745387e-01
0.755000 50.000000 1.478151414692e-01 2.344364065326e-01 2.771457e-01
0.760000 50.000000 1.521993505190e-01 2.347411428960e-01 2.797643e-01
0.765000 50.000000 1.566107536904e-01 2.349910200789e-01 2.823964e-01
0.770000 50.000000 1.610455252200e-01 2.351897525467e-01 2.850436e-01
0.775000 50.000000 1.655000744272e-01 2.353408274683e-01 2.877075e-01
0.780000 50.000000 1.699710326100e-01 2.354475174159e-01 2.903889e-01
0.785000 50.000000 1.744552406515e-01 2.355128923973e-01 2.930886e-01
0.790000 50.000000 1.789497372993e-01 2.355398312546e-01 2.958074e-01
0.795000 50.000000 1.834517480794e-01 2.355310324596e-01 2.985455e-01
0.800000 50.000000 1.879586748137e-01 2.354890243390e-01 3.013031e-01
0.805000 50.000000 1.924680857062e-01 2.354161747555e-01 3.040802e-01
0.810000 50.000000 1.969777059694e-01 2.353147002738e-01 3.068766e-01
0.815000 50.000000 2.014854089598e-01 2.351866748384e-01 3.096920e-01
0.820000 50.000000 2.059892077977e-01 2.350340379858e-01 3.125261e-01
0.825000 50.000000 2.104872474423e-01 2.348586026173e-01 3.153783e-01
0.830000 50.000000 2.149777972009e-01 2.346620623538e-01 3.182479e-01
0.835000 50.000000 2.194592436464e-01 2.344459984929e-01 3.211344e-01
0.840000 50.000000 2.239300839218e-01 2.342118865918e-01 3.240369e-01
0.845000 50.000000 2.283889194117e-01 2.339611026921e-01 3.269546e-01
0.850000 50.000000 2.328344497602e-01 2.336949292063e-01 3.298866e-01
0.855000 50.000000 2.372654672167e-01 2.334145604846e-01 3.328322e-01
0.860000 50.000000 2.416808512922e-01 2.331211080761e-01 3.357902e-01
0.865000 50.000000 2.460795637094e-01 2.328156057028e-01 3.387599e-01
0.870000 50.000000 2.504606436302e-01 2.324990139597e-01 3.417401e-01
0.875000 50.000000 2.548232031466e-01 2.321722247559e-01 3.447300e-01
0.880000 50.000000 2.591664230194e-01 2.318360655101e-01 3.477286e-01
0.885000 50.000000 2.634895486532e-01 2.314913031139e-01 3.507349e-01
0.890000 50.000000 2.677918862933e-01 2.311386476738e-01 3.537479e-01
0.895000 50.000000 2.720727994331e-01 2.307787560451e-01 3.567666e-01
0.900000 50.000000 2.763317054207e-01 2.304122351677e-01 3.597902e-01
0.905000 50.000000 2.805680722542e-01 2.300396452143e-01 3.628177e-01
0.910000 50.000000 2.847814155545e-01 2.296615025618e-01 3.658481e-01
0.915000 50.000000 2.889712957074e-01 2.292782825937e-01 3.688807e-01
0.920000 50.000000 2.931373151642e-01 2.288904223439e-01 3.719144e-01
0.925000 50.000000 2.972791158936e-01 2.284983229901e-01 3.749485e-01
0.930000 50.000000 3.013963769764e-01 2.281023522043e-01 3.779821e-01
0.935000 50.000000 3.054888123343e-01 2.277028463681e-01 3.810144e-01
0.940000 50.000000 3.095561685863e-01 2.273001126604e-01 3.840447e-01
0.945000 50.000000 3.135982230262e-01 2.268944310252e-01 3.870723e-01
0.950000 50.000000 3.176147817135e-01 2.264860560229e-01 3.900962e-01
0.955000 50.000000 3.216056776722e-01 2.260752185760e-01 3.931160e-01
0.960000 50.000000 3.255707691918e-01 2.256621276100e-01 3.961309e-01
0.965000 50.000000 3.295099382238e-01 2.252469715998e-01 3.991403e-01
0.970000 50.000000 3.334230888707e-01 2.248299200225e-01 4.021436e-01
0.975000 50.000000 3.373101459591e-01 2.244111247252e-01 4.051401e-01
0.980000 50.000000 3.411710536960e-01 2.239907212104e-01 4.081293e-01
0.985000 50.000000 3.450057744008e-01 2.235688298439e-01 4.111107e-01
0.990000 50.000000 3.488142873104e-01 2.231455569898e-01 4.140837e-01
0.995000 50.000000 3.525965874534e-01 2.227209960767e-01 4.170480e-01
1.000000 50.000000 3.563526845881e-01 2.222952285983e-01 4.200029e-01
