# zline X=10000000 rho=1.1 C(X)=86 mode=h
# sigma t ReF ImF |F|
0.700000 80.000000 9.882630590065e-01 1.743687197432e+00 2.004273e+00
0.705000 80.000000 9.844378949061e-01 1.727765324731e+00 1.988540e+00
0.710000 80.000000 9.808649969850e-01 1.712086913750e+00 1.973154e+00
0.715000 80.000000 9.775344525552e-01 1.696648232346e+00 1.958108e+00
0.720000 80.000000 9.744367156203e-01 1.681445486913e+00 1.943395e+00
0.725000 80.000000 9.715625930091e-01 1.666474834302e+00 1.929008e+00
0.730000 80.000000 9.689032309920e-01 1.651732392851e+00 1.914940e+00
0.735000 80.000000 9.664501023745e-01 1.637214252555e+00 1.901183e+00
0.740000 80.000000 9.641949940563e-01 1.622916484437e+00 1.887731e+00
0.745000 80.000000 9.621299950449e-01 1.608835149174e+00 1.874579e+00
0.750000 80.000000 9.602474849143e-01 1.594966305015e+00 1.861718e+00
0.755000 80.000000 9.585401226946e-01 1.581306015045e+00 1.849142e+00
0.760000 80.000000 9.570008361834e-01 1.567850353824e+00 1.836847e+00
0.765000 80.000000 9.556228116649e-01 1.554595413455e+00 1.824824e+00
0.770000 80.000000 9.543994840246e-01 1.541537309102e+00 1.813068e+00
0.775000 80.000000 9.533245272486e-01 1.528672184011e+00 1.801573e+00
0.780000 80.000000 9.523918452931e-01 1.515996214050e+00 1.790334e+00
0.785000 80.000000 9.515955633131e-01 1.503505611810e+00 1.779343e+00
0.790000 80.000000 9.509300192383e-01 1.491196630290e+00 1.768597e+00
0.795000 80.000000 9.503897556828e-01 1.479065566201e+00 1.758089e+00
0.800000 80.000000 9.499695121776e-01 1.467108762909e+00 1.747813e+00
0.805000 80.000000 9.496642177143e-01 1.455322613039e+00 1.737765e+00
0.810000 80.000000 9.494689835876e-01 1.443703560778e+00 1.727938e+00
0.815000 80.000000 9.493790965265e-01 1.432248103877e+00 1.718329e+00
0.820000 80.000000 9.493900121018e-01 1.420952795392e+00 1.708932e+00
0.825000 80.000000 9.494973484007e-01 1.409814245171e+00 1.699742e+00
0.830000 80.000000 9.496968799567e-01 1.398829121113e+00 1.690753e+00
0.835000 80.000000 9.499845319256e-01 1.387994150212e+00 1.681963e+00
0.840000 80.000000 9.503563744973e-01 1.377306119398e+00 1.673365e+00
0.845000 80.000000 9.508086175339e-01 1.366761876203e+00 1.664955e+00
0.850000 80.000000 9.513376054250e-01 1.356358329250e+00 1.656729e+00
0.855000 80.000000 9.519398121510e-01 1.346092448594e+00 1.648683e+00
0.860000 80.000000 9.526118365465e-01 1.335961265913e+00 1.640811e+00
0.865000 80.000000 9.533503977541e-01 1.325961874572e+00 1.633111e+00
0.870000 80.000000 9.541523308623e-01 1.316091429563e+00 1.625578e+00
0.875000 80.000000 9.550145827185e-01 1.306347147341e+00 1.618208e+00
0.880000 80.000000 9.559342079098e-01 1.296726305550e+00 1.610996e+00
0.885000 80.000000 9.569083649054e-01 1.287226242667e+00 1.603940e+00
0.890000 80.000000 9.579343123525e-01 1.277844357554e+00 1.597036e+00
0.895000 80.000000 9.590094055200e-01 1.268578108942e+00 1.590280e+00
0.900000 80.000000 9.601310928831e-01 1.259425014843e+00 1.583668e+00
0.905000 80.000000 9.612969128432e-01 1.250382651900e+00 1.577196e+00
0.910000 80.000000 9.625044905768e-01 1.241448654687e+00 1.570863e+00
0.915000 80.000000 9.637515350083e-01 1.232620714954e+00 1.564663e+00
0.920000 80.000000 9.650358359008e-01 1.223896580831e+00 1.558595e+00
0.925000 80.000000 9.663552610605e-01 1.215274055999e+00 1.552654e+00
0.930000 80.000000 9.677077536492e-01 1.206750998815e+00 1.546838e+00
0.935000 80.000000 9.690913296002e-01 1.198325321426e+00 1.541143e+00
0.940000 80.000000 9.705040751338e-01 1.189994988839e+00 1.535567e+00
0.945000 80.000000 9.719441443674e-01 1.181758017985e+00 1.530107e+00
0.950000 80.000000 9.734097570162e-01 1.173612476758e+00 1.524760e+00
0.955000 80.000000 9.748991961810e-01 1.165556483040e+00 1.519523e+00
0.960000 80.000000 9.764108062192e-01 1.157588203720e+00 1.514394e+00
0.965000 80.000000 9.779429906951e-01 1.149705853697e+00 1.509369e+00
0.970000 80.000000 9.794942104063e-01 1.141907694884e+00 1.504447e+00
0.975000 80.000000 9.810629814833e-01 1.134192035206e+00 1.499625e+00
0.980000 80.000000 9.826478735584e-01 1.126557227595e+00 1.494901e+00
0.985000 80.000000 9.842475080021e-01 1.119001668988e+00 1.490271e+00
0.990000 80.000000 9.858605562230e-01 1.111523799330e+00 1.485734e+00
0.995000 80.000000 9.874857380287e-01 1.104122100571e+00 1.481288e+00
1.000000 80.000000 9.891218200462e-01 1.096795095684e+00 1.476930e+00
