# zline X=10000000 rho=1.1 C(X)=86 mode=h
# sigma t ReF ImF |F|
0.700000 10.000000 1.784561046525e+00 -4.892732279592e-01 1.850418e+00
0.705000 10.000000 1.780338614184e+00 -4.835734764760e-01 1.844844e+00
0.710000 10.000000 1.776101985364e+00 -4.779903992461e-01 1.839297e+00
0.715000 10.000000 1.771853907205e+00 -4.725204549654e-01 1.833778e+00
0.720000 10.000000 1.767596970001e+00 -4.671602358794e-01 1.828288e+00
0.725000 10.000000 1.763333615204e+00 -4.619064623804e-01 1.822828e+00
0.730000 10.000000 1.759066143019e+00 -4.567559778209e-01 1.817399e+00
0.735000 10.000000 1.754796719610e+00 -4.517057435317e-01 1.812002e+00
0.740000 10.000000 1.750527383939e+00 -4.467528340396e-01 1.806636e+00
0.745000 10.000000 1.746260054258e+00 -4.418944324763e-01 1.801304e+00
0.750000 10.000000 1.741996534269e+00 -4.371278261737e-01 1.796005e+00
0.755000 10.000000 1.737738518974e+00 -4.324504024358e-01 1.790740e+00
0.760000 10.000000 1.733487600230e+00 -4.278596444822e-01 1.785509e+00
0.765000 10.000000 1.729245272021e+00 -4.233531275576e-01 1.780314e+00
0.770000 10.000000 1.725012935464e+00 -4.189285151990e-01 1.775154e+00
0.775000 10.000000 1.720791903570e+00 -4.145835556563e-01 1.770029e+00
0.780000 10.000000 1.716583405751e+00 -4.103160784598e-01 1.764941e+00
0.785000 10.000000 1.712388592118e+00 -4.061239911273e-01 1.759890e+00
0.790000 10.000000 1.708208537553e+00 -4.020052760104e-01 1.754875e+00
0.795000 10.000000 1.704044245578e+00 -3.979579872665e-01 1.749896e+00
0.800000 10.000000 1.699896652035e+00 -3.939802479602e-01 1.744955e+00
0.805000 10.000000 1.695766628579e+00 -3.900702472822e-01 1.740052e+00
0.810000 10.000000 1.691654985997e+00 -3.862262378843e-01 1.735185e+00
0.815000 10.000000 1.687562477363e+00 -3.824465333270e-01 1.730356e+00
0.820000 10.000000 1.683489801037e+00 -3.787295056301e-01 1.725565e+00
0.825000 10.000000 1.679437603510e+00 -3.750735829274e-01 1.720811e+00
0.830000 10.000000 1.675406482116e+00 -3.714772472207e-01 1.716095e+00
0.835000 10.000000 1.671396987600e+00 -3.679390322234e-01 1.711417e+00
0.840000 10.000000 1.667409626565e+00 -3.644575212988e-01 1.706776e+00
0.845000 10.000000 1.663444863800e+00 -3.610313454815e-01 1.702173e+00
0.850000 10.000000 1.659503124482e+00 -3.576591815834e-01 1.697607e+00
0.855000 10.000000 1.655584796284e+00 -3.543397503782e-01 1.693079e+00
0.860000 10.000000 1.651690231363e+00 -3.510718148616e-01 1.688589e+00
0.865000 10.000000 1.647819748265e+00 -3.478541785860e-01 1.684136e+00
0.870000 10.000000 1.643973633723e+00 -3.446856840629e-01 1.679719e+00
0.875000 10.000000 1.640152144375e+00 -3.415652112341e-01 1.675341e+00
0.880000 10.000000 1.636355508392e+00 -3.384916760061e-01 1.670998e+00
0.885000 10.000000 1.632583927029e+00 -3.354640288457e-01 1.666693e+00
0.890000 10.000000 1.628837576098e+00 -3.324812534352e-01 1.662425e+00
0.895000 10.000000 1.625116607368e+00 -3.295423653835e-01 1.658192e+00
0.900000 10.000000 1.621421149893e+00 -3.266464109912e-01 1.653997e+00
0.905000 10.000000 1.617751311285e+00 -3.237924660676e-01 1.649837e+00
0.910000 10.000000 1.614107178909e+00 -3.209796347968e-01 1.645713e+00
0.915000 10.000000 1.610488821031e+00 -3.182070486518e-01 1.641624e+00
0.920000 10.000000 1.606896287903e+00 -3.154738653535e-01 1.637571e+00
0.925000 10.000000 1.603329612797e+00 -3.127792678734e-01 1.633553e+00
0.930000 10.000000 1.599788812988e+00 -3.101224634776e-01 1.629571e+00
0.935000 10.000000 1.596273890684e+00 -3.075026828113e-01 1.625622e+00
0.940000 10.000000 1.592784833917e+00 -3.049191790206e-01 1.621709e+00
0.945000 10.000000 1.589321617384e+00 -3.023712269116e-01 1.617829e+00
0.950000 10.000000 1.585884203246e+00 -2.998581221436e-01 1.613984e+00
0.955000 10.000000 1.582472541895e+00 -2.973791804567e-01 1.610172e+00
0.960000 10.000000 1.579086572671e+00 -2.949337369306e-01 1.606394e+00
0.965000 10.000000 1.575726224553e+00 -2.925211452747e-01 1.602648e+00
0.970000 10.000000 1.572391416811e+00 -2.901407771469e-01 1.598936e+00
0.975000 10.000000 1.569082059624e+00 -2.877920215010e-01 1.595256e+00
0.980000 10.000000 1.565798054675e+00 -2.854742839611e-01 1.591609e+00
0.985000 10.000000 1.562539295702e+00 -2.831869862209e-01 1.587994e+00
0.990000 10.000000 1.559305669035e+00 -2.809295654684e-01 1.584410e+00
0.995000 10.000000 1.556097054100e+00 -2.787014738340e-01 1.580858e+00
1.000000 10.000000 1.552913323896e+00 -2.765021778614e-01 1.577337e+00
