# zline X=10000000 rho=0.6 C(X)=10 mode=h
# sigma t ReF ImF |F|
0.700000 0.100000 -1.017624396406e+00 -5.968942834615e-01 1.179764e+00
0.705000 0.100000 -1.041725577860e+00 -6.152424176422e-01 1.209841e+00
0.710000 0.100000 -1.066377540364e+00 -6.344173857430e-01 1.240825e+00
0.715000 0.100000 -1.091592664175e+00 -6.544668450256e-01 1.272753e+00
0.720000 0.100000 -1.117383029231e+00 -6.754417610994e-01 1.305667e+00
0.725000 0.100000 -1.143760294703e+00 -6.973966640638e-01 1.339608e+00
0.730000 0.100000 -1.170735557499e+00 -7.203899253793e-01 1.374621e+00
0.735000 0.100000 -1.198319186366e+00 -7.444840569404e-01 1.410753e+00
0.740000 0.100000 -1.226520627757e+00 -7.697460338469e-01 1.448054e+00
0.745000 0.100000 -1.255348178976e+00 -7.962476423736e-01 1.486576e+00
0.750000 0.100000 -1.284808723435e+00 -8.240658545940e-01 1.526374e+00
0.755000 0.100000 -1.314907422078e+00 -8.532832310250e-01 1.567506e+00
0.760000 0.100000 -1.345647354045e+00 -8.839883525025e-01 1.610032e+00
0.765000 0.100000 -1.377029098626e+00 -9.162762822447e-01 1.654017e+00
0.770000 0.100000 -1.409050249305e+00 -9.502490586989e-01 1.699528e+00
0.775000 0.100000 -1.441704849297e+00 -9.860162192459e-01 1.746637e+00
0.780000 0.100000 -1.474982736385e+00 -1.023695354123e+00 1.795418e+00
0.785000 0.100000 -1.508868783023e+00 -1.063412688960e+00 1.845950e+00
0.790000 0.100000 -1.543342015644e+00 -1.105303693044e+00 1.898315e+00
0.795000 0.100000 -1.578374594768e+00 -1.149513708721e+00 1.952600e+00
0.800000 0.100000 -1.613930634950e+00 -1.196198595157e+00 2.008896e+00
0.805000 0.100000 -1.649964840761e+00 -1.245525376824e+00 2.067297e+00
0.810000 0.100000 -1.686420931905e+00 -1.297672883421e+00 2.127903e+00
0.815000 0.100000 -1.723229827281e+00 -1.352832363286e+00 2.190816e+00
0.820000 0.100000 -1.760307554356e+00 -1.411208046460e+00 2.256145e+00
0.825000 0.100000 -1.797552846779e+00 -1.473017626154e+00 2.324000e+00
0.830000 0.100000 -1.834844389881e+00 -1.538492618070e+00 2.394496e+00
0.835000 0.100000 -1.872037670943e+00 -1.607878545534e+00 2.467752e+00
0.840000 0.100000 -1.908961389159e+00 -1.681434884178e+00 2.543886e+00
0.845000 0.100000 -1.945413379845e+00 -1.759434682529e+00 2.623022e+00
0.850000 0.100000 -1.981156009321e+00 -1.842163753858e+00 2.705281e+00
0.855000 0.100000 -2.015911002247e+00 -1.929919309427e+00 2.790786e+00
0.860000 0.100000 -2.049353673516e+00 -2.023007873556e+00 2.879655e+00
0.865000 0.100000 -2.081106554085e+00 -2.121742286447e+00 2.972002e+00
0.870000 0.100000 -2.110732426909e+00 -2.226437561611e+00 3.067933e+00
0.875000 0.100000 -2.137726828730e+00 -2.337405321761e+00 3.167545e+00
0.880000 0.100000 -2.161510129671e+00 -2.454946491872e+00 3.270916e+00
0.885000 0.100000 -2.181419380126e+00 -2.579341883730e+00 3.378105e+00
0.890000 0.100000 -2.196700218309e+00 -2.710840267809e+00 3.489147e+00
0.895000 0.100000 -2.206499267389e+00 -2.849643503368e+00 3.604040e+00
0.900000 0.100000 -2.209857622645e+00 -2.995888297637e+00 3.722743e+00
0.905000 0.100000 -2.205706239340e+00 -3.149624205489e+00 3.845162e+00
0.910000 0.100000 -2.192864279041e+00 -3.310787582857e+00 3.971142e+00
0.915000 0.100000 -2.170041747539e+00 -3.479171396192e+00 4.100453e+00
0.920000 0.100000 -2.135848041462e+00 -3.654391096331e+00 4.232779e+00
0.925000 0.100000 -2.088808277809e+00 -3.835847219164e+00 4.367705e+00
0.930000 0.100000 -2.027389455030e+00 -4.022686003079e+00 4.504699e+00
0.935000 0.100000 -1.950038505948e+00 -4.213760125018e+00 4.643105e+00
0.940000 0.100000 -1.855234048280e+00 -4.407592633865e+00 4.782130e+00
0.945000 0.100000 -1.741552997946e+00 -4.602348234438e+00 4.920835e+00
0.950000 0.100000 -1.607752067828e+00 -4.795817112762e+00 5.058135e+00
0.955000 0.100000 -1.452862451341e+00 -4.985417277792e+00 5.192802e+00
0.960000 0.100000 -1.276293695233e+00 -5.168221632513e+00 5.323480e+00
0.965000 0.100000 -1.077940053733e+00 -5.341015338415e+00 5.448706e+00
0.970000 0.100000 -8.582798358384e-01 -5.500387188261e+00 5.566947e+00
0.975000 0.100000 -6.184559659782e-01 -5.642855479693e+00 5.676646e+00
0.980000 0.100000 -3.603248827117e-01 -5.765024389439e+00 5.776274e+00
0.985000 0.100000 -8.646170947944e-02 -5.863761576306e+00 5.864399e+00
0.990000 0.100000 1.998871744274e-01 -5.936382595387e+00 5.939747e+00
0.995000 0.100000 4.949074588567e-01 -5.980823878343e+00 6.001266e+00
1.000000 0.100000 7.943721218741e-01 -5.995784716199e+00 6.048178e+00
