# zline X=10000000 rho=0.6 C(X)=10 mode=h
# sigma t ReF ImF |F|
0.700000 10.000000 2.802067387641e+00 -1.399454304488e+00 3.132101e+00
0.705000 10.000000 2.782219336222e+00 -1.392565896605e+00 3.111267e+00
0.710000 10.000000 2.762632041172e+00 -1.385599694109e+00 3.090635e+00
0.715000 10.000000 2.743302472114e+00 -1.378560591273e+00 3.070202e+00
0.720000 10.000000 2.724227603159e+00 -1.371453318451e+00 3.049967e+00
0.725000 10.000000 2.705404414605e+00 -1.364282446807e+00 3.029931e+00
0.730000 10.000000 2.686829894555e+00 -1.357052392931e+00 3.010091e+00
0.735000 10.000000 2.668501040416e+00 -1.349767423312e+00 2.990446e+00
0.740000 10.000000 2.650414860325e+00 -1.342431658702e+00 2.970997e+00
0.745000 10.000000 2.632568374479e+00 -1.335049078347e+00 2.951741e+00
0.750000 10.000000 2.614958616381e+00 -1.327623524115e+00 2.932677e+00
0.755000 10.000000 2.597582634014e+00 -1.320158704497e+00 2.913804e+00
0.760000 10.000000 2.580437490939e+00 -1.312658198510e+00 2.895122e+00
0.765000 10.000000 2.563520267317e+00 -1.305125459483e+00 2.876628e+00
0.770000 10.000000 2.546828060869e+00 -1.297563818749e+00 2.858322e+00
0.775000 10.000000 2.530357987771e+00 -1.289976489231e+00 2.840203e+00
0.780000 10.000000 2.514107183485e+00 -1.282366568923e+00 2.822268e+00
0.785000 10.000000 2.498072803541e+00 -1.274737044293e+00 2.804518e+00
0.790000 10.000000 2.482252024250e+00 -1.267090793574e+00 2.786951e+00
0.795000 10.000000 2.466642043377e+00 -1.259430589973e+00 2.769565e+00
0.800000 10.000000 2.451240080761e+00 -1.251759104799e+00 2.752359e+00
0.805000 10.000000 2.436043378882e+00 -1.244078910492e+00 2.735332e+00
0.810000 10.000000 2.421049203388e+00 -1.236392483577e+00 2.718482e+00
0.815000 10.000000 2.406254843584e+00 -1.228702207536e+00 2.701809e+00
0.820000 10.000000 2.391657612864e+00 -1.221010375601e+00 2.685310e+00
0.825000 10.000000 2.377254849125e+00 -1.213319193466e+00 2.668986e+00
0.830000 10.000000 2.363043915125e+00 -1.205630781933e+00 2.652833e+00
0.835000 10.000000 2.349022198820e+00 -1.197947179478e+00 2.636851e+00
0.840000 10.000000 2.335187113660e+00 -1.190270344748e+00 2.621038e+00
0.845000 10.000000 2.321536098852e+00 -1.182602158990e+00 2.605394e+00
0.850000 10.000000 2.308066619603e+00 -1.174944428416e+00 2.589916e+00
0.855000 10.000000 2.294776167318e+00 -1.167298886493e+00 2.574604e+00
0.860000 10.000000 2.281662259786e+00 -1.159667196184e+00 2.559455e+00
0.865000 10.000000 2.268722441330e+00 -1.152050952112e+00 2.544469e+00
0.870000 10.000000 2.255954282936e+00 -1.144451682676e+00 2.529644e+00
0.875000 10.000000 2.243355382361e+00 -1.136870852101e+00 2.514979e+00
0.880000 10.000000 2.230923364211e+00 -1.129309862434e+00 2.500472e+00
0.885000 10.000000 2.218655880007e+00 -1.121770055485e+00 2.486122e+00
0.890000 10.000000 2.206550608223e+00 -1.114252714710e+00 2.471927e+00
0.895000 10.000000 2.194605254312e+00 -1.106759067046e+00 2.457887e+00
0.900000 10.000000 2.182817550704e+00 -1.099290284692e+00 2.443999e+00
0.905000 10.000000 2.171185256803e+00 -1.091847486841e+00 2.430263e+00
0.910000 10.000000 2.159706158947e+00 -1.084431741366e+00 2.416676e+00
0.915000 10.000000 2.148378070371e+00 -1.077044066448e+00 2.403238e+00
0.920000 10.000000 2.137198831145e+00 -1.069685432176e+00 2.389947e+00
0.925000 10.000000 2.126166308100e+00 -1.062356762084e+00 2.376801e+00
0.930000 10.000000 2.115278394746e+00 -1.055058934655e+00 2.363800e+00
0.935000 10.000000 2.104533011169e+00 -1.047792784782e+00 2.350942e+00
0.940000 10.000000 2.093928103925e+00 -1.040559105182e+00 2.338225e+00
0.945000 10.000000 2.083461645918e+00 -1.033358647771e+00 2.325649e+00
0.950000 10.000000 2.073131636269e+00 -1.026192125010e+00 2.313211e+00
0.955000 10.000000 2.062936100174e+00 -1.019060211195e+00 2.300910e+00
0.960000 10.000000 2.052873088758e+00 -1.011963543726e+00 2.288746e+00
0.965000 10.000000 2.042940678914e+00 -1.004902724328e+00 2.276716e+00
0.970000 10.000000 2.033136973135e+00 -9.978783202462e-01 2.264819e+00
0.975000 10.000000 2.023460099347e+00 -9.908908654006e-01 2.253055e+00
0.980000 10.000000 2.013908210722e+00 -9.839408615080e-01 2.241421e+00
0.985000 10.000000 2.004479485493e+00 -9.770287791739e-01 2.229916e+00
0.990000 10.000000 1.995172126762e+00 -9.701550589513e-01 2.218538e+00
0.995000 10.000000 1.985984362300e+00 -9.633201123682e-01 2.207288e+00
1.000000 10.000000 1.976914444343e+00 -9.565243229265e-01 2.196162e+00
