# zline X=10000000 rho=0.6 C(X)=10 mode=h
# sigma t ReF ImF |F|
0.700000 30.000000 1.713238313470e-01 -9.487817367123e-01 9.641258e-01
0.705000 30.000000 1.803723160956e-01 -9.374648638039e-01 9.546594e-01
0.710000 30.000000 1.892395645832e-01 -9.264305226011e-01 9.455607e-01
0.715000 30.000000 1.979309047450e-01 -9.156693841754e-01 9.368175e-01
0.720000 30.000000 2.064514869632e-01 -9.051724585083e-01 9.284177e-01
0.725000 30.000000 2.148062898989e-01 -8.949310814952e-01 9.203496e-01
0.730000 30.000000 2.230001261568e-01 -8.849369024702e-01 9.126020e-01
0.735000 30.000000 2.310376477854e-01 -8.751818722335e-01 9.051639e-01
0.740000 30.000000 2.389233516158e-01 -8.656582315538e-01 8.980248e-01
0.745000 30.000000 2.466615844420e-01 -8.563585001331e-01 8.911744e-01
0.750000 30.000000 2.542565480454e-01 -8.472754660092e-01 8.846028e-01
0.755000 30.000000 2.617123040669e-01 -8.384021753817e-01 8.783004e-01
0.760000 30.000000 2.690327787306e-01 -8.297319228385e-01 8.722578e-01
0.765000 30.000000 2.762217674209e-01 -8.212582419742e-01 8.664661e-01
0.770000 30.000000 2.832829391176e-01 -8.129748963764e-01 8.609166e-01
0.775000 30.000000 2.902198406918e-01 -8.048758709689e-01 8.556008e-01
0.780000 30.000000 2.970359010658e-01 -7.969553636961e-01 8.505105e-01
0.785000 30.000000 3.037344352411e-01 -7.892077775354e-01 8.456379e-01
0.790000 30.000000 3.103186481967e-01 -7.816277128214e-01 8.409754e-01
0.795000 30.000000 3.167916386625e-01 -7.742099598734e-01 8.365154e-01
0.800000 30.000000 3.231564027694e-01 -7.669494919097e-01 8.322509e-01
0.805000 30.000000 3.294158375813e-01 -7.598414582388e-01 8.281750e-01
0.810000 30.000000 3.355727445101e-01 -7.528811777169e-01 8.242810e-01
0.815000 30.000000 3.416298326197e-01 -7.460641324593e-01 8.205624e-01
0.820000 30.000000 3.475897218188e-01 -7.393859617966e-01 8.170130e-01
0.825000 30.000000 3.534549459486e-01 -7.328424564648e-01 8.136267e-01
0.830000 30.000000 3.592279557669e-01 -7.264295530197e-01 8.103978e-01
0.835000 30.000000 3.649111218321e-01 -7.201433284693e-01 8.073206e-01
0.840000 30.000000 3.705067372899e-01 -7.139799951108e-01 8.043896e-01
0.845000 30.000000 3.760170205656e-01 -7.079358955669e-01 8.015997e-01
0.850000 30.000000 3.814441179651e-01 -7.020074980143e-01 7.989456e-01
0.855000 30.000000 3.867901061874e-01 -6.961913915928e-01 7.964227e-01
0.860000 30.000000 3.920569947509e-01 -6.904842819927e-01 7.940260e-01
0.865000 30.000000 3.972467283366e-01 -6.848829872085e-01 7.917510e-01
0.870000 30.000000 4.023611890507e-01 -6.793844334562e-01 7.895934e-01
0.875000 30.000000 4.074021986091e-01 -6.739856512459e-01 7.875489e-01
0.880000 30.000000 4.123715204462e-01 -6.686837716023e-01 7.856133e-01
0.885000 30.000000 4.172708617508e-01 -6.634760224306e-01 7.837828e-01
0.890000 30.000000 4.221018754309e-01 -6.583597250185e-01 7.820534e-01
0.895000 30.000000 4.268661620102e-01 -6.533322906715e-01 7.804216e-01
0.900000 30.000000 4.315652714585e-01 -6.483912174741e-01 7.788837e-01
0.905000 30.000000 4.362007049575e-01 -6.435340871741e-01 7.774363e-01
0.910000 30.000000 4.407739166048e-01 -6.387585621835e-01 7.760761e-01
0.915000 30.000000 4.452863150584e-01 -6.340623826924e-01 7.748000e-01
0.920000 30.000000 4.497392651235e-01 -6.294433638902e-01 7.736048e-01
0.925000 30.000000 4.541340892813e-01 -6.248993932919e-01 7.724876e-01
0.930000 30.000000 4.584720691672e-01 -6.204284281635e-01 7.714454e-01
0.935000 30.000000 4.627544469932e-01 -6.160284930439e-01 7.704757e-01
0.940000 30.000000 4.669824269224e-01 -6.116976773581e-01 7.695756e-01
0.945000 30.000000 4.711571763933e-01 -6.074341331206e-01 7.687427e-01
0.950000 30.000000 4.752798273974e-01 -6.032360727228e-01 7.679744e-01
0.955000 30.000000 4.793514777122e-01 -5.991017668022e-01 7.672684e-01
0.960000 30.000000 4.833731920881e-01 -5.950295421919e-01 7.666223e-01
0.965000 30.000000 4.873460033955e-01 -5.910177799440e-01 7.660340e-01
0.970000 30.000000 4.912709137291e-01 -5.870649134264e-01 7.655014e-01
0.975000 30.000000 4.951488954740e-01 -5.831694264911e-01 7.650222e-01
0.980000 30.000000 4.989808923322e-01 -5.793298517064e-01 7.645947e-01
0.985000 30.000000 5.027678203138e-01 -5.755447686581e-01 7.642168e-01
0.990000 30.000000 5.065105686918e-01 -5.718128023090e-01 7.638867e-01
0.995000 30.000000 5.102100009233e-01 -5.681326214218e-01 7.636026e-01
1.000000 30.000000 5.138669555367e-01 -5.645029370363e-01 7.633628e-01
