# zline X=10000000 rho=0.6 C(X)=10 mode=h
# sigma t ReF ImF |F|
0.700000 90.000000 2.230968571995e+00 2.075439402626e+00 3.047076e+00
0.705000 90.000000 2.225994006661e+00 2.050294261775e+00 3.026344e+00
0.710000 90.000000 2.220930248580e+00 2.025514233413e+00 3.005867e+00
0.715000 90.000000 2.215782657204e+00 2.001093834956e+00 2.985644e+00
0.720000 90.000000 2.210556383205e+00 1.977027649150e+00 2.965670e+00
0.725000 90.000000 2.205256376224e+00 1.953310324343e+00 2.945942e+00
0.730000 90.000000 2.199887392310e+00 1.929936574683e+00 2.926459e+00
0.735000 90.000000 2.194454001070e+00 1.906901180256e+00 2.907215e+00
0.740000 90.000000 2.188960592545e+00 1.884198987160e+00 2.888210e+00
0.745000 90.000000 2.183411383817e+00 1.861824907524e+00 2.869438e+00
0.750000 90.000000 2.177810425367e+00 1.839773919474e+00 2.850899e+00
0.755000 90.000000 2.172161607182e+00 1.818041067047e+00 2.832589e+00
0.760000 90.000000 2.166468664642e+00 1.796621460059e+00 2.814504e+00
0.765000 90.000000 2.160735184166e+00 1.775510273928e+00 2.796643e+00
0.770000 90.000000 2.154964608667e+00 1.754702749458e+00 2.779002e+00
0.775000 90.000000 2.149160242780e+00 1.734194192579e+00 2.761579e+00
0.780000 90.000000 2.143325257909e+00 1.713979974060e+00 2.744371e+00
0.785000 90.000000 2.137462697076e+00 1.694055529179e+00 2.727374e+00
0.790000 90.000000 2.131575479598e+00 1.674416357367e+00 2.710587e+00
0.795000 90.000000 2.125666405585e+00 1.655058021819e+00 2.694007e+00
0.800000 90.000000 2.119738160269e+00 1.635976149086e+00 2.677631e+00
0.805000 90.000000 2.113793318184e+00 1.617166428628e+00 2.661456e+00
0.810000 90.000000 2.107834347178e+00 1.598624612357e+00 2.645480e+00
0.815000 90.000000 2.101863612294e+00 1.580346514155e+00 2.629701e+00
0.820000 90.000000 2.095883379497e+00 1.562328009363e+00 2.614115e+00
0.825000 90.000000 2.089895819269e+00 1.544565034265e+00 2.598720e+00
0.830000 90.000000 2.083903010074e+00 1.527053585547e+00 2.583514e+00
0.835000 90.000000 2.077906941704e+00 1.509789719743e+00 2.568494e+00
0.840000 90.000000 2.071909518489e+00 1.492769552666e+00 2.553658e+00
0.845000 90.000000 2.065912562406e+00 1.475989258830e+00 2.539004e+00
0.850000 90.000000 2.059917816069e+00 1.459445070853e+00 2.524528e+00
0.855000 90.000000 2.053926945616e+00 1.443133278859e+00 2.510229e+00
0.860000 90.000000 2.047941543486e+00 1.427050229863e+00 2.496104e+00
0.865000 90.000000 2.041963131105e+00 1.411192327153e+00 2.482152e+00
0.870000 90.000000 2.035993161474e+00 1.395556029659e+00 2.468369e+00
0.875000 90.000000 2.030033021657e+00 1.380137851324e+00 2.454753e+00
0.880000 90.000000 2.024084035195e+00 1.364934360461e+00 2.441303e+00
0.885000 90.000000 2.018147464425e+00 1.349942179112e+00 2.428016e+00
0.890000 90.000000 2.012224512714e+00 1.335157982399e+00 2.414890e+00
0.895000 90.000000 2.006316326630e+00 1.320578497875e+00 2.401923e+00
0.900000 90.000000 2.000423998015e+00 1.306200504869e+00 2.389112e+00
0.905000 90.000000 1.994548566001e+00 1.292020833831e+00 2.376456e+00
0.910000 90.000000 1.988691018952e+00 1.278036365680e+00 2.363952e+00
0.915000 90.000000 1.982852296333e+00 1.264244031142e+00 2.351599e+00
0.920000 90.000000 1.977033290516e+00 1.250640810101e+00 2.339394e+00
0.925000 90.000000 1.971234848525e+00 1.237223730935e+00 2.327335e+00
0.930000 90.000000 1.965457773720e+00 1.223989869869e+00 2.315421e+00
0.935000 90.000000 1.959702827415e+00 1.210936350315e+00 2.303650e+00
0.940000 90.000000 1.953970730451e+00 1.198060342228e+00 2.292019e+00
0.945000 90.000000 1.948262164703e+00 1.185359061449e+00 2.280527e+00
0.950000 90.000000 1.942577774545e+00 1.172829769066e+00 2.269171e+00
0.955000 90.000000 1.936918168253e+00 1.160469770765e+00 2.257951e+00
0.960000 90.000000 1.931283919367e+00 1.148276416196e+00 2.246864e+00
0.965000 90.000000 1.925675568004e+00 1.136247098331e+00 2.235908e+00
0.970000 90.000000 1.920093622123e+00 1.124379252836e+00 2.225082e+00
0.975000 90.000000 1.914538558750e+00 1.112670357440e+00 2.214383e+00
0.980000 90.000000 1.909010825154e+00 1.101117931316e+00 2.203811e+00
0.985000 90.000000 1.903510839988e+00 1.089719534455e+00 2.193363e+00
0.990000 90.000000 1.898038994391e+00 1.078472767061e+00 2.183038e+00
0.995000 90.000000 1.892595653044e+00 1.067375268936e+00 2.172834e+00
1.000000 90.000000 1.887181155198e+00 1.056424718877e+00 2.162750e+00
