# zline X=10000000 rho=0.6 C(X)=10 mode=h
# sigma t ReF ImF |F|
0.700000 50.000000 2.560600390327e-01 7.542366884661e-03 2.561711e-01
0.705000 50.000000 2.611711528714e-01 6.423082522700e-03 2.612501e-01
0.710000 50.000000 2.662026082800e-01 5.361552415192e-03 2.662566e-01
0.715000 50.000000 2.711565999990e-01 4.354933625133e-03 2.711916e-01
0.720000 50.000000 2.760352497390e-01 3.400529571563e-03 2.760562e-01
0.725000 50.000000 2.808406087455e-01 2.495782409399e-03 2.808517e-01
0.730000 50.000000 2.855746602704e-01 1.638265803293e-03 2.855794e-01
0.735000 50.000000 2.902393219538e-01 8.256780758096e-04 2.902405e-01
0.740000 50.000000 2.948364481180e-01 5.583570995177e-05 2.948365e-01
0.745000 50.000000 2.993678319795e-01 -6.733328107940e-04 2.993686e-01
0.750000 50.000000 3.038352077794e-01 -1.363792844180e-03 3.038383e-01
0.755000 50.000000 3.082402528383e-01 -2.017409127186e-03 3.082469e-01
0.760000 50.000000 3.125845895360e-01 -2.635951026542e-03 3.125957e-01
0.765000 50.000000 3.168697872204e-01 -3.221097517328e-03 3.168862e-01
0.770000 50.000000 3.210973640483e-01 -3.774441902123e-03 3.211195e-01
0.775000 50.000000 3.252687887589e-01 -4.297496285478e-03 3.252972e-01
0.780000 50.000000 3.293854823857e-01 -4.791695815516e-03 3.294203e-01
0.785000 50.000000 3.334488199059e-01 -5.258402704471e-03 3.334903e-01
0.790000 50.000000 3.374601318315e-01 -5.698910040656e-03 3.375082e-01
0.795000 50.000000 3.414207057442e-01 -6.114445401230e-03 3.414755e-01
0.800000 50.000000 3.453317877748e-01 -6.506174276979e-03 3.453931e-01
0.805000 50.000000 3.491945840320e-01 -6.875203318729e-03 3.492623e-01
0.810000 50.000000 3.530102619782e-01 -7.222583413799e-03 3.530841e-01
0.815000 50.000000 3.567799517587e-01 -7.549312602624e-03 3.568598e-01
0.820000 50.000000 3.605047474836e-01 -7.856338842214e-03 3.605903e-01
0.825000 50.000000 3.641857084637e-01 -8.144562626150e-03 3.642768e-01
0.830000 50.000000 3.678238604035e-01 -8.414839466889e-03 3.679201e-01
0.835000 50.000000 3.714201965528e-01 -8.667982248611e-03 3.715213e-01
0.840000 50.000000 3.749756788169e-01 -8.904763456463e-03 3.750814e-01
0.845000 50.000000 3.784912388289e-01 -9.125917289690e-03 3.786012e-01
0.850000 50.000000 3.819677789835e-01 -9.332141663633e-03 3.820818e-01
0.855000 50.000000 3.854061734354e-01 -9.524100106568e-03 3.855238e-01
0.860000 50.000000 3.888072690625e-01 -9.702423557806e-03 3.889283e-01
0.865000 50.000000 3.921718863958e-01 -9.867712070539e-03 3.922960e-01
0.870000 50.000000 3.955008205162e-01 -1.002053642580e-02 3.956277e-01
0.875000 50.000000 3.987948419211e-01 -1.016143966137e-02 3.989243e-01
0.880000 50.000000 4.020546973599e-01 -1.029093852048e-02 4.021864e-01
0.885000 50.000000 4.052811106409e-01 -1.040952482391e-02 4.054148e-01
0.890000 50.000000 4.084747834105e-01 -1.051766677063e-02 4.086102e-01
0.895000 50.000000 4.116363959044e-01 -1.061581016900e-02 4.117733e-01
0.900000 50.000000 4.147666076739e-01 -1.070437960357e-02 4.149047e-01
0.905000 50.000000 4.178660582862e-01 -1.078377954041e-02 4.180052e-01
0.910000 50.000000 4.209353680006e-01 -1.085439537386e-02 4.210753e-01
0.915000 50.000000 4.239751384219e-01 -1.091659441836e-02 4.241157e-01
0.920000 50.000000 4.269859531300e-01 -1.097072684728e-02 4.271269e-01
0.925000 50.000000 4.299683782891e-01 -1.101712658276e-02 4.301095e-01
0.930000 50.000000 4.329229632347e-01 -1.105611213814e-02 4.330641e-01
0.935000 50.000000 4.358502410414e-01 -1.108798741605e-02 4.359913e-01
0.940000 50.000000 4.387507290697e-01 -1.111304246346e-02 4.388914e-01
0.945000 50.000000 4.416249294955e-01 -1.113155418793e-02 4.417652e-01
0.950000 50.000000 4.444733298201e-01 -1.114378703504e-02 4.446130e-01
0.955000 50.000000 4.472964033632e-01 -1.114999363005e-02 4.474354e-01
0.960000 50.000000 4.500946097391e-01 -1.115041538555e-02 4.502327e-01
0.965000 50.000000 4.528683953155e-01 -1.114528307687e-02 4.530055e-01
0.970000 50.000000 4.556181936580e-01 -1.113481738688e-02 4.557542e-01
0.975000 50.000000 4.583444259578e-01 -1.111922942171e-02 4.584793e-01
0.980000 50.000000 4.610475014456e-01 -1.109872119910e-02 4.611811e-01
0.985000 50.000000 4.637278177909e-01 -1.107348611098e-02 4.638600e-01
0.990000 50.000000 4.663857614879e-01 -1.104370936106e-02 4.665165e-01
0.995000 50.000000 4.690217082274e-01 -1.100956837926e-02 4.691509e-01
1.000000 50.000000 4.716360232568e-01 -1.097123321410e-02 4.717636e-01
