# zline X=10000000 rho=0.6 C(X)=10 mode=h
# sigma t ReF ImF |F|
0.700000 80.000000 6.422986027329e-01 1.219469093683e+00 1.378279e+00
0.705000 80.000000 6.425188371029e-01 1.212176430962e+00 1.371934e+00
0.710000 80.000000 6.428990857488e-01 1.204973320216e+00 1.365753e+00
0.715000 80.000000 6.434321512906e-01 1.197857048955e+00 1.359730e+00
0.720000 80.000000 6.441111055945e-01 1.190824995975e+00 1.353862e+00
0.725000 80.000000 6.449292795794e-01 1.183874629053e+00 1.348144e+00
0.730000 80.000000 6.458802534387e-01 1.177003502649e+00 1.342572e+00
0.735000 80.000000 6.469578472567e-01 1.170209255614e+00 1.337140e+00
0.740000 80.000000 6.481561120029e-01 1.163489608925e+00 1.331846e+00
0.745000 80.000000 6.494693208876e-01 1.156842363424e+00 1.326686e+00
0.750000 80.000000 6.508919610640e-01 1.150265397600e+00 1.321655e+00
0.755000 80.000000 6.524187256596e-01 1.143756665379e+00 1.316750e+00
0.760000 80.000000 6.540445061252e-01 1.137314193951e+00 1.311967e+00
0.765000 80.000000 6.557643848858e-01 1.130936081630e+00 1.307304e+00
0.770000 80.000000 6.575736282815e-01 1.124620495741e+00 1.302756e+00
0.775000 80.000000 6.594676797858e-01 1.118365670543e+00 1.298322e+00
0.780000 80.000000 6.614421534895e-01 1.112169905194e+00 1.293997e+00
0.785000 80.000000 6.634928278382e-01 1.106031561746e+00 1.289778e+00
0.790000 80.000000 6.656156396146e-01 1.099949063179e+00 1.285664e+00
0.795000 80.000000 6.678066781519e-01 1.093920891480e+00 1.281651e+00
0.800000 80.000000 6.700621797732e-01 1.087945585760e+00 1.277736e+00
0.805000 80.000000 6.723785224427e-01 1.082021740403e+00 1.273917e+00
0.810000 80.000000 6.747522206234e-01 1.076148003271e+00 1.270191e+00
0.815000 80.000000 6.771799203309e-01 1.070323073938e+00 1.266556e+00
0.820000 80.000000 6.796583943761e-01 1.064545701969e+00 1.263010e+00
0.825000 80.000000 6.821845377873e-01 1.058814685247e+00 1.259549e+00
0.830000 80.000000 6.847553634082e-01 1.053128868326e+00 1.256173e+00
0.835000 80.000000 6.873679976589e-01 1.047487140846e+00 1.252878e+00
0.840000 80.000000 6.900196764589e-01 1.041888435970e+00 1.249663e+00
0.845000 80.000000 6.927077413016e-01 1.036331728871e+00 1.246526e+00
0.850000 80.000000 6.954296354760e-01 1.030816035262e+00 1.243465e+00
0.855000 80.000000 6.981829004292e-01 1.025340409959e+00 1.240477e+00
0.860000 80.000000 7.009651722641e-01 1.019903945488e+00 1.237561e+00
0.865000 80.000000 7.037741783666e-01 1.014505770731e+00 1.234715e+00
0.870000 80.000000 7.066077341577e-01 1.009145049605e+00 1.231937e+00
0.875000 80.000000 7.094637399650e-01 1.003820979792e+00 1.229226e+00
0.880000 80.000000 7.123401780087e-01 9.985327914875e-01 1.226579e+00
0.885000 80.000000 7.152351094988e-01 9.932797462049e-01 1.223996e+00
0.890000 80.000000 7.181466718375e-01 9.880611356020e-01 1.221474e+00
0.895000 80.000000 7.210730759240e-01 9.828762803501e-01 1.219013e+00
0.900000 80.000000 7.240126035564e-01 9.777245290348e-01 1.216610e+00
0.905000 80.000000 7.269636049283e-01 9.726052570926e-01 1.214264e+00
0.910000 80.000000 7.299244962155e-01 9.675178657795e-01 1.211974e+00
0.915000 80.000000 7.328937572500e-01 9.624617811724e-01 1.209738e+00
0.920000 80.000000 7.358699292765e-01 9.574364532029e-01 1.207555e+00
0.925000 80.000000 7.388516127905e-01 9.524413547218e-01 1.205424e+00
0.930000 80.000000 7.418374654527e-01 9.474759805941e-01 1.203343e+00
0.935000 80.000000 7.448262000781e-01 9.425398468235e-01 1.201311e+00
0.940000 80.000000 7.478165826966e-01 9.376324897058e-01 1.199327e+00
0.945000 80.000000 7.508074306823e-01 9.327534650112e-01 1.197389e+00
0.950000 80.000000 7.537976109489e-01 9.279023471927e-01 1.195497e+00
0.955000 80.000000 7.567860382086e-01 9.230787286231e-01 1.193650e+00
0.960000 80.000000 7.597716732928e-01 9.182822188561e-01 1.191845e+00
0.965000 80.000000 7.627535215317e-01 9.135124439148e-01 1.190083e+00
0.970000 80.000000 7.657306311898e-01 9.087690456027e-01 1.188362e+00
0.975000 80.000000 7.687020919574e-01 9.040516808407e-01 1.186681e+00
0.980000 80.000000 7.716670334939e-01 8.993600210266e-01 1.185039e+00
0.985000 80.000000 7.746246240222e-01 8.946937514161e-01 1.183436e+00
0.990000 80.000000 7.775740689714e-01 8.900525705283e-01 1.181869e+00
0.995000 80.000000 7.805146096673e-01 8.854361895705e-01 1.180339e+00
1.000000 80.000000 7.834455220677e-01 8.808443318849e-01 1.178844e+00
