# zline X=10000000 rho=0.6 C(X)=10 mode=h
# sigma t ReF ImF |F|
0.700000 20.000000 -8.431993518566e-01 -1.051485807723e+00 1.347816e+00
0.705000 20.000000 -8.018180014253e-01 -1.047525937879e+00 1.319175e+00
0.710000 20.000000 -7.614920673652e-01 -1.043549153850e+00 1.291846e+00
0.715000 20.000000 -7.221911125053e-01 -1.039555758173e+00 1.265795e+00
0.720000 20.000000 -6.838856744863e-01 -1.035546107032e+00 1.240990e+00
0.725000 20.000000 -6.465472315187e-01 -1.031520604681e+00 1.217398e+00
0.730000 20.000000 -6.101481694470e-01 -1.027479698276e+00 1.194988e+00
0.735000 20.000000 -5.746617500700e-01 -1.023423873086e+00 1.173726e+00
0.740000 20.000000 -5.400620806594e-01 -1.019353648052e+00 1.153581e+00
0.745000 20.000000 -5.063240846333e-01 -1.015269571679e+00 1.134520e+00
0.750000 20.000000 -4.734234733356e-01 -1.011172218238e+00 1.116512e+00
0.755000 20.000000 -4.413367188740e-01 -1.007062184247e+00 1.099524e+00
0.760000 20.000000 -4.100410279787e-01 -1.002940085230e+00 1.083523e+00
0.765000 20.000000 -3.795143168341e-01 -9.988065527185e-01 1.068478e+00
0.770000 20.000000 -3.497351868524e-01 -9.946622314922e-01 1.054357e+00
0.775000 20.000000 -3.206829013424e-01 -9.905077770336e-01 1.041126e+00
0.780000 20.000000 -2.923373630445e-01 -9.863438531872e-01 1.028754e+00
0.785000 20.000000 -2.646790924947e-01 -9.821711300088e-01 1.017209e+00
0.790000 20.000000 -2.376892071829e-01 -9.779902817895e-01 1.006460e+00
0.795000 20.000000 -2.113494014784e-01 -9.738019852465e-01 9.964732e-01
0.800000 20.000000 -1.856419272873e-01 -9.696069178658e-01 9.872186e-01
0.805000 20.000000 -1.605495754165e-01 -9.654057563879e-01 9.786646e-01
0.810000 20.000000 -1.360556576146e-01 -9.611991754271e-01 9.707806e-01
0.815000 20.000000 -1.121439892641e-01 -9.569878462145e-01 9.635362e-01
0.820000 20.000000 -8.879887269947e-02 -9.527724354546e-01 9.569015e-01
0.825000 20.000000 -6.600508112481e-02 -9.485536042925e-01 9.508473e-01
0.830000 20.000000 -4.374784311048e-02 -9.443320073770e-01 9.453448e-01
0.835000 20.000000 -2.201282764553e-02 -9.401082920184e-01 9.403660e-01
0.840000 20.000000 -7.861297218806e-04 -9.358830974325e-01 9.358834e-01
0.845000 20.000000 1.994574356650e-02 -9.316570540631e-01 9.318705e-01
0.850000 20.000000 4.019588643111e-02 -9.274307829796e-01 9.283014e-01
0.855000 20.000000 5.997700732237e-02 -9.232048953432e-01 9.251511e-01
0.860000 20.000000 7.930144140702e-02 -9.189799919371e-01 9.223952e-01
0.865000 20.000000 9.818116260481e-02 -9.147566627544e-01 9.200105e-01
0.870000 20.000000 1.166277952051e-01 -9.105354866431e-01 9.179744e-01
0.875000 20.000000 1.346526250748e-01 -9.063170309988e-01 9.162652e-01
0.880000 20.000000 1.522666104772e-01 -9.021018515059e-01 9.148622e-01
0.885000 20.000000 1.694803925137e-01 -8.978904919227e-01 9.137456e-01
0.890000 20.000000 1.863043052028e-01 -8.936834839034e-01 9.128962e-01
0.895000 20.000000 2.027483852122e-01 -8.894813468596e-01 9.122960e-01
0.900000 20.000000 2.188223812533e-01 -8.852845878544e-01 9.119276e-01
0.905000 20.000000 2.345357631549e-01 -8.810937015278e-01 9.117747e-01
0.910000 20.000000 2.498977306237e-01 -8.769091700503e-01 9.118216e-01
0.915000 20.000000 2.649172217068e-01 -8.727314631032e-01 9.120534e-01
0.920000 20.000000 2.796029209650e-01 -8.685610378824e-01 9.124561e-01
0.925000 20.000000 2.939632673686e-01 -8.643983391246e-01 9.130164e-01
0.930000 20.000000 3.080064619255e-01 -8.602437991533e-01 9.137217e-01
0.935000 20.000000 3.217404750514e-01 -8.560978379427e-01 9.145602e-01
0.940000 20.000000 3.351730536915e-01 -8.519608631989e-01 9.155208e-01
0.945000 20.000000 3.483117282033e-01 -8.478332704551e-01 9.165928e-01
0.950000 20.000000 3.611638190082e-01 -8.437154431819e-01 9.177663e-01
0.955000 20.000000 3.737364430211e-01 -8.396077529080e-01 9.190322e-01
0.960000 20.000000 3.860365198657e-01 -8.355105593540e-01 9.203815e-01
0.965000 20.000000 3.980707778829e-01 -8.314242105736e-01 9.218061e-01
0.970000 20.000000 4.098457599408e-01 -8.273490431061e-01 9.232984e-01
0.975000 20.000000 4.213678290518e-01 -8.232853821350e-01 9.248512e-01
0.980000 20.000000 4.326431738055e-01 -8.192335416537e-01 9.264576e-01
0.985000 20.000000 4.436778136217e-01 -8.151938246385e-01 9.281115e-01
0.990000 20.000000 4.544776038331e-01 -8.111665232248e-01 9.298070e-01
0.995000 20.000000 4.650482405998e-01 -8.071519188892e-01 9.315386e-01
1.000000 20.000000 4.753952656654e-01 -8.031502826352e-01 9.333011e-01
