# zline X=10000000 rho=0.6 C(X)=10 mode=h
# sigma t ReF ImF |F|
0.700000 60.000000 3.470889462450e-01 2.899628453108e-01 4.522711e-01
0.705000 60.000000 3.499569130892e-01 2.906437917255e-01 4.549106e-01
0.710000 60.000000 3.528100985553e-01 2.912474481590e-01 4.574932e-01
0.715000 60.000000 3.556492041151e-01 2.917769390470e-01 4.600219e-01
0.720000 60.000000 3.584748788174e-01 2.922352855660e-01 4.624994e-01
0.725000 60.000000 3.612877222534e-01 2.926254081534e-01 4.649284e-01
0.730000 60.000000 3.640882873811e-01 2.929501290289e-01 4.673115e-01
0.735000 60.000000 3.668770832158e-01 2.932121747097e-01 4.696511e-01
0.740000 60.000000 3.696545773910e-01 2.934141785148e-01 4.719496e-01
0.745000 60.000000 3.724211985958e-01 2.935586830523e-01 4.742091e-01
0.750000 60.000000 3.751773388931e-01 2.936481426866e-01 4.764318e-01
0.755000 60.000000 3.779233559245e-01 2.936849259803e-01 4.786198e-01
0.760000 60.000000 3.806595750057e-01 2.936713181081e-01 4.807750e-01
0.765000 60.000000 3.833862911183e-01 2.936095232394e-01 4.828992e-01
0.770000 60.000000 3.861037708009e-01 2.935016668864e-01 4.849942e-01
0.775000 60.000000 3.888122539453e-01 2.933497982163e-01 4.870617e-01
0.780000 60.000000 3.915119555008e-01 2.931558923242e-01 4.891032e-01
0.785000 60.000000 3.942030670919e-01 2.929218524665e-01 4.911204e-01
0.790000 60.000000 3.968857585513e-01 2.926495122521e-01 4.931146e-01
0.795000 60.000000 3.995601793745e-01 2.923406377906e-01 4.950873e-01
0.800000 60.000000 4.022264600974e-01 2.919969297965e-01 4.970396e-01
0.805000 60.000000 4.048847136011e-01 2.916200256487e-01 4.989728e-01
0.810000 60.000000 4.075350363478e-01 2.912115014046e-01 5.008882e-01
0.815000 60.000000 4.101775095502e-01 2.907728737680e-01 5.027867e-01
0.820000 60.000000 4.128122002775e-01 2.903056020109e-01 5.046695e-01
0.825000 60.000000 4.154391625016e-01 2.898110898493e-01 5.065374e-01
0.830000 60.000000 4.180584380858e-01 2.892906872724e-01 5.083915e-01
0.835000 60.000000 4.206700577183e-01 2.887456923252e-01 5.102327e-01
0.840000 60.000000 4.232740417939e-01 2.881773528456e-01 5.120616e-01
0.845000 60.000000 4.258704012468e-01 2.875868681555e-01 5.138792e-01
0.850000 60.000000 4.284591383346e-01 2.869753907060e-01 5.156861e-01
0.855000 60.000000 4.310402473786e-01 2.863440276787e-01 5.174829e-01
0.860000 60.000000 4.336137154608e-01 2.856938425412e-01 5.192705e-01
0.865000 60.000000 4.361795230804e-01 2.850258565596e-01 5.210492e-01
0.870000 60.000000 4.387376447711e-01 2.843410502673e-01 5.228198e-01
0.875000 60.000000 4.412880496825e-01 2.836403648917e-01 5.245827e-01
0.880000 60.000000 4.438307021252e-01 2.829247037378e-01 5.263384e-01
0.885000 60.000000 4.463655620844e-01 2.821949335321e-01 5.280873e-01
0.890000 60.000000 4.488925857008e-01 2.814518857247e-01 5.298299e-01
0.895000 60.000000 4.514117257211e-01 2.806963577526e-01 5.315665e-01
0.900000 60.000000 4.539229319220e-01 2.799291142636e-01 5.332976e-01
0.905000 60.000000 4.564261515049e-01 2.791508883027e-01 5.350234e-01
0.910000 60.000000 4.589213294668e-01 2.783623824606e-01 5.367443e-01
0.915000 60.000000 4.614084089463e-01 2.775642699865e-01 5.384604e-01
0.920000 60.000000 4.638873315462e-01 2.767571958646e-01 5.401722e-01
0.925000 60.000000 4.663580376352e-01 2.759417778570e-01 5.418798e-01
0.930000 60.000000 4.688204666282e-01 2.751186075113e-01 5.435834e-01
0.935000 60.000000 4.712745572477e-01 2.742882511363e-01 5.452832e-01
0.940000 60.000000 4.737202477664e-01 2.734512507454e-01 5.469794e-01
0.945000 60.000000 4.761574762320e-01 2.726081249685e-01 5.486722e-01
0.950000 60.000000 4.785861806760e-01 2.717593699329e-01 5.503616e-01
0.955000 60.000000 4.810062993074e-01 2.709054601156e-01 5.520478e-01
0.960000 60.000000 4.834177706896e-01 2.700468491659e-01 5.537310e-01
0.965000 60.000000 4.858205339057e-01 2.691839707003e-01 5.554112e-01
0.970000 60.000000 4.882145287095e-01 2.683172390705e-01 5.570885e-01
0.975000 60.000000 4.905996956640e-01 2.674470501035e-01 5.587629e-01
0.980000 60.000000 4.929759762682e-01 2.665737818185e-01 5.604346e-01
0.985000 60.000000 4.953433130736e-01 2.656977951160e-01 5.621035e-01
0.990000 60.000000 4.977016497896e-01 2.648194344453e-01 5.637697e-01
0.995000 60.000000 5.000509313789e-01 2.639390284464e-01 5.654332e-01
1.000000 60.000000 5.023911041445e-01 2.630568905707e-01 5.670941e-01
