# zline X=10000000 rho=0.6 C(X)=10 mode=h
# sigma t ReF ImF |F|
0.700000 40.000000 4.948319029778e-01 -1.621368263092e-01 5.207177e-01
0.705000 40.000000 4.944179334751e-01 -1.622874599132e-01 5.203713e-01
0.710000 40.000000 4.940592003407e-01 -1.624824386305e-01 5.200914e-01
0.715000 40.000000 4.937549015999e-01 -1.627182897300e-01 5.198761e-01
0.720000 40.000000 4.935042096365e-01 -1.629917127406e-01 5.197237e-01
0.725000 40.000000 4.933062742484e-01 -1.632995720330e-01 5.196324e-01
0.730000 40.000000 4.931602255033e-01 -1.636388897027e-01 5.196005e-01
0.735000 40.000000 4.930651764063e-01 -1.640068387442e-01 5.196263e-01
0.740000 40.000000 4.930202253909e-01 -1.644007365031e-01 5.197081e-01
0.745000 40.000000 4.930244586413e-01 -1.648180383955e-01 5.198443e-01
0.750000 40.000000 4.930769522582e-01 -1.652563318838e-01 5.200332e-01
0.755000 40.000000 4.931767742752e-01 -1.657133307012e-01 5.202732e-01
0.760000 40.000000 4.933229865352e-01 -1.661868693106e-01 5.205628e-01
0.765000 40.000000 4.935146464351e-01 -1.666748975928e-01 5.209004e-01
0.770000 40.000000 4.937508085453e-01 -1.671754757523e-01 5.212845e-01
0.775000 40.000000 4.940305261129e-01 -1.676867694326e-01 5.217135e-01
0.780000 40.000000 4.943528524537e-01 -1.682070450341e-01 5.221861e-01
0.785000 40.000000 4.947168422411e-01 -1.687346652233e-01 5.227008e-01
0.790000 40.000000 4.951215526963e-01 -1.692680846297e-01 5.232562e-01
0.795000 40.000000 4.955660446872e-01 -1.698058457198e-01 5.238509e-01
0.800000 40.000000 4.960493837406e-01 -1.703465748415e-01 5.244835e-01
0.805000 40.000000 4.965706409722e-01 -1.708889784343e-01 5.251528e-01
0.810000 40.000000 4.971288939414e-01 -1.714318393952e-01 5.258574e-01
0.815000 40.000000 4.977232274330e-01 -1.719740135977e-01 5.265961e-01
0.820000 40.000000 4.983527341717e-01 -1.725144265541e-01 5.273677e-01
0.825000 40.000000 4.990165154733e-01 -1.730520702191e-01 5.281709e-01
0.830000 40.000000 4.997136818360e-01 -1.735859999249e-01 5.290046e-01
0.835000 40.000000 5.004433534762e-01 -1.741153314468e-01 5.298676e-01
0.840000 40.000000 5.012046608112e-01 -1.746392381901e-01 5.307589e-01
0.845000 40.000000 5.019967448932e-01 -1.751569484967e-01 5.316772e-01
0.850000 40.000000 5.028187577975e-01 -1.756677430635e-01 5.326217e-01
0.855000 40.000000 5.036698629667e-01 -1.761709524713e-01 5.335912e-01
0.860000 40.000000 5.045492355151e-01 -1.766659548168e-01 5.345847e-01
0.865000 40.000000 5.054560624952e-01 -1.771521734453e-01 5.356013e-01
0.870000 40.000000 5.063895431292e-01 -1.776290747794e-01 5.366400e-01
0.875000 40.000000 5.073488890066e-01 -1.780961662401e-01 5.376999e-01
0.880000 40.000000 5.083333242521e-01 -1.785529942562e-01 5.387800e-01
0.885000 40.000000 5.093420856636e-01 -1.789991423586e-01 5.398797e-01
0.890000 40.000000 5.103744228249e-01 -1.794342293558e-01 5.409979e-01
0.895000 40.000000 5.114295981917e-01 -1.798579075880e-01 5.421338e-01
0.900000 40.000000 5.125068871557e-01 -1.802698612559e-01 5.432868e-01
0.905000 40.000000 5.136055780869e-01 -1.806698048208e-01 5.444559e-01
0.910000 40.000000 5.147249723552e-01 -1.810574814752e-01 5.456405e-01
0.915000 40.000000 5.158643843342e-01 -1.814326616773e-01 5.468399e-01
0.920000 40.000000 5.170231413873e-01 -1.817951417507e-01 5.480533e-01
0.925000 40.000000 5.182005838382e-01 -1.821447425449e-01 5.492800e-01
0.930000 40.000000 5.193960649266e-01 -1.824813081525e-01 5.505195e-01
0.935000 40.000000 5.206089507501e-01 -1.828047046840e-01 5.517710e-01
0.940000 40.000000 5.218386201937e-01 -1.831148190960e-01 5.530340e-01
0.945000 40.000000 5.230844648486e-01 -1.834115580697e-01 5.543078e-01
0.950000 40.000000 5.243458889189e-01 -1.836948469405e-01 5.555919e-01
0.955000 40.000000 5.256223091203e-01 -1.839646286734e-01 5.568858e-01
0.960000 40.000000 5.269131545690e-01 -1.842208628844e-01 5.581889e-01
0.965000 40.000000 5.282178666630e-01 -1.844635249058e-01 5.595006e-01
0.970000 40.000000 5.295358989560e-01 -1.846926048921e-01 5.608205e-01
0.975000 40.000000 5.308667170250e-01 -1.849081069667e-01 5.621481e-01
0.980000 40.000000 5.322097983316e-01 -1.851100484072e-01 5.634829e-01
0.985000 40.000000 5.335646320782e-01 -1.852984588661e-01 5.648245e-01
0.990000 40.000000 5.349307190597e-01 -1.854733796285e-01 5.661725e-01
0.995000 40.000000 5.363075715109e-01 -1.856348629020e-01 5.675263e-01
1.000000 40.000000 5.376947129498e-01 -1.857829711396e-01 5.688857e-01
