# zline X=10000000 rho=0.6 C(X)=10 mode=h
# sigma t ReF ImF |F|
0.700000 70.000000 1.627439420248e-01 7.804235890335e-01 7.972117e-01
0.705000 70.000000 1.688404285540e-01 7.761512250693e-01 7.943034e-01
0.710000 70.000000 1.749171807785e-01 7.719436124997e-01 7.915131e-01
0.715000 70.000000 1.809732367180e-01 7.677982223036e-01 7.888380e-01
0.720000 70.000000 1.870076725515e-01 7.637126457952e-01 7.862753e-01
0.725000 70.000000 1.930196018871e-01 7.596845885026e-01 7.838222e-01
0.730000 70.000000 1.990081750197e-01 7.557118643811e-01 7.814760e-01
0.735000 70.000000 2.049725781803e-01 7.517923903410e-01 7.792340e-01
0.740000 70.000000 2.109120327773e-01 7.479241810773e-01 7.770936e-01
0.745000 70.000000 2.168257946339e-01 7.441053441753e-01 7.750524e-01
0.750000 70.000000 2.227131532193e-01 7.403340754838e-01 7.731078e-01
0.755000 70.000000 2.285734308801e-01 7.366086547363e-01 7.712575e-01
0.760000 70.000000 2.344059820689e-01 7.329274414055e-01 7.694991e-01
0.765000 70.000000 2.402101925752e-01 7.292888707818e-01 7.678302e-01
0.770000 70.000000 2.459854787564e-01 7.256914502570e-01 7.662486e-01
0.775000 70.000000 2.517312867733e-01 7.221337558074e-01 7.647521e-01
0.780000 70.000000 2.574470918284e-01 7.186144286609e-01 7.633385e-01
0.785000 70.000000 2.631323974096e-01 7.151321721388e-01 7.620057e-01
0.790000 70.000000 2.687867345400e-01 7.116857486633e-01 7.607515e-01
0.795000 70.000000 2.744096610339e-01 7.082739769197e-01 7.595740e-01
0.800000 70.000000 2.800007607599e-01 7.048957291665e-01 7.584711e-01
0.805000 70.000000 2.855596429134e-01 7.015499286831e-01 7.574408e-01
0.810000 70.000000 2.910859412961e-01 6.982355473495e-01 7.564813e-01
0.815000 70.000000 2.965793136060e-01 6.949516033478e-01 7.555905e-01
0.820000 70.000000 3.020394407360e-01 6.916971589826e-01 7.547667e-01
0.825000 70.000000 3.074660260840e-01 6.884713186096e-01 7.540080e-01
0.830000 70.000000 3.128587948724e-01 6.852732266697e-01 7.533127e-01
0.835000 70.000000 3.182174934788e-01 6.821020658217e-01 7.526789e-01
0.840000 70.000000 3.235418887784e-01 6.789570551658e-01 7.521051e-01
0.845000 70.000000 3.288317674970e-01 6.758374485586e-01 7.515894e-01
0.850000 70.000000 3.340869355766e-01 6.727425330082e-01 7.511302e-01
0.855000 70.000000 3.393072175521e-01 6.696716271498e-01 7.507260e-01
0.860000 70.000000 3.444924559403e-01 6.666240797952e-01 7.503751e-01
0.865000 70.000000 3.496425106414e-01 6.635992685524e-01 7.500759e-01
0.870000 70.000000 3.547572583521e-01 6.605965985129e-01 7.498270e-01
0.875000 70.000000 3.598365919915e-01 6.576155010012e-01 7.496269e-01
0.880000 70.000000 3.648804201390e-01 6.546554323849e-01 7.494741e-01
0.885000 70.000000 3.698886664851e-01 6.517158729412e-01 7.493672e-01
0.890000 70.000000 3.748612692936e-01 6.487963257763e-01 7.493048e-01
0.895000 70.000000 3.797981808771e-01 6.458963157979e-01 7.492855e-01
0.900000 70.000000 3.846993670847e-01 6.430153887332e-01 7.493079e-01
0.905000 70.000000 3.895648068010e-01 6.401531101954e-01 7.493709e-01
0.910000 70.000000 3.943944914583e-01 6.373090647916e-01 7.494731e-01
0.915000 70.000000 3.991884245604e-01 6.344828552728e-01 7.496132e-01
0.920000 70.000000 4.039466212188e-01 6.316741017234e-01 7.497900e-01
0.925000 70.000000 4.086691076996e-01 6.288824407873e-01 7.500024e-01
0.930000 70.000000 4.133559209837e-01 6.261075249292e-01 7.502491e-01
0.935000 70.000000 4.180071083377e-01 6.233490217302e-01 7.505291e-01
0.940000 70.000000 4.226227268961e-01 6.206066132143e-01 7.508412e-01
0.945000 70.000000 4.272028432552e-01 6.178799952060e-01 7.511844e-01
0.950000 70.000000 4.317475330781e-01 6.151688767167e-01 7.515575e-01
0.955000 70.000000 4.362568807106e-01 6.124729793578e-01 7.519596e-01
0.960000 70.000000 4.407309788081e-01 6.097920367805e-01 7.523896e-01
0.965000 70.000000 4.451699279724e-01 6.071257941404e-01 7.528466e-01
0.970000 70.000000 4.495738364000e-01 6.044740075857e-01 7.533296e-01
0.975000 70.000000 4.539428195399e-01 6.018364437673e-01 7.538376e-01
0.980000 70.000000 4.582769997619e-01 5.992128793715e-01 7.543699e-01
0.985000 70.000000 4.625765060346e-01 5.966031006726e-01 7.549253e-01
0.990000 70.000000 4.668414736127e-01 5.940069031041e-01 7.555033e-01
0.995000 70.000000 4.710720437352e-01 5.914240908499e-01 7.561027e-01
1.000000 70.000000 4.752683633307e-01 5.888544764527e-01 7.567229e-01
