# zline X=10000000 rho=0.6 C(X)=10 mode=h
# sigma t ReF ImF |F|
0.700000 100.000000 5.342015651812e+00 -6.807385941435e-01 5.385215e+00
0.705000 100.000000 5.276223609933e+00 -6.763479849408e-01 5.319397e+00
0.710000 100.000000 5.211678420070e+00 -6.718622267762e-01 5.254806e+00
0.715000 100.000000 5.148354799432e+00 -6.672885702044e-01 5.191419e+00
0.720000 100.000000 5.086227938282e+00 -6.626339601398e-01 5.129210e+00
0.725000 100.000000 5.025273494514e+00 -6.579050461420e-01 5.068157e+00
0.730000 100.000000 4.965467588071e+00 -6.531081924294e-01 5.008235e+00
0.735000 100.000000 4.906786795246e+00 -6.482494876313e-01 4.949423e+00
0.740000 100.000000 4.849208142859e+00 -6.433347542741e-01 4.891697e+00
0.745000 100.000000 4.792709102331e+00 -6.383695580130e-01 4.835036e+00
0.750000 100.000000 4.737267583671e+00 -6.333592166048e-01 4.779419e+00
0.755000 100.000000 4.682861929393e+00 -6.283088086322e-01 4.724825e+00
0.760000 100.000000 4.629470908351e+00 -6.232231819806e-01 4.671232e+00
0.765000 100.000000 4.577073709539e+00 -6.181069620729e-01 4.618621e+00
0.770000 100.000000 4.525649935832e+00 -6.129645598650e-01 4.566972e+00
0.775000 100.000000 4.475179597701e+00 -6.078001796085e-01 4.516265e+00
0.780000 100.000000 4.425643106905e+00 -6.026178263827e-01 4.466482e+00
0.785000 100.000000 4.377021270157e+00 -5.974213134031e-01 4.417604e+00
0.790000 100.000000 4.329295282793e+00 -5.922142691081e-01 4.369613e+00
0.795000 100.000000 4.282446722436e+00 -5.870001440331e-01 4.322490e+00
0.800000 100.000000 4.236457542662e+00 -5.817822174688e-01 4.276218e+00
0.805000 100.000000 4.191310066685e+00 -5.765636039168e-01 4.230781e+00
0.810000 100.000000 4.146986981063e+00 -5.713472593439e-01 4.186160e+00
0.815000 100.000000 4.103471329423e+00 -5.661359872362e-01 4.142341e+00
0.820000 100.000000 4.060746506219e+00 -5.609324444637e-01 4.099306e+00
0.825000 100.000000 4.018796250525e+00 -5.557391469554e-01 4.057039e+00
0.830000 100.000000 3.977604639877e+00 -5.505584751931e-01 4.015527e+00
0.835000 100.000000 3.937156084133e+00 -5.453926795252e-01 3.974752e+00
0.840000 100.000000 3.897435319423e+00 -5.402438853060e-01 3.934700e+00
0.845000 100.000000 3.858427402103e+00 -5.351140978675e-01 3.895357e+00
0.850000 100.000000 3.820117702808e+00 -5.300052073238e-01 3.856709e+00
0.855000 100.000000 3.782491900530e+00 -5.249189932166e-01 3.818741e+00
0.860000 100.000000 3.745535976777e+00 -5.198571290031e-01 3.781440e+00
0.865000 100.000000 3.709236209786e+00 -5.148211863921e-01 3.744793e+00
0.870000 100.000000 3.673579168804e+00 -5.098126395318e-01 3.708786e+00
0.875000 100.000000 3.638551708438e+00 -5.048328690543e-01 3.673406e+00
0.880000 100.000000 3.604140963073e+00 -4.998831659803e-01 3.638642e+00
0.885000 100.000000 3.570334341356e+00 -4.949647354867e-01 3.604480e+00
0.890000 100.000000 3.537119520773e+00 -4.900787005446e-01 3.570909e+00
0.895000 100.000000 3.504484442268e+00 -4.852261054266e-01 3.537917e+00
0.900000 100.000000 3.472417304964e+00 -4.804079190916e-01 3.505492e+00
0.905000 100.000000 3.440906560944e+00 -4.756250384488e-01 3.473623e+00
0.910000 100.000000 3.409940910120e+00 -4.708782915039e-01 3.442299e+00
0.915000 100.000000 3.379509295173e+00 -4.661684403924e-01 3.411509e+00
0.920000 100.000000 3.349600896562e+00 -4.614961843028e-01 3.381243e+00
0.925000 100.000000 3.320205127632e+00 -4.568621622929e-01 3.351490e+00
0.930000 100.000000 3.291311629787e+00 -4.522669560035e-01 3.322240e+00
0.935000 100.000000 3.262910267736e+00 -4.477110922712e-01 3.293483e+00
0.940000 100.000000 3.234991124831e+00 -4.431950456442e-01 3.265209e+00
0.945000 100.000000 3.207544498479e+00 -4.387192408050e-01 3.237409e+00
0.950000 100.000000 3.180560895623e+00 -4.342840549018e-01 3.210073e+00
0.955000 100.000000 3.154031028321e+00 -4.298898197915e-01 3.183193e+00
0.960000 100.000000 3.127945809378e+00 -4.255368241982e-01 3.156759e+00
0.965000 100.000000 3.102296348076e+00 -4.212253157894e-01 3.130762e+00
0.970000 100.000000 3.077073945977e+00 -4.169555031719e-01 3.105195e+00
0.975000 100.000000 3.052270092791e+00 -4.127275578110e-01 3.080048e+00
0.980000 100.000000 3.027876462331e+00 -4.085416158761e-01 3.055314e+00
0.985000 100.000000 3.003884908545e+00 -4.043977800122e-01 3.030984e+00
0.990000 100.000000 2.980287461614e+00 -4.002961210445e-01 3.007050e+00
0.995000 100.000000 2.957076324130e+00 -3.962366796140e-01 2.983505e+00
1.000000 100.000000 2.934243867346e+00 -3.922194677489e-01 2.960342e+00
