2
3
20
30
200
150
675
2000
1500
1125
1250
151875
125000
46875
78125
10546875
7
1575
3500
39375
43750
590625
245
2450
12250
18375
1378125
214375
1071875
11
110
2750
185625
618750
928125
4296875
193359375
10395
7700
5775
28875
144375
13475
1684375
16335
6050
7940625
648484375
13
650
24375
162500
243750
406250
10156250
455
2559375
6435
34409375
17
6885
1700
12750
95625
318750
66406250
1190
2975
371875
46484375
8415
1145375
12856250
1799875
8999375
5525
12155
38
57
380
570
7695
3800
4275
9500
21375
7421875
37109375
133
1330
1995
6650
9975
33250
49875
29093750
814625
28215
20900
52250
78375
261250
4571875
38795625
30174375
563255
2816275
14081375
247
61750
8645
43225
16209375
83208125
1344915
2241525
933968750
323
80750
605625
6056250
177650
33309375
610671875
188955
459265625
7220
146205
18050
90250
6768750
10153125
12635
63175
315875
3158750
39484375
3971
39710
67010625
37228125
52119375
1965645
191104375
4693
70395
146656250
258115
92055
460275
38356250
57534375
42191875
398905
13718
20577
137180
342950
2572125
12449085
89167
809190525
1166030
23
2300
11500
14375
1437500
89843750
134765625
1610
12075
40250
60375
5031250
28175
17609375
11385
94875
2371875
10847375
626175
40365
8409375
20145125
542685
904475
29325
97750
41055
215050
134406250
150535
3763375
76880375
437
10925
9559375
47796875
24035
482885
83030
5189375
25116575
539695
688111125
58
87
870
2900
19575
7250
1468125
271875
203
76125
1141875
6343750
746025
155421875
23925
39875
3987500
9968750
11165
35090
52635
46055625
377
50895
294531250
65975
329875
493
184875
924375
15406250
17255
431375
10784375
27115
44061875
551
5510
27550
5165625
289275
674975
84371875
1060675
132584375
322335
537225
4476875
44768750
393965
708379375
104690
1832075
9160375
45801875
4030565
680485
9788515
198911
929908925
3335
33350
83375
252209375
35434375
20466895
2523
25230
37845
42050
105125
1576875
26281250
29435
7358750
9251
92510
10933
239159375
375821875
14297
142970
3216825
2501975
62549375
3595275
249671875
8388975
878845
30759575
768989375
47537525
265650875
144210475
19343
1450725
23695175
6286475
34914115
37
370
9250
1156250
130078125
11655
25900
32375
505859375
5665625
28328125
18315
1007325
7215
180375
4509375
2104375
589225
396825
925925
15725
393125
3931250
756765625
703
4393750
21968750
24605
615125
9226875
386650
478479375
797465625
3427125
13357
200355
175310625
826464375
459146875
137376745
6344575
31722875
63825
106375
148925
140415
146265625
514855
1953045
242535
151584375
960034375
160950
1207125
112665
375550
563325
46943750
230024375
531135
73768750
154914375
258190625
243436875
7671950
8256735
509675
7645125
33128875
145257375
183992675
19448125
94128925
14780575
82
615
8200
249075
41000
15375
1025000
3459375
1281250
287
28700
71750
1793750
784765625
219734375
451
101475
12684375
69059375
372075
4340875
4797
359775
24984375
2331875
11659375
29315
6273
34850
174250
871250
8712500
24395
4791875
27183
181220
141578125
1558
7011
15580
292125
7303125
24343750
36515625
54530
272650
408975
3408125
596421875
42845
2356475
176735625
2278575
12658750
63293750
158234375
434195125
13243
66215
993225
41384375
81113375
200300375
150639125
3330225
18501250
27751875
185012500
138759375
310821
814055
508784375
1924130
12580850
18871275
2767787
345973375
81775525
2530971
1406095
351523750
13779731
77335225
943
212175
117875
1768125
5893750
14734375
20628125
570515
7661875
23598575
179170
391934375
17469075
340423
3404230
71148407
2378
3567
5945
802575
297250
10403750
204359375
15457
1159275
1932125
28981875
67624375
20213
37899375
27792875
22591
112955
1129550
6212525
183551875
32192175
268268125
118037975
27347
119643125
323259375
33618975
212920175
793063
1517
151700
10429375
52146875
6424495
123256250
7205750
90071875
55484275
435947875
3746990
753000875
10405103
1221185
43090385
43993
3299475
269457125
12098075
18697025
104483375
1275797
3362
5043
33620
25215
84050
630375
3151875
21012500
15759375
11767
73543750
10296125
18491
288921875
25425125
2143275
17860625
89303125
371501
13002535
63878
1596950
11977125
39923750
223573
195626375
307412875
415207
103801750
259504375
13574075
409617675
433891315
749448635
196009643
14885255
37696425
85445230
213613075
348933575
907227295
18280875
121872500
231557750
334369391
15550931
188024893
62197
38873125
2176895
51312525
561327925
426609223
250342925
1803713
586206725
52307677
236
531
590
2950
29500
44250
826
501795
30975
6969375
7743750
58078125
161328125
2891
505925
2529625
189721875
1298
12168750
4543
25554375
28393750
141968750
8031375
1749055
8745275
767
34515
19175
131828125
184559375
464035
870065625
1003
135405
31343750
2632875
6143375
165495
827475
1930775
337885625
2242
3363
11210
84075
280250
21018750
7847
122609375
12331
616550
77068750
115603125
2034615
254326875
423878125
593429375
14573
655785
455406250
666995
3334975
16674875
26203375
30967625
154838125
13625755
42598
63897
8626095
149093
362083
226301875
117676975
1214043
151755375
2832767
5260853
657606625
75675347
183195
2747925
1696250
12721875
212031250
318046875
671715
3358575
9329375
91427875
164197
15435875
5767250
8650875
360453125
807415
25783
2707215
4254195
19723995
17145695
208197725
76995
213875
1069375
35931
419195
2095975
18821
658735
46581975
646971875
29087
454484375
65018
97527
227563
19342855
15441775
151329395
39353
2951475
860846875
781353815
198476
148857
992380
694666
645047
16126175
35477585
843523
12652845
63264225
6599327
155555565
259259275
12255893
313840175
138089677
411986557
2183
491175
229215
2674175
66854375
360195
9004875
21011375
3547375
4638875
112260775
25923125
36292375
6843705
17627725
130030395
6276125
9790755
42928695
63307
316535
992337225
1835903
4838
7257
12095
120950
907125
16933
182936875
58963125
41123
619324475
781337
2619777
13098885
48682375
26427575
210453
43844375
219221875
491057
159593525
1192567
89442525
633112775
4068758
6103137
20343790
14240653
502491613
861466375
807764575
355416413
613901077
154392675
937006907
4958950
929803125
433908125
136371125
71607238
680268761
2876191
359523875
834095390
488
183
4575
122000
22875
152500
343125
762500
1143750
1906250
4765625
427
21350
53375
1334375
671
6710
167750
8806875
513734375
110715
369050
46131250
793
7930
321165
1037
10370
25925
1944375
4536875
1819935
84256250
2318
3477
115900
2173125
14487500
8113
405650
127490
15936250
597609375
2231075
17529875
3766750
18833750
706265625
2486055
725099375
19703
12314375
1280695
1101050
8257875
484462
1211155
286273
1431365
374357
3743570
4183990
18827955
20919950
2928793
7112783
35563915
177819575
2806
42090
147315
91195
911950
1073295
26657
1199565
6664250
1466135
916334375
216588125
5064830
7597245
316551875
9623177
14152
5307
2149335
88450
132675
3316875
82921875
1671705
309575
3033835
2626965
486475
22997
4059855
33611
508366375
37140155
10171750
635734375
447557
17291975
8208160
12825250
14107775
17442340
170062815
2257
22570
1128500
63478125
710955
9874375
15516875
387921875
440115
1726605
6330885
42883
214415
15480763
16871075
13237305
30887045
65453
654530
24544875
3599915
9490685
5002
7503
50020
75030
562725
2501000
46893750
17507
2188375
10941875
27511
275110
257915625
10591735
52958675
32513
531462500
95038
142557
475190
712785
11879750
296993750
11642155
2613545
26135450
91474075
457370375
718724875
222151325
2708583
9028610
790003375
9931471
49657355
85771795
857717950
120080513
57523
287615
179759375
18694975
5464685
3626450
18132250
507703
19945475
117859625
165003475
1232993
130914845
6310023
21033410
14723387
178783985
999086975
462685
77823617
205082
1538115
20508200
3588935
1127951
704969375
233280775
3896558
407190311
2358443
20815823
172473962
603658867
7198
10797
17995
47236875
236184375
176351
9897250
14845875
277123
7647875
34190500
83766725
37609550
888953
32480975
487214625
9094673
43457925
144859750
22763675
569091875
10016017
134512625
246261575
313113
23483475
36529850
63144455
12107036
75668975
765770027
133163
33290750
2530097
19308635
111990083
295118
284051075
815263475
490633675
593924975
64483283
29954477
98421853
12099838
158
237
790
3950
17775
39500
98750
3999375
553
2765
60484375
977625
14664375
5431250
40734375
760375
3801875
171084375
143385
2389750
11709775
415935
641875
401171875
11297
4236375
335750
20984375
14773
4062575
2356965
1501
1125750
8443125
28143750
328343750
2228985
3714975
2063875
30958125
257984375
577885
361178125
4878250
7317375
382755
15948125
160419375
89121875
4705635
23528175
54899075
1817
245295
99935
12491875
19487325
150583875
88551495
4582
6873
22910
114550
171825
572750
100231250
173256875
1940477
29783
121709375
22783995
652935
11970475
897785625
913891355
78569845
52693
164665625
362264375
85626125
3321950
21592675
1129463
73415095
220909675
347143775
1528097
129888245
14615
365375
447584375
60286875
49691
465853125
15272675
15828045
79140225
5042175
84767
10595875
476814375
36025975
1610573
153004435
61456075
6478
787077
32390
80975
5668250
556703125
126321
657921875
495567
13765750
68828750
5010733
15385250
384631250
53848375
3507837
496943575
288811913
377677117
9312125
968461
293534375
5166205
7232687
1221103
6105515
763189375
598810125
669258375
38135986
62651977
119843
822003137
434430875
265598
663995
929593
24833413
733714475
693874775
479404390
814987463
910868341
3054377
7702342
26958197
851108791
558419795
5243625
72828125
32627
12235125
3425835
5709725
51271
256355
11535975
26917275
672931875
2726685
79237
21790175
326852625
386280375
265677
22139750
619913
267890975
17269005
67747635
1682621
75717945
84131050
294458675
277632465
643218
26264735
6968195
45561275
270338
47309150
103404285
731940135
77722175
293992575
27439307
43118911
215594555
372390595
2586855
90539925
2241941
278518055
55013783
836066875
27327443
47201947
206962383
415644675
210593302
127464367
205051373
15670282
23505423
9638
14457
96380
15059375
33733
689117
81923
51201875
40551885
247817075
58574945
22890250
57225625
41660255
52189770
22615567
330535210
6096035
30480175
122474885
31588545
684418475
139751
1397510
7686305
320728545
890912625
653335925
154424855
39829035
504501110
16071365
401784125
182375055
93213917
178303
218421175
149952823
24697375
16794215
499282133
28648955
7310423
138898037
186316997
248780875
405157425
37814693
91835683
205279762
57717163
783304355
151543093
955887202
178
21627
24030
36045
8900
20025
44500
4505625
15018750
5562500
12515625
623
31150
77875
5840625
19468750
2937
44055
146850
367125
3059375
102795
239855
2692250
13461250
47114375
3471
34710
86775
867750
202475
12727
636350
1513
113475
1134750
14184375
476595
2912525
2746095
114420625
6407555
5408975
1691
76095
26421875
118370
177555
591850
887775
22194375
279015
5115275
269503125
321290
2409675
12048375
200806250
1124515
5622575
485951125
3052255
15261275
2047
34543125
172715625
1934415
18576525
1197495
748434375
347990
8699750
108746875
47848625
105266975
56548375
2916975
23141335
62812195
69687
8710875
3226250
361340
271005
903350
237129375
4426415
56782
283910
425865
6387975
88721875
33553
503295
1174355
146794375
9227075
877540
3290775
16453875
137115625
245195
1225975
61298750
643636875
4658705
1484075
2245470
7859145
91690025
102917375
514586875
144084325
9730370
48651850
608148125
53517035
82708145
9954917
43038175
3293
72034375
12101775
428090
642135
2354495
3078955
312835
120441475
398864625
65382515
710053125
12496935
45822095
123075875
95497
477485
35811375
226805375
1824500
6841875
689661
1915725
31290175
361251
6020850
5017375
2809730
2207645
17788875
118592500
592962500
889443750
207536875
652258750
62033
620330
207993
1386620
6933100
424652375
901303
247858325
1178627
88397025
131728900
724508950
856237850
275313401
425484347
83927
253879175
79730650
55811455
30297647
2857167
5291050
23809725
740747
859795625
217673797
182541225
9206427
138096405
767202250
21481663
67513798
39894517
104339506
641381081
1215117
23627275
87758450
438792250
11476105
57380525
299218
1346481
60591645
11220675
1047263
699422075
48323707
241618535
130159830
143175813
715879065
564025930
247303677
5251
98456250
147684375
344596875
341315
1339005
55791875
34367795
498845
24942250
187066875
436489375
710854125
27173925
166062875
6852555
95174375
10659530
15989295
559625325
16750690
293137075
92128795
841341475
506327675
159131555
332729615
30912637
8742915
20400135
53428925
111715025
156401035
5634323
215291
5382275
457493375
181059731
150057827
10858
244305
271450
2714500
950075
3990315
498789375
179157
74648750
2090165
705770
1058655
41993315
725884445
206302
3610285
838101875
39197380
734950875
25478297
499766595
832944325
31216750
652430075
3148820
7872050
196801250
295201875
1731851
20467330
30700995
71635655
562851575
29913790
3621143
18263156
13697367
136973670
479407845
890328855
86749991
125545625
11048015
65283725
91397215
577509875
556472500
834708750
1558123
183635925
14468285
31830227
927083185
208120715
5119547
25597735
12910162
19365243
71005891
355029455
367939617
27378447
456307450
760738625
296287675
761699558
7031
70310
13183125
6644295
8612975
4253755
191418975
15081495
1792905
32869925
493048875
124905715
317273875
808565
40428250
505353125
15362735
9175455
10194950
45877275
25487375
21409395
33643335
105359535
23349951
144135500
4900607
629872135
626989425
11819111
886433325
768242215
6222435
51853625
342233925
268056875
825615175
911393375
611169675
774148255
17584531
218
327
2180
21800
16350
218000
81750
613125
4087500
6131250
13625000
7630
34335
171675
5341
11990
269775
22481250
56203125
8393
419650
2098250
3147375
183596875
659450
989175
82431250
14170
70850
106275
708500
885625
1239875
15587
64296375
1853
8106875
79447375
124845875
23542365
6624475
33122375
2071
217455
362425
135909375
190273125
341715
1139050
8542875
19933375
269230
403845
4752945
880175
22004375
110021875
73779375
2164195
10820975
447594875
280361625
127097270
12535
62675
383884375
303347
189591875
32591
133184375
644612375
17195513
316100
11853750
110635
1106350
8297625
135527875
34771
1564695
18254775
760615625
1849185
3081975
10273250
287651
870144275
806055
29555350
900885
19519175
325219485
863348125
183338
916690
1375035
171879375
25208975
1558373
1741711
17417110
391884975
566056075
2108387
52709675
100825
504125
7561875
189046875
28231
17079755
1835015
3770855
10344645
1915675
2681945
7279565
181989125
289871875
219294375
1520441
22806615
8070033
18830077
3391753
118711355
322216535
8938
40221
4469000
8379375
31283
3128300
488796875
5474525
245795
174291
580970
1452425
759730
864192875
849110
2122775
53069375
38634505
11293163
214570097
102787
642418750
167028875
9764765
16200125
243001875
2980823
163945265
71410151
723419375
14055005
549687
916145
64130150
288585675
26201747
233616975
545106275
856595575
3481351
17406755
330728345
54785471
10627282
398523075
74574203
19293
64310
321550
2205833
47750175
309491875
1556302
58361325
3762135
2090075
94053375
20482735
919633
344862375
574770625
68329375
683293750
1202597
210454475
49743785
1832835
76368125
21383075
198557125
2321591
116079550
1035391
3254086
447436825
238879495
372998
559497
932495
23312375
1305493
97911975
359010575
107236925
519026717
37859297
24984435
124922175
196306275
143957935
20225495
13183550
5800762
362547625
159520955
37704953
49306477
125243725
115224227
129989803
243895675
107314097
75673577
594578105
410799418
616199127
399988907
13298
19947
3324500
561009375
18284750
511973
7679595
627166925
156883155
113033
55951335
257150075
126331
868525625
24634545
24002890
108013005
120014450
300036125
132015895
136816473
228027455
152927
78092505
13497470
2506673
626668250
137867015
180287635
4434883
110872075
22367236
39142663
72693517
531221855
33211755
2706143
107015655
545218
4089135
27260900
1908263
4634353
181284985
78238783
190008473
413547853
392291
205952775
833618375
798312185
80419655
273426827
659441171
48436875
161456250
242184375
807281250
3013850
52742375
284163
12787335
7104075
663047
812232575
651206875
111943
1119430
15112305
8395725
55411785
215490275
1610257
314000115
2454135
143157875
885942735
1386371
10892915
23964413
940751750
749157
303408585
312148750
468223125
3496066
12236231
343363625
4245223
782869065
74665981
955821
3504677
575085635
9239603
20123907
87203597
127451411
8120173
511923950
563116345
194531101
13062887
535578367
114311025
139713475
8636833
125488103
222017413
250468157
338868683
687390297
270790117
791540342
1050542
275767275
643456975
6828523
34142615
44648035
748511175
213785297
150752777
279969443
402882857
526846813
29103
97010
1309635
727575
7275750
10913625
545681250
3395350
84883750
213422
200083125
93372125
130720975
1173821
17607315
126113
15764125
154488425
5772095
28860475
453521750
99774785
117915655
152063175
2396147
131788085
52530915
262654575
963066775
227633965
1115615
474136375
402737015
28132900
21099675
105498375
351661250
1969303
49232575
4782593
71738895
668156375
6470567
122940773
24475623
407927050
106061033
358937
69992715
116654525
335606095
10409173
10739007
49717625
5170633
6761597
113356185
566780925
14716417
515074595
179381191
603373097
28617950
643903875
140227955
661074645
282172987
381763453
614141207
680534851
868268603
384644650
150899055
13610503
34322138
85805345
187762855
463659295
977133225
511174793
327243833
298
447
2980
4470
111750
22629375
113146875
116406250
582031250
873046875
1043
46935
521500
29334375
182525
1825250
114078125
8195
102437500
128046875
450725
2253625
78876875
1937
48425
67795
2663375
66584375
2533
25330
949875
265965
33245625
1393150
308709375
2831
127395
70775
707750
35387500
44234375
681209375
552045
537890
1882615
13716195
3065973
5109955
76649325
3855375
1199450
74965625
37697
6014385
14564750
2039065
24417375
8464690
16603815
8642
12963
43210
324075
27006250
30247
453705
1512350
47531
1188275
207948125
21064875
505016875
10262375
153935625
90719395
397769655
179386315
250618
2130253
31953795
372794275
187336955
5513
27565
275650
465159375
964775
22741125
37901875
189509375
25773275
523735
170213875
222587375
746322375
9509925
34869725
159877
899308125
440461135
54981
61090
22908750
42763
2138150
238251
103853
7788975
64908125
6750445
348213
14508875
797988125
7544615
147990525
125704893
293311417
712327727
270475975
11943095
531483
8858050
66435375
1240127
9743855
3011737
225880275
35963683
118166387
226033
734607250
500938
751407
1252345
93925875
469629375
757668725
407012125
61865843
288039350
36318005
123481217
26373
87910
439550
659325
4395500
43955000
61537
96701
3384535
84613375
423066875
118458725
571415
3736175
18680875
2505435
12527175
438451125
814266375
99382255
15867755
808772
27296055
5054825
631853125
834046125
509878
26768595
3314207
82855175
9687682
169534435
121975125
910809137
20904998
177692483
909367413
44333013
192109723
36356
27267
908900
9089000
426046875
636230
2226805
499895
4998950
124973750
312434375
87481625
2953925
14769625
147696250
738481250
20859255
38628250
10043345
172691
7771095
102751145
32811290
180462095
124682902
187024353
623414510
436390157
253992105
261308750
73166450
17768995
88844975
377329835
527162
790743
106750305
1845067
51398295
66685993
394053595
515300855
115184897
76438490
573288675
53506943
879042635
745298
1863245
65213575
316751650
8570927
140488673
248556883
626795618
30557218
106950263
886159322
565308533
26812550
29493805
209674141
31102558
46653837
108858953
295474301
373766947
11771
7356875
36784375
29133225
3825575
19127875
361193135
897479895
384028875
22188335
98994110
148491165
544467605
26543605
31369715
784242875
8204387
871112855
210901007
843804135
260433375
868111250
607677875
190984475
413220955
302102715
140981267
261822353
96934185
50262170
61032635
39783
397830
994575
6497890
291742
178691975
8022905
56359250
84538875
26455695
149915605
123526215
129626275
202826995
492579845
5768535
134599150
94219405
21151295
249969850
874894475
44225435
168056653
11152501
167287515
269861350
282127775
14229053
355726325
1631103
57088605
951476750
106021695
625256150
362648567
457252541
20116937
557293525
490418302
195599750
82151895
136919825
332519575
17995177
629831195
737802257
60669075
404460500
5662447
141561175
222453275
105159730
262899325
206274855
384237475
651181405
46917418
66331522
497486415
829144025
238631695
36666665
267142845
927142815
730845
1624100
2436150
8120500
213163125
139266575
1250557
156319625
1965161
211133
2111330
186365475
241584875
897315250
3085790
77144750
192861875
32400795
322465055
373543
46692875
941978
1412967
7064835
35324175
164846150
8948791
223719775
920783495
13658681
600917
23305835
14649382
11319977
189776085
442810865
38621098
96552745
328279333
191107847
354914573
627925783
9582190
43119855
137025317
244345845
418741703
83365053
472401967
78573958
74302575
6934907
21795422
54488555
589467095
833179541
284331187
934231043
57736755
16679507
416987675
327174945
37208131
47472443
547857653
5781796
20236286
47699817
158999390
397498475
111299573
281862555
939541850
54927062
41918021
588297743
118526818
170562982
596970437
570952355
799333297
