# C3a n=232015443660000 primes=[2, 3, 5, 7, 11, 13, 19, 29, 41] exps=[5, 3, 4, 1, 1, 1, 2, 1, 1]
2 1 0 0 0 0 0 0 0 0
3 0 1 0 0 0 0 0 0 0
7 0 0 0 1 0 0 0 0 0
11 0 0 0 0 1 0 0 0 0
13 0 0 0 0 0 1 0 0 0
20 2 0 1 0 0 0 0 0 0
30 1 1 1 0 0 0 0 0 0
38 1 0 0 0 0 0 1 0 0
57 0 1 0 0 0 0 1 0 0
58 1 0 0 0 0 0 0 1 0
82 1 0 0 0 0 0 0 0 1
87 0 1 0 0 0 0 0 1 0
110 1 0 1 0 1 0 0 0 0
133 0 0 0 1 0 0 1 0 0
150 1 1 2 0 0 0 0 0 0
200 3 0 2 0 0 0 0 0 0
203 0 0 0 1 0 0 0 1 0
247 0 0 0 0 0 1 1 0 0
287 0 0 0 1 0 0 0 0 1
377 0 0 0 0 0 1 0 1 0
380 2 0 1 0 0 0 1 0 0
451 0 0 0 0 1 0 0 0 1
455 0 0 1 1 0 1 0 0 0
551 0 0 0 0 0 0 1 1 0
570 1 1 1 0 0 0 1 0 0
615 0 1 1 0 0 0 0 0 1
650 1 0 2 0 0 1 0 0 0
675 0 3 2 0 0 0 0 0 0
870 1 1 1 0 0 0 0 1 0
1125 0 2 3 0 0 0 0 0 0
1250 1 0 4 0 0 0 0 0 0
1330 1 0 1 1 0 0 1 0 0
1500 2 1 3 0 0 0 0 0 0
1558 1 0 0 0 0 0 1 0 1
1575 0 2 2 1 0 0 0 0 0
1995 0 1 1 1 0 0 1 0 0
2000 4 0 3 0 0 0 0 0 0
2378 1 0 0 0 0 0 0 1 1
2750 1 0 3 0 1 0 0 0 0
2900 2 0 2 0 0 0 0 1 0
3500 2 0 3 1 0 0 0 0 0
3567 0 1 0 0 0 0 0 1 1
3800 3 0 2 0 0 0 1 0 0
3971 0 0 0 0 1 0 2 0 0
4275 0 2 2 0 0 0 1 0 0
4693 0 0 0 0 0 1 2 0 0
4797 0 2 0 0 0 1 0 0 1
5510 1 0 1 0 0 0 1 1 0
5775 0 1 2 1 1 0 0 0 0
5945 0 0 1 0 0 0 0 1 1
6435 0 2 1 0 1 1 0 0 0
6650 1 0 2 1 0 0 1 0 0
7011 0 2 0 0 0 0 1 0 1
7220 2 0 1 0 0 0 2 0 0
7250 1 0 3 0 0 0 0 1 0
7700 2 0 2 1 1 0 0 0 0
8200 3 0 2 0 0 0 0 0 1
8645 0 0 1 1 0 1 1 0 0
9500 2 0 3 0 0 0 1 0 0
9975 0 1 2 1 0 0 1 0 0
10395 0 3 1 1 1 0 0 0 0
11165 0 0 1 1 1 0 0 1 0
12635 0 0 1 1 0 0 2 0 0
15375 0 1 3 0 0 0 0 0 1
15457 0 0 0 0 0 1 0 1 1
15580 2 0 1 0 0 0 1 0 1
18050 1 0 2 0 0 0 2 0 0
19575 0 3 2 0 0 0 0 1 0
20900 2 0 2 0 1 0 1 0 0
21375 0 2 3 0 0 0 1 0 0
22591 0 0 0 0 0 0 1 1 1
23925 0 1 2 0 1 0 0 1 0
24375 0 1 4 0 0 1 0 0 0
27550 1 0 2 0 0 0 1 1 0
28215 0 3 1 0 1 0 1 0 0
28700 2 0 2 1 0 0 0 0 1
28875 0 1 3 1 1 0 0 0 0
29315 0 0 1 0 1 1 0 0 1
33250 1 0 3 1 0 0 1 0 0
39375 0 2 4 1 0 0 0 0 0
39710 1 0 1 0 1 0 2 0 0
39875 0 0 3 0 1 0 0 1 0
41000 3 0 3 0 0 0 0 0 1
42845 0 0 1 0 1 0 1 0 1
43225 0 0 2 1 0 1 1 0 0
49875 0 1 3 1 0 0 1 0 0
50895 0 3 1 0 0 1 0 1 0
52250 1 0 3 0 1 0 1 0 0
54530 1 0 1 1 0 0 1 0 1
61750 1 0 3 0 0 1 1 0 0
63175 0 0 2 1 0 0 2 0 0
65975 0 0 2 1 0 1 0 1 0
70395 0 1 1 0 0 1 2 0 0
71750 1 0 3 1 0 0 0 0 1
76125 0 1 3 1 0 0 0 1 0
78375 0 1 3 0 1 0 1 0 0
90250 1 0 3 0 0 0 2 0 0
101475 0 2 2 0 1 0 0 0 1
104690 1 0 1 0 0 0 2 1 0
112955 0 0 1 0 0 0 1 1 1
144375 0 1 4 1 1 0 0 0 0
185625 0 3 4 0 1 0 0 0 0
258115 0 0 1 0 1 1 2 0 0
261250 1 0 4 0 1 0 1 0 0
272650 1 0 2 1 0 0 1 0 1
289275 0 1 2 1 0 0 1 1 0
292125 0 1 3 0 0 0 1 0 1
297250 1 0 3 0 0 0 0 1 1
310821 0 1 0 1 0 0 2 0 1
315875 0 0 3 1 0 0 2 0 0
322335 0 2 1 0 0 1 1 1 0
329875 0 0 3 1 0 1 0 1 0
359775 0 3 2 0 0 1 0 0 1
393965 0 0 1 0 1 1 1 1 0
408975 0 1 2 1 0 0 1 0 1
537225 0 1 2 0 0 1 1 1 0
680485 0 0 1 0 0 1 2 1 0
802575 0 3 2 0 0 0 0 1 1
814055 0 0 1 0 1 0 2 0 1
1060675 0 0 2 1 1 0 1 1 0
1129550 1 0 2 0 0 0 1 1 1
1141875 0 2 4 1 0 0 0 1 0
1159275 0 1 2 0 0 1 0 1 1
1832075 0 0 2 1 0 0 2 1 0
1924130 1 0 1 0 0 1 2 0 1
1932125 0 0 3 0 0 1 0 1 1
2278575 0 2 2 0 0 1 1 0 1
2331875 0 0 4 1 0 1 0 0 1
3158750 1 0 4 1 0 0 2 0 0
3330225 0 2 2 0 0 0 2 0 1
3408125 0 0 4 1 0 0 1 0 1
4030565 0 0 1 1 1 0 2 1 0
4476875 0 0 4 0 0 1 1 1 0
6212525 0 0 2 0 1 0 1 1 1
9160375 0 0 3 1 0 0 2 1 0
10403750 1 0 4 1 0 0 0 1 1
12658750 1 0 4 0 0 1 1 0 1
18501250 1 0 4 0 0 0 2 0 1
27751875 0 1 4 0 0 0 2 0 1
28981875 0 1 4 0 0 1 0 1 1
32192175 0 1 2 0 0 0 2 1 1
45801875 0 0 4 1 0 0 2 1 0
52119375 0 1 4 1 1 0 2 0 0
67010625 0 3 4 0 1 0 2 0 0
67624375 0 0 4 1 0 1 0 1 1
118037975 0 0 2 0 1 0 2 1 1
183551875 0 0 4 0 0 1 1 1 1
268268125 0 0 4 0 0 0 2 1 1
