# C3b n=158756567324355000000 primes=[2, 3, 5, 7, 11, 13, 17, 19, 23, 29, 41] exps=[6, 3, 7, 2, 1, 1, 1, 2, 1, 1, 1]
2 1 0 0 0 0 0 0 0 0 0 0
3 0 1 0 0 0 0 0 0 0 0 0
7 0 0 0 1 0 0 0 0 0 0 0
11 0 0 0 0 1 0 0 0 0 0 0
13 0 0 0 0 0 1 0 0 0 0 0
17 0 0 0 0 0 0 1 0 0 0 0
20 2 0 1 0 0 0 0 0 0 0 0
23 0 0 0 0 0 0 0 0 1 0 0
30 1 1 1 0 0 0 0 0 0 0 0
38 1 0 0 0 0 0 0 1 0 0 0
57 0 1 0 0 0 0 0 1 0 0 0
58 1 0 0 0 0 0 0 0 0 1 0
82 1 0 0 0 0 0 0 0 0 0 1
87 0 1 0 0 0 0 0 0 0 1 0
110 1 0 1 0 1 0 0 0 0 0 0
133 0 0 0 1 0 0 0 1 0 0 0
150 1 1 2 0 0 0 0 0 0 0 0
200 3 0 2 0 0 0 0 0 0 0 0
203 0 0 0 1 0 0 0 0 0 1 0
245 0 0 1 2 0 0 0 0 0 0 0
247 0 0 0 0 0 1 0 1 0 0 0
287 0 0 0 1 0 0 0 0 0 0 1
323 0 0 0 0 0 0 1 1 0 0 0
377 0 0 0 0 0 1 0 0 0 1 0
380 2 0 1 0 0 0 0 1 0 0 0
437 0 0 0 0 0 0 0 1 1 0 0
451 0 0 0 0 1 0 0 0 0 0 1
455 0 0 1 1 0 1 0 0 0 0 0
493 0 0 0 0 0 0 1 0 0 1 0
551 0 0 0 0 0 0 0 1 0 1 0
570 1 1 1 0 0 0 0 1 0 0 0
615 0 1 1 0 0 0 0 0 0 0 1
650 1 0 2 0 0 1 0 0 0 0 0
675 0 3 2 0 0 0 0 0 0 0 0
870 1 1 1 0 0 0 0 0 0 1 0
943 0 0 0 0 0 0 0 0 1 0 1
1125 0 2 3 0 0 0 0 0 0 0 0
1190 1 0 1 1 0 0 1 0 0 0 0
1250 1 0 4 0 0 0 0 0 0 0 0
1330 1 0 1 1 0 0 0 1 0 0 0
1500 2 1 3 0 0 0 0 0 0 0 0
1558 1 0 0 0 0 0 0 1 0 0 1
1575 0 2 2 1 0 0 0 0 0 0 0
1610 1 0 1 1 0 0 0 0 1 0 0
1700 2 0 2 0 0 0 1 0 0 0 0
1995 0 1 1 1 0 0 0 1 0 0 0
2000 4 0 3 0 0 0 0 0 0 0 0
2300 2 0 2 0 0 0 0 0 1 0 0
2378 1 0 0 0 0 0 0 0 0 1 1
2450 1 0 2 2 0 0 0 0 0 0 0
2750 1 0 3 0 1 0 0 0 0 0 0
2900 2 0 2 0 0 0 0 0 0 1 0
2975 0 0 2 1 0 0 1 0 0 0 0
3335 0 0 1 0 0 0 0 0 1 1 0
3500 2 0 3 1 0 0 0 0 0 0 0
3567 0 1 0 0 0 0 0 0 0 1 1
3800 3 0 2 0 0 0 0 1 0 0 0
3971 0 0 0 0 1 0 0 2 0 0 0
4275 0 2 2 0 0 0 0 1 0 0 0
4693 0 0 0 0 0 1 0 2 0 0 0
4797 0 2 0 0 0 1 0 0 0 0 1
5510 1 0 1 0 0 0 0 1 0 1 0
5525 0 0 2 0 0 1 1 0 0 0 0
5775 0 1 2 1 1 0 0 0 0 0 0
5945 0 0 1 0 0 0 0 0 0 1 1
6273 0 2 0 0 0 0 1 0 0 0 1
6435 0 2 1 0 1 1 0 0 0 0 0
6650 1 0 2 1 0 0 0 1 0 0 0
7011 0 2 0 0 0 0 0 1 0 0 1
7220 2 0 1 0 0 0 0 2 0 0 0
7250 1 0 3 0 0 0 0 0 0 1 0
7700 2 0 2 1 1 0 0 0 0 0 0
8200 3 0 2 0 0 0 0 0 0 0 1
8415 0 2 1 0 1 0 1 0 0 0 0
8645 0 0 1 1 0 1 0 1 0 0 0
9500 2 0 3 0 0 0 0 1 0 0 0
9975 0 1 2 1 0 0 0 1 0 0 0
10395 0 3 1 1 1 0 0 0 0 0 0
10925 0 0 2 0 0 0 0 1 1 0 0
11165 0 0 1 1 1 0 0 0 0 1 0
11385 0 2 1 0 1 0 0 0 1 0 0
11500 2 0 3 0 0 0 0 0 1 0 0
12075 0 1 2 1 0 0 0 0 1 0 0
12155 0 0 1 0 1 1 1 0 0 0 0
12250 1 0 3 2 0 0 0 0 0 0 0
12635 0 0 1 1 0 0 0 2 0 0 0
12750 1 1 3 0 0 0 1 0 0 0 0
13243 0 0 0 0 0 0 1 1 0 0 1
13475 0 0 2 2 1 0 0 0 0 0 0
14375 0 0 4 0 0 0 0 0 1 0 0
15375 0 1 3 0 0 0 0 0 0 0 1
15457 0 0 0 0 0 1 0 0 0 1 1
15580 2 0 1 0 0 0 0 1 0 0 1
17255 0 0 1 1 0 0 1 0 0 1 0
18050 1 0 2 0 0 0 0 2 0 0 0
18375 0 1 3 2 0 0 0 0 0 0 0
19575 0 3 2 0 0 0 0 0 0 1 0
20213 0 0 0 0 0 0 1 0 0 1 1
20900 2 0 2 0 1 0 0 1 0 0 0
21375 0 2 3 0 0 0 0 1 0 0 0
22591 0 0 0 0 0 0 0 1 0 1 1
23925 0 1 2 0 1 0 0 0 0 1 0
24035 0 0 1 0 1 0 0 1 1 0 0
24375 0 1 4 0 0 1 0 0 0 0 0
24395 0 0 1 1 0 0 1 0 0 0 1
27115 0 0 1 0 1 0 1 0 0 1 0
27183 0 1 0 0 0 1 1 0 0 0 1
27347 0 0 0 0 0 0 0 0 1 1 1
27550 1 0 2 0 0 0 0 1 0 1 0
28175 0 0 2 2 0 0 0 0 1 0 0
28215 0 3 1 0 1 0 0 1 0 0 0
28700 2 0 2 1 0 0 0 0 0 0 1
28875 0 1 3 1 1 0 0 0 0 0 0
29315 0 0 1 0 1 1 0 0 0 0 1
29325 0 1 2 0 0 0 1 0 1 0 0
33250 1 0 3 1 0 0 0 1 0 0 0
33350 1 0 2 0 0 0 0 0 1 1 0
34850 1 0 2 0 0 0 1 0 0 0 1
39375 0 2 4 1 0 0 0 0 0 0 0
39710 1 0 1 0 1 0 0 2 0 0 0
39875 0 0 3 0 1 0 0 0 0 1 0
40250 1 0 3 1 0 0 0 0 1 0 0
40365 0 3 1 0 0 1 0 0 1 0 0
41000 3 0 3 0 0 0 0 0 0 0 1
41055 0 1 1 1 0 0 1 0 1 0 0
42845 0 0 1 0 1 0 0 1 0 0 1
43225 0 0 2 1 0 1 0 1 0 0 0
43750 1 0 5 1 0 0 0 0 0 0 0
46875 0 1 6 0 0 0 0 0 0 0 0
49875 0 1 3 1 0 0 0 1 0 0 0
50895 0 3 1 0 0 1 0 0 0 1 0
52250 1 0 3 0 1 0 0 1 0 0 0
54530 1 0 1 1 0 0 0 1 0 0 1
60375 0 1 3 1 0 0 0 0 1 0 0
61750 1 0 3 0 0 1 0 1 0 0 0
63175 0 0 2 1 0 0 0 2 0 0 0
65975 0 0 2 1 0 1 0 0 0 1 0
66215 0 0 1 0 0 0 1 1 0 0 1
70395 0 1 1 0 0 1 0 2 0 0 0
71750 1 0 3 1 0 0 0 0 0 0 1
76125 0 1 3 1 0 0 0 0 0 1 0
78125 0 0 7 0 0 0 0 0 0 0 0
78375 0 1 3 0 1 0 0 1 0 0 0
80750 1 0 3 0 0 0 1 1 0 0 0
83030 1 0 1 0 0 0 0 2 1 0 0
83375 0 0 3 0 0 0 0 0 1 1 0
90250 1 0 3 0 0 0 0 2 0 0 0
92055 0 1 1 0 0 0 1 2 0 0 0
94875 0 1 3 0 1 0 0 0 1 0 0
95625 0 2 4 0 0 0 1 0 0 0 0
97750 1 0 3 0 0 0 1 0 1 0 0
101475 0 2 2 0 1 0 0 0 0 0 1
104690 1 0 1 0 0 0 0 2 0 1 0
112955 0 0 1 0 0 0 0 1 0 1 1
117875 0 0 3 0 0 0 0 0 1 0 1
125000 3 0 6 0 0 0 0 0 0 0 0
144375 0 1 4 1 1 0 0 0 0 0 0
150535 0 0 1 1 1 0 1 0 1 0 0
162500 2 0 5 0 0 1 0 0 0 0 0
174250 1 0 3 0 0 0 1 0 0 0 1
177650 1 0 2 0 1 0 1 1 0 0 0
179170 1 0 1 0 0 0 0 1 1 0 1
181220 2 0 1 0 0 1 1 0 0 0 1
184875 0 1 3 0 0 0 1 0 0 1 0
185625 0 3 4 0 1 0 0 0 0 0 0
188955 0 2 1 0 0 1 1 1 0 0 0
212175 0 2 2 0 0 0 0 0 1 0 1
215050 1 0 2 0 1 0 1 0 1 0 0
243750 1 1 5 0 0 1 0 0 0 0 0
258115 0 0 1 0 1 1 0 2 0 0 0
261250 1 0 4 0 1 0 0 1 0 0 0
271875 0 1 5 0 0 0 0 0 0 1 0
272650 1 0 2 1 0 0 0 1 0 0 1
289275 0 1 2 1 0 0 0 1 0 1 0
292125 0 1 3 0 0 0 0 1 0 0 1
297250 1 0 3 0 0 0 0 0 0 1 1
310821 0 1 0 1 0 0 0 2 0 0 1
315875 0 0 3 1 0 0 0 2 0 0 0
318750 1 1 5 0 0 0 1 0 0 0 0
322335 0 2 1 0 0 1 0 1 0 1 0
329875 0 0 3 1 0 1 0 0 0 1 0
340423 0 0 0 0 0 0 0 2 1 0 1
359775 0 3 2 0 0 1 0 0 0 0 1
371875 0 0 5 1 0 0 1 0 0 0 0
393965 0 0 1 0 1 1 0 1 0 1 0
398905 0 0 1 0 0 1 1 2 0 0 0
406250 1 0 6 0 0 1 0 0 0 0 0
408975 0 1 2 1 0 0 0 1 0 0 1
431375 0 0 3 1 0 0 1 0 0 1 0
460275 0 1 2 0 0 0 1 2 0 0 0
482885 0 0 1 0 0 1 1 1 1 0 0
537225 0 1 2 0 0 1 0 1 0 1 0
539695 0 0 1 0 0 1 0 2 1 0 0
590625 0 3 5 1 0 0 0 0 0 0 0
605625 0 1 4 0 0 0 1 1 0 0 0
618750 1 2 5 0 1 0 0 0 0 0 0
674975 0 0 2 2 0 0 0 1 0 1 0
680485 0 0 1 0 0 1 0 2 0 1 0
802575 0 3 2 0 0 0 0 0 0 1 1
814055 0 0 1 0 1 0 0 2 0 0 1
871250 1 0 4 0 0 0 1 0 0 0 1
924375 0 1 4 0 0 0 1 0 0 1 0
928125 0 3 5 0 1 0 0 0 0 0 0
993225 0 1 2 0 0 0 1 1 0 0 1
1025000 3 0 5 0 0 0 0 0 0 0 1
1060675 0 0 2 1 1 0 0 1 0 1 0
1129550 1 0 2 0 0 0 0 1 0 1 1
1141875 0 2 4 1 0 0 0 0 0 1 0
1145375 0 0 3 2 1 0 1 0 0 0 0
1159275 0 1 2 0 0 1 0 0 0 1 1
1281250 1 0 6 0 0 0 0 0 0 0 1
1378125 0 2 5 2 0 0 0 0 0 0 0
1437500 2 0 6 0 0 0 0 0 1 0 0
1684375 0 0 5 2 1 0 0 0 0 0 0
1768125 0 1 4 0 0 0 0 0 1 0 1
1793750 1 0 5 1 0 0 0 0 0 0 1
1832075 0 0 2 1 0 0 0 2 0 1 0
1924130 1 0 1 0 0 1 0 2 0 0 1
1932125 0 0 3 0 0 1 0 0 0 1 1
2278575 0 2 2 0 0 1 0 1 0 0 1
2331875 0 0 4 1 0 1 0 0 0 0 1
2371875 0 1 5 0 1 0 0 0 1 0 0
2559375 0 2 5 1 0 1 0 0 0 0 0
2767787 0 0 0 0 1 0 1 2 0 0 1
3158750 1 0 4 1 0 0 0 2 0 0 0
3330225 0 2 2 0 0 0 0 2 0 0 1
3404230 1 0 1 0 0 0 0 2 1 0 1
3408125 0 0 4 1 0 0 0 1 0 0 1
3459375 0 3 5 0 0 0 0 0 0 0 1
3763375 0 0 3 1 1 0 1 0 1 0 0
3987500 2 0 5 0 1 0 0 0 0 1 0
4030565 0 0 1 1 1 0 0 2 0 1 0
4476875 0 0 4 0 0 1 0 1 0 1 0
4571875 0 0 5 1 1 0 0 1 0 0 0
4791875 0 0 4 0 1 0 1 0 0 0 1
5031250 1 0 6 1 0 0 0 0 1 0 0
5165625 0 1 5 0 0 0 0 1 0 1 0
5189375 0 0 4 0 0 0 0 2 1 0 0
5893750 1 0 5 0 0 0 0 0 1 0 1
6056250 1 1 5 0 0 0 1 1 0 0 0
6212525 0 0 2 0 1 0 0 1 0 1 1
6343750 1 0 6 1 0 0 0 0 0 1 0
6768750 1 1 5 0 0 0 0 2 0 0 0
7303125 0 1 5 0 0 0 0 1 0 0 1
7661875 0 0 4 0 0 1 0 0 1 0 1
8409375 0 2 5 0 0 1 0 0 1 0 0
8712500 2 0 5 0 0 0 1 0 0 0 1
9160375 0 0 3 1 0 0 0 2 0 1 0
9559375 0 0 5 1 0 0 0 1 1 0 0
9788515 0 0 1 0 1 0 1 2 0 1 0
9968750 1 0 6 0 1 0 0 0 0 1 0
10153125 0 2 5 0 0 0 0 2 0 0 0
10403750 1 0 4 1 0 0 0 0 0 1 1
10784375 0 0 5 1 0 0 1 0 0 1 0
11659375 0 0 5 1 0 1 0 0 0 0 1
12580850 1 0 2 0 0 0 1 2 0 0 1
12658750 1 0 4 0 0 1 0 1 0 0 1
12684375 0 2 5 0 1 0 0 0 0 0 1
14734375 0 0 6 0 0 0 0 0 1 0 1
15406250 1 0 6 0 0 0 1 0 0 1 0
16209375 0 1 5 1 0 1 0 1 0 0 0
17469075 0 1 2 0 0 1 0 1 1 0 1
17609375 0 0 6 2 0 0 0 0 1 0 0
18501250 1 0 4 0 0 0 0 2 0 0 1
18871275 0 1 2 0 0 0 1 2 0 0 1
20145125 0 0 3 2 1 1 0 0 1 0 0
20466895 0 0 1 0 0 0 1 2 1 1 0
20628125 0 0 5 1 0 0 0 0 1 0 1
23598575 0 0 2 1 1 1 0 0 1 0 1
24343750 1 0 6 0 0 0 0 1 0 0 1
24984375 0 1 6 0 0 1 0 0 0 0 1
27751875 0 1 4 0 0 0 0 2 0 0 1
27792875 0 0 3 0 1 0 1 0 0 1 1
28981875 0 1 4 0 0 1 0 0 0 1 1
29093750 1 0 6 2 0 0 0 1 0 0 0
32192175 0 1 2 0 0 0 0 2 0 1 1
33309375 0 1 5 0 1 0 1 1 0 0 0
35434375 0 0 5 0 0 0 1 0 1 1 0
36515625 0 1 6 0 0 0 0 1 0 0 1
37228125 0 1 5 0 1 0 0 2 0 0 0
37899375 0 1 4 0 0 0 1 0 0 1 1
38356250 1 0 5 0 0 0 1 2 0 0 0
39484375 0 0 6 1 0 0 0 2 0 0 0
41384375 0 0 5 0 0 0 1 1 0 0 1
42191875 0 0 4 0 1 0 1 2 0 0 0
44061875 0 0 4 0 1 1 1 0 0 1 0
44768750 1 0 5 0 0 1 0 1 0 1 0
45801875 0 0 4 1 0 0 0 2 0 1 0
47796875 0 0 6 1 0 0 0 1 1 0 0
52119375 0 1 4 1 1 0 0 2 0 0 0
57534375 0 1 5 0 0 0 1 2 0 0 0
63293750 1 0 5 0 0 1 0 1 0 0 1
67010625 0 3 4 0 1 0 0 2 0 0 0
67624375 0 0 4 1 0 1 0 0 0 1 1
69059375 0 0 5 2 1 0 0 0 0 0 1
81113375 0 0 3 2 0 0 1 1 0 0 1
81775525 0 0 2 0 0 1 1 2 0 0 1
83208125 0 0 4 2 1 1 0 1 0 0 0
84371875 0 0 5 2 0 0 0 1 0 1 0
118037975 0 0 2 0 1 0 0 2 0 1 1
119643125 0 0 4 1 0 0 0 0 1 1 1
132584375 0 0 5 1 1 0 0 1 0 1 0
134406250 1 0 6 0 1 0 1 0 1 0 0
138759375 0 1 5 0 0 0 0 2 0 0 1
141578125 0 0 6 0 0 1 1 0 0 0 1
146656250 1 0 6 0 0 1 0 2 0 0 0
150639125 0 0 3 1 0 1 1 1 0 0 1
158234375 0 0 6 0 0 1 0 1 0 0 1
183551875 0 0 4 0 0 1 0 1 0 1 1
185012500 2 0 5 0 0 0 0 2 0 0 1
204359375 0 0 6 0 1 0 0 0 0 1 1
268268125 0 0 4 0 0 0 0 2 0 1 1
345973375 0 0 3 0 1 0 1 2 0 0 1
391934375 0 0 5 1 0 0 0 1 1 0 1
459265625 0 0 6 1 0 1 1 1 0 0 0
508784375 0 0 5 0 1 0 0 2 0 0 1
596421875 0 0 6 2 0 0 0 1 0 0 1
688111125 0 1 3 0 0 1 1 2 1 0 0
