# C3c n=2806591795202795452602750000000 primes=[2, 3, 5, 7, 11, 13, 17, 19, 23, 29, 37, 41, 47] exps=[7, 5, 9, 2, 1, 1, 1, 3, 1, 2, 1, 2, 1]
2 1 0 0 0 0 0 0 0 0 0 0 0 0
3 0 1 0 0 0 0 0 0 0 0 0 0 0
7 0 0 0 1 0 0 0 0 0 0 0 0 0
11 0 0 0 0 1 0 0 0 0 0 0 0 0
13 0 0 0 0 0 1 0 0 0 0 0 0 0
17 0 0 0 0 0 0 1 0 0 0 0 0 0
20 2 0 1 0 0 0 0 0 0 0 0 0 0
23 0 0 0 0 0 0 0 0 1 0 0 0 0
30 1 1 1 0 0 0 0 0 0 0 0 0 0
37 0 0 0 0 0 0 0 0 0 0 1 0 0
38 1 0 0 0 0 0 0 1 0 0 0 0 0
47 0 0 0 0 0 0 0 0 0 0 0 0 1
57 0 1 0 0 0 0 0 1 0 0 0 0 0
58 1 0 0 0 0 0 0 0 0 1 0 0 0
82 1 0 0 0 0 0 0 0 0 0 0 1 0
87 0 1 0 0 0 0 0 0 0 1 0 0 0
110 1 0 1 0 1 0 0 0 0 0 0 0 0
133 0 0 0 1 0 0 0 1 0 0 0 0 0
150 1 1 2 0 0 0 0 0 0 0 0 0 0
200 3 0 2 0 0 0 0 0 0 0 0 0 0
203 0 0 0 1 0 0 0 0 0 1 0 0 0
245 0 0 1 2 0 0 0 0 0 0 0 0 0
247 0 0 0 0 0 1 0 1 0 0 0 0 0
287 0 0 0 1 0 0 0 0 0 0 0 1 0
323 0 0 0 0 0 0 1 1 0 0 0 0 0
370 1 0 1 0 0 0 0 0 0 0 1 0 0
377 0 0 0 0 0 1 0 0 0 1 0 0 0
380 2 0 1 0 0 0 0 1 0 0 0 0 0
437 0 0 0 0 0 0 0 1 1 0 0 0 0
451 0 0 0 0 1 0 0 0 0 0 0 1 0
455 0 0 1 1 0 1 0 0 0 0 0 0 0
493 0 0 0 0 0 0 1 0 0 1 0 0 0
551 0 0 0 0 0 0 0 1 0 1 0 0 0
570 1 1 1 0 0 0 0 1 0 0 0 0 0
615 0 1 1 0 0 0 0 0 0 0 0 1 0
650 1 0 2 0 0 1 0 0 0 0 0 0 0
675 0 3 2 0 0 0 0 0 0 0 0 0 0
703 0 0 0 0 0 0 0 1 0 0 1 0 0
870 1 1 1 0 0 0 0 0 0 1 0 0 0
893 0 0 0 0 0 0 0 1 0 0 0 0 1
943 0 0 0 0 0 0 0 0 1 0 0 1 0
1125 0 2 3 0 0 0 0 0 0 0 0 0 0
1190 1 0 1 1 0 0 1 0 0 0 0 0 0
1250 1 0 4 0 0 0 0 0 0 0 0 0 0
1330 1 0 1 1 0 0 0 1 0 0 0 0 0
1363 0 0 0 0 0 0 0 0 0 1 0 0 1
1500 2 1 3 0 0 0 0 0 0 0 0 0 0
1517 0 0 0 0 0 0 0 0 0 0 1 1 0
1558 1 0 0 0 0 0 0 1 0 0 0 1 0
1575 0 2 2 1 0 0 0 0 0 0 0 0 0
1610 1 0 1 1 0 0 0 0 1 0 0 0 0
1700 2 0 2 0 0 0 1 0 0 0 0 0 0
1995 0 1 1 1 0 0 0 1 0 0 0 0 0
2000 4 0 3 0 0 0 0 0 0 0 0 0 0
2300 2 0 2 0 0 0 0 0 1 0 0 0 0
2378 1 0 0 0 0 0 0 0 0 1 0 1 0
2450 1 0 2 2 0 0 0 0 0 0 0 0 0
2523 0 1 0 0 0 0 0 0 0 2 0 0 0
2750 1 0 3 0 1 0 0 0 0 0 0 0 0
2900 2 0 2 0 0 0 0 0 0 1 0 0 0
2975 0 0 2 1 0 0 1 0 0 0 0 0 0
3335 0 0 1 0 0 0 0 0 1 1 0 0 0
3362 1 0 0 0 0 0 0 0 0 0 0 2 0
3500 2 0 3 1 0 0 0 0 0 0 0 0 0
3567 0 1 0 0 0 0 0 0 0 1 0 1 0
3800 3 0 2 0 0 0 0 1 0 0 0 0 0
3971 0 0 0 0 1 0 0 2 0 0 0 0 0
4275 0 2 2 0 0 0 0 1 0 0 0 0 0
4693 0 0 0 0 0 1 0 2 0 0 0 0 0
4797 0 2 0 0 0 1 0 0 0 0 0 1 0
5043 0 1 0 0 0 0 0 0 0 0 0 2 0
5510 1 0 1 0 0 0 0 1 0 1 0 0 0
5525 0 0 2 0 0 1 1 0 0 0 0 0 0
5775 0 1 2 1 1 0 0 0 0 0 0 0 0
5781 0 1 0 0 0 0 0 0 0 0 0 1 1
5945 0 0 1 0 0 0 0 0 0 1 0 1 0
6273 0 2 0 0 0 0 1 0 0 0 0 1 0
6435 0 2 1 0 1 1 0 0 0 0 0 0 0
6650 1 0 2 1 0 0 0 1 0 0 0 0 0
6885 0 4 1 0 0 0 1 0 0 0 0 0 0
7011 0 2 0 0 0 0 0 1 0 0 0 1 0
7215 0 1 1 0 0 1 0 0 0 0 1 0 0
7220 2 0 1 0 0 0 0 2 0 0 0 0 0
7250 1 0 3 0 0 0 0 0 0 1 0 0 0
7695 0 4 1 0 0 0 0 1 0 0 0 0 0
7700 2 0 2 1 1 0 0 0 0 0 0 0 0
8200 3 0 2 0 0 0 0 0 0 0 0 1 0
8415 0 2 1 0 1 0 1 0 0 0 0 0 0
8645 0 0 1 1 0 1 0 1 0 0 0 0 0
8930 1 0 1 0 0 0 0 1 0 0 0 0 1
9250 1 0 3 0 0 0 0 0 0 0 1 0 0
9251 0 0 0 0 1 0 0 0 0 2 0 0 0
9500 2 0 3 0 0 0 0 1 0 0 0 0 0
9975 0 1 2 1 0 0 0 1 0 0 0 0 0
10395 0 3 1 1 1 0 0 0 0 0 0 0 0
10925 0 0 2 0 0 0 0 1 1 0 0 0 0
10933 0 0 0 0 0 1 0 0 0 2 0 0 0
11165 0 0 1 1 1 0 0 0 0 1 0 0 0
11385 0 2 1 0 1 0 0 0 1 0 0 0 0
11500 2 0 3 0 0 0 0 0 1 0 0 0 0
11655 0 2 1 1 0 0 0 0 0 0 1 0 0
11767 0 0 0 1 0 0 0 0 0 0 0 2 0
12075 0 1 2 1 0 0 0 0 1 0 0 0 0
12155 0 0 1 0 1 1 1 0 0 0 0 0 0
12250 1 0 3 2 0 0 0 0 0 0 0 0 0
12635 0 0 1 1 0 0 0 2 0 0 0 0 0
12750 1 1 3 0 0 0 1 0 0 0 0 0 0
13243 0 0 0 0 0 0 1 1 0 0 0 1 0
13357 0 0 0 0 0 0 0 2 0 0 1 0 0
13475 0 0 2 2 1 0 0 0 0 0 0 0 0
13718 1 0 0 0 0 0 0 3 0 0 0 0 0
14297 0 0 0 0 0 0 1 0 0 2 0 0 0
14375 0 0 4 0 0 0 0 0 1 0 0 0 0
15375 0 1 3 0 0 0 0 0 0 0 0 1 0
15457 0 0 0 0 0 1 0 0 0 1 0 1 0
15580 2 0 1 0 0 0 0 1 0 0 0 1 0
15725 0 0 2 0 0 0 1 0 0 0 1 0 0
17255 0 0 1 1 0 0 1 0 0 1 0 0 0
17625 0 1 3 0 0 0 0 0 0 0 0 0 1
18050 1 0 2 0 0 0 0 2 0 0 0 0 0
18315 0 2 1 0 1 0 0 0 0 0 1 0 0
18375 0 1 3 2 0 0 0 0 0 0 0 0 0
18491 0 0 0 0 1 0 0 0 0 0 0 2 0
19270 1 0 1 0 0 0 0 0 0 0 0 1 1
19343 0 0 0 0 0 0 0 0 1 2 0 0 0
19575 0 3 2 0 0 0 0 0 0 1 0 0 0
20213 0 0 0 0 0 0 1 0 0 1 0 1 0
20577 0 1 0 0 0 0 0 3 0 0 0 0 0
20900 2 0 2 0 1 0 0 1 0 0 0 0 0
21375 0 2 3 0 0 0 0 1 0 0 0 0 0
22591 0 0 0 0 0 0 0 1 0 1 0 1 0
23925 0 1 2 0 1 0 0 0 0 1 0 0 0
24035 0 0 1 0 1 0 0 1 1 0 0 0 0
24375 0 1 4 0 0 1 0 0 0 0 0 0 0
24395 0 0 1 1 0 0 1 0 0 0 0 1 0
24605 0 0 1 1 0 0 0 1 0 0 1 0 0
25215 0 1 1 0 0 0 0 0 0 0 0 2 0
25230 1 1 1 0 0 0 0 0 0 2 0 0 0
25900 2 0 2 1 0 0 0 0 0 0 1 0 0
27115 0 0 1 0 1 0 1 0 0 1 0 0 0
27183 0 1 0 0 0 1 1 0 0 0 0 1 0
27347 0 0 0 0 0 0 0 0 1 1 0 1 0
27550 1 0 2 0 0 0 0 1 0 1 0 0 0
28175 0 0 2 2 0 0 0 0 1 0 0 0 0
28215 0 3 1 0 1 0 0 1 0 0 0 0 0
28700 2 0 2 1 0 0 0 0 0 0 0 1 0
28875 0 1 3 1 1 0 0 0 0 0 0 0 0
29315 0 0 1 0 1 1 0 0 0 0 0 1 0
29325 0 1 2 0 0 0 1 0 1 0 0 0 0
29435 0 0 1 1 0 0 0 0 0 2 0 0 0
32375 0 0 3 1 0 0 0 0 0 0 1 0 0
33250 1 0 3 1 0 0 0 1 0 0 0 0 0
33350 1 0 2 0 0 0 0 0 1 1 0 0 0
33620 2 0 1 0 0 0 0 0 0 0 0 2 0
34850 1 0 2 0 0 0 1 0 0 0 0 1 0
36613 0 0 0 0 0 0 0 1 0 0 0 1 1
37845 0 2 1 0 0 0 0 0 0 2 0 0 0
39375 0 2 4 1 0 0 0 0 0 0 0 0 0
39527 0 0 0 0 0 0 0 0 0 2 0 0 1
39710 1 0 1 0 1 0 0 2 0 0 0 0 0
39875 0 0 3 0 1 0 0 0 0 1 0 0 0
40250 1 0 3 1 0 0 0 0 1 0 0 0 0
40365 0 3 1 0 0 1 0 0 1 0 0 0 0
41000 3 0 3 0 0 0 0 0 0 0 0 1 0
41055 0 1 1 1 0 0 1 0 1 0 0 0 0
42050 1 0 2 0 0 0 0 0 0 2 0 0 0
42845 0 0 1 0 1 0 0 1 0 0 0 1 0
43225 0 0 2 1 0 1 0 1 0 0 0 0 0
43750 1 0 5 1 0 0 0 0 0 0 0 0 0
43993 0 0 0 0 0 0 0 0 0 1 1 1 0
46875 0 1 6 0 0 0 0 0 0 0 0 0 0
48645 0 2 1 0 0 0 0 0 1 0 0 0 1
49875 0 1 3 1 0 0 0 1 0 0 0 0 0
50895 0 3 1 0 0 1 0 0 0 1 0 0 0
51700 2 0 2 0 1 0 0 0 0 0 0 0 1
52250 1 0 3 0 1 0 0 1 0 0 0 0 0
54050 1 0 2 0 0 0 0 0 1 0 0 0 1
54530 1 0 1 1 0 0 0 1 0 0 0 1 0
60375 0 1 3 1 0 0 0 0 1 0 0 0 0
61750 1 0 3 0 0 1 0 1 0 0 0 0 0
62197 0 0 0 0 0 0 0 0 0 0 1 2 0
63175 0 0 2 1 0 0 0 2 0 0 0 0 0
63825 0 1 2 0 0 0 0 0 1 0 1 0 0
63878 1 0 0 0 0 0 0 1 0 0 0 2 0
65975 0 0 2 1 0 1 0 0 0 1 0 0 0
66215 0 0 1 0 0 0 1 1 0 0 0 1 0
68150 1 0 2 0 0 0 0 0 0 1 0 0 1
70395 0 1 1 0 0 1 0 2 0 0 0 0 0
71750 1 0 3 1 0 0 0 0 0 0 0 1 0
76125 0 1 3 1 0 0 0 0 0 1 0 0 0
78125 0 0 7 0 0 0 0 0 0 0 0 0 0
78375 0 1 3 0 1 0 0 1 0 0 0 0 0
80750 1 0 3 0 0 0 1 1 0 0 0 0 0
81075 0 1 2 0 0 0 0 0 1 0 0 0 1
83030 1 0 1 0 0 0 0 2 1 0 0 0 0
83375 0 0 3 0 0 0 0 0 1 1 0 0 0
83895 0 1 1 1 0 0 1 0 0 0 0 0 1
84050 1 0 2 0 0 0 0 0 0 0 0 2 0
89167 0 0 0 0 0 1 0 3 0 0 0 0 0
90250 1 0 3 0 0 0 0 2 0 0 0 0 0
92055 0 1 1 0 0 0 1 2 0 0 0 0 0
92510 1 0 1 0 1 0 0 0 0 2 0 0 0
94875 0 1 3 0 1 0 0 0 1 0 0 0 0
95625 0 2 4 0 0 0 1 0 0 0 0 0 0
96350 1 0 2 0 0 0 0 0 0 0 0 1 1
97750 1 0 3 0 0 0 1 0 1 0 0 0 0
99875 0 0 3 0 0 0 1 0 0 0 0 0 1
101475 0 2 2 0 1 0 0 0 0 0 0 1 0
102695 0 0 1 0 0 0 0 1 1 0 0 0 1
104690 1 0 1 0 0 0 0 2 0 1 0 0 0
105125 0 0 3 0 0 0 0 0 0 2 0 0 0
106375 0 0 3 0 0 0 0 0 1 0 1 0 0
106925 0 0 2 1 0 1 0 0 0 0 0 0 1
112665 0 1 1 1 0 0 0 0 0 1 1 0 0
112955 0 0 1 0 0 0 0 1 0 1 0 1 0
115855 0 0 1 0 0 0 1 0 0 1 0 0 1
116325 0 2 2 0 1 0 0 0 0 0 0 0 1
117875 0 0 3 0 0 0 0 0 1 0 0 1 0
125000 3 0 6 0 0 0 0 0 0 0 0 0 0
137180 2 0 1 0 0 0 0 3 0 0 0 0 0
140415 0 1 1 0 1 0 0 0 1 0 1 0 0
142970 1 0 1 0 0 0 1 0 0 2 0 0 0
144375 0 1 4 1 1 0 0 0 0 0 0 0 0
146205 0 4 1 0 0 0 0 2 0 0 0 0 0
147815 0 0 1 0 0 0 1 0 0 0 1 0 1
148925 0 0 2 1 0 0 0 0 1 0 1 0 0
150535 0 0 1 1 1 0 1 0 1 0 0 0 0
151700 2 0 2 0 0 0 0 0 0 0 1 1 0
151875 0 5 4 0 0 0 0 0 0 0 0 0 0
152750 1 0 3 0 0 1 0 0 0 0 0 0 1
160950 1 1 2 0 0 0 0 0 0 1 1 0 0
162500 2 0 5 0 0 1 0 0 0 0 0 0 0
168025 0 0 2 0 1 1 0 0 0 0 0 0 1
169670 1 0 1 0 0 0 0 2 0 0 0 0 1
173900 2 0 2 0 0 0 0 0 0 0 1 0 1
174250 1 0 3 0 0 0 1 0 0 0 0 1 0
177190 1 0 1 0 0 1 0 0 0 1 0 0 1
177650 1 0 2 0 1 0 1 1 0 0 0 0 0
179170 1 0 1 0 0 0 0 1 1 0 0 1 0
179775 0 2 2 0 0 0 1 0 0 0 0 0 1
180375 0 1 3 0 0 1 0 0 0 0 1 0 0
180950 1 0 2 1 1 0 0 0 0 0 0 0 1
181220 2 0 1 0 0 1 1 0 0 0 0 1 0
184875 0 1 3 0 0 0 1 0 0 1 0 0 0
185625 0 3 4 0 1 0 0 0 0 0 0 0 0
188955 0 2 1 0 0 1 1 1 0 0 0 0 0
197635 0 0 1 0 0 0 0 0 0 2 0 0 1
198911 0 0 0 0 0 0 0 3 0 1 0 0 0
200355 0 1 1 0 0 0 0 2 0 0 1 0 0
212175 0 2 2 0 0 0 0 0 1 0 0 1 0
215050 1 0 2 0 1 0 1 0 1 0 0 0 0
223250 1 0 3 0 0 0 0 1 0 0 0 0 1
223573 0 0 0 1 0 0 0 1 0 0 0 2 0
227715 0 1 1 0 0 0 1 1 0 0 0 0 1
242535 0 1 1 0 0 0 0 1 1 0 1 0 0
243750 1 1 5 0 0 1 0 0 0 0 0 0 0
249075 0 5 2 0 0 0 0 0 0 0 0 1 0
258115 0 0 1 0 1 1 0 2 0 0 0 0 0
261250 1 0 4 0 1 0 0 1 0 0 0 0 0
271875 0 1 5 0 0 0 0 0 0 1 0 0 0
272650 1 0 2 1 0 0 0 1 0 0 0 1 0
286935 0 1 1 0 1 0 0 0 0 0 1 0 1
289275 0 1 2 1 0 0 0 1 0 1 0 0 0
292125 0 1 3 0 0 0 0 1 0 0 0 1 0
297250 1 0 3 0 0 0 0 0 0 1 0 1 0
304325 0 0 2 1 0 0 0 0 0 0 1 0 1
310821 0 1 0 1 0 0 0 2 0 0 0 1 0
315875 0 0 3 1 0 0 0 2 0 0 0 0 0
318750 1 1 5 0 0 0 1 0 0 0 0 0 0
322335 0 2 1 0 0 1 0 1 0 1 0 0 0
329875 0 0 3 1 0 1 0 0 0 1 0 0 0
340423 0 0 0 0 0 0 0 2 1 0 0 1 0
342950 1 0 2 0 0 0 0 3 0 0 0 0 0
356495 0 0 1 0 0 0 0 0 0 0 1 1 1
359775 0 3 2 0 0 1 0 0 0 0 0 1 0
371501 0 0 0 0 0 1 1 0 0 0 0 2 0
371875 0 0 5 1 0 0 1 0 0 0 0 0 0
375550 1 0 2 1 0 0 0 0 0 1 1 0 0
386650 1 0 2 0 1 0 0 1 0 0 1 0 0
388455 0 1 1 0 0 0 0 1 0 1 0 0 1
393125 0 0 4 0 0 0 1 0 0 0 1 0 0
393965 0 0 1 0 1 1 0 1 0 1 0 0 0
396825 0 1 2 0 1 1 0 0 0 0 1 0 0
398905 0 0 1 0 0 1 1 2 0 0 0 0 0
406250 1 0 6 0 0 1 0 0 0 0 0 0 0
408975 0 1 2 1 0 0 0 1 0 0 0 1 0
415207 0 0 0 0 0 1 0 1 0 0 0 2 0
431375 0 0 3 1 0 0 1 0 0 1 0 0 0
433575 0 2 2 0 0 0 0 0 0 0 0 1 1
460275 0 1 2 0 0 0 1 2 0 0 0 0 0
482885 0 0 1 0 0 1 1 1 1 0 0 0 0
509675 0 0 2 0 0 0 0 1 0 1 1 0 0
531135 0 2 1 0 1 0 0 0 0 1 1 0 0
537225 0 1 2 0 0 1 0 1 0 1 0 0 0
539695 0 0 1 0 0 1 0 2 1 0 0 0 0
563325 0 1 2 1 0 0 0 0 0 1 1 0 0
589225 0 0 2 2 0 1 0 0 0 0 1 0 0
590625 0 3 5 1 0 0 0 0 0 0 0 0 0
605625 0 1 4 0 0 0 1 1 0 0 0 0 0
615125 0 0 3 1 0 0 0 1 0 0 1 0 0
618750 1 2 5 0 1 0 0 0 0 0 0 0 0
630375 0 1 3 0 0 0 0 0 0 0 0 2 0
638495 0 0 1 0 1 1 0 1 0 0 0 0 1
659175 0 1 2 0 1 0 1 0 0 0 0 0 1
674975 0 0 2 2 0 0 0 1 0 1 0 0 0
680485 0 0 1 0 0 1 0 2 0 1 0 0 0
772915 0 0 1 0 1 1 0 0 1 0 0 0 1
783725 0 0 2 0 0 0 0 0 1 1 0 0 1
790070 1 0 1 0 0 0 0 0 0 0 0 2 1
793063 0 0 0 0 0 0 0 0 1 2 0 1 0
802575 0 3 2 0 0 0 0 0 0 1 0 1 0
814055 0 0 1 0 1 0 0 2 0 0 0 1 0
870675 0 1 2 0 0 1 0 1 0 0 0 0 1
871250 1 0 4 0 0 0 1 0 0 0 0 1 0
878845 0 0 1 0 1 0 0 1 0 2 0 0 0
906395 0 0 1 1 0 0 0 1 0 1 0 0 1
924375 0 1 4 0 0 0 1 0 0 1 0 0 0
925925 0 0 2 1 1 1 0 0 0 0 1 0 0
928125 0 3 5 0 1 0 0 0 0 0 0 0 0
993225 0 1 2 0 0 0 1 1 0 0 0 1 0
1011675 0 1 2 1 0 0 0 0 0 0 0 1 1
1025000 3 0 5 0 0 0 0 0 0 0 0 1 0
1060675 0 0 2 1 1 0 0 1 0 1 0 0 0
1108025 0 0 2 0 0 0 0 0 1 0 0 1 1
1129550 1 0 2 0 0 0 0 1 0 1 0 1 0
1138575 0 1 2 0 0 0 1 1 0 0 0 0 1
1141875 0 2 4 1 0 0 0 0 0 1 0 0 0
1145375 0 0 3 2 1 0 1 0 0 0 0 0 0
1156250 1 0 6 0 0 0 0 0 0 0 1 0 0
1159275 0 1 2 0 0 1 0 0 0 1 0 1 0
1166030 1 0 1 0 0 0 1 3 0 0 0 0 0
1207125 0 2 3 0 0 0 0 0 0 1 1 0 0
1221185 0 0 1 1 0 0 0 0 1 0 1 1 0
1248555 0 1 1 1 1 0 0 0 1 0 0 0 1
1272525 0 1 2 0 0 0 0 2 0 0 0 0 1
1275797 0 0 0 0 0 0 0 0 0 2 1 1 0
1281250 1 0 6 0 0 0 0 0 0 0 0 1 0
1281455 0 0 1 1 0 0 0 1 0 0 0 1 1
1378125 0 2 5 2 0 0 0 0 0 0 0 0 0
1399895 0 0 1 1 0 0 0 0 1 0 1 0 1
1406095 0 0 1 0 0 0 0 3 0 0 0 1 0
1437500 2 0 6 0 0 0 0 0 1 0 0 0 0
1450725 0 1 2 0 0 0 0 0 1 2 0 0 0
1468125 0 4 4 0 0 0 0 0 0 1 0 0 0
1486375 0 0 3 0 1 0 0 0 1 0 0 0 1
1498125 0 1 4 0 0 0 1 0 0 0 0 0 1
1576875 0 1 4 0 0 0 0 0 0 2 0 0 0
1596950 1 0 2 0 0 0 0 1 0 0 0 2 0
1652050 1 0 2 0 0 0 0 1 0 0 1 0 1
1656045 0 5 1 0 0 0 0 0 0 1 0 0 1
1684375 0 0 5 2 1 0 0 0 0 0 0 0 0
1768125 0 1 4 0 0 0 0 0 1 0 0 1 0
1793750 1 0 5 1 0 0 0 0 0 0 0 1 0
1803713 0 0 0 0 0 0 0 0 0 1 1 2 0
1832075 0 0 2 1 0 0 0 2 0 1 0 0 0
1924130 1 0 1 0 0 1 0 2 0 0 0 1 0
1932125 0 0 3 0 0 1 0 0 0 1 0 1 0
1942275 0 1 2 0 0 0 0 1 0 1 0 0 1
1953045 0 3 1 0 0 0 1 0 1 0 1 0 0
2104375 0 0 4 1 0 1 0 0 0 0 1 0 0
2143275 0 1 2 0 0 0 1 0 0 0 0 2 0
2176895 0 0 1 1 0 0 0 0 0 0 1 2 0
2278575 0 2 2 0 0 1 0 1 0 0 0 1 0
2291203 0 0 0 0 0 0 0 0 0 1 0 2 1
2331875 0 0 4 1 0 1 0 0 0 0 0 1 0
2371875 0 1 5 0 1 0 0 0 1 0 0 0 0
2379375 0 4 4 0 0 0 0 0 0 0 0 0 1
2389010 1 0 1 0 0 1 1 0 1 0 0 0 1
2460215 0 0 1 0 0 0 0 2 0 1 0 0 1
2496875 0 0 5 0 0 0 1 0 0 0 0 0 1
2501975 0 0 2 1 0 0 1 0 0 2 0 0 0
2530971 0 2 0 0 0 0 0 3 0 0 0 1 0
2559375 0 2 5 1 0 1 0 0 0 0 0 0 0
2572125 0 1 3 0 0 0 0 3 0 0 0 0 0
2623775 0 0 2 1 1 0 0 0 0 1 0 0 1
2767787 0 0 0 0 1 0 1 2 0 0 0 1 0
2799555 0 1 1 0 1 0 0 2 0 0 0 0 1
3151875 0 1 4 0 0 0 0 0 0 0 0 2 0
3158750 1 0 4 1 0 0 0 2 0 0 0 0 0
3216825 0 2 2 0 0 0 1 0 0 2 0 0 0
3260625 0 1 4 0 0 0 0 0 0 0 1 0 1
3299475 0 1 2 0 0 0 0 0 0 1 1 1 0
3330225 0 2 2 0 0 0 0 2 0 0 0 1 0
3404230 1 0 1 0 0 0 0 2 1 0 0 1 0
3408125 0 0 4 1 0 0 0 1 0 0 0 1 0
3427125 0 1 3 0 0 1 0 1 0 0 1 0 0
3459375 0 3 5 0 0 0 0 0 0 0 0 1 0
3595275 0 2 2 0 0 0 0 1 0 2 0 0 0
3746990 1 0 1 0 0 1 0 1 0 0 1 1 0
3763375 0 0 3 1 1 0 1 0 1 0 0 0 0
3818750 1 0 5 0 0 1 0 0 0 0 0 0 1
3906875 0 0 4 1 0 0 0 1 0 0 0 0 1
3931250 1 0 5 0 0 0 1 0 0 0 1 0 0
3987500 2 0 5 0 1 0 0 0 0 1 0 0 0
4030565 0 0 1 1 1 0 0 2 0 1 0 0 0
4296875 0 0 8 0 1 0 0 0 0 0 0 0 0
4393750 1 0 5 0 0 0 0 1 0 0 1 0 0
4476875 0 0 4 0 0 1 0 1 0 1 0 0 0
4509375 0 1 5 0 0 1 0 0 0 0 1 0 0
4571875 0 0 5 1 1 0 0 1 0 0 0 0 0
4791875 0 0 4 0 1 0 1 0 0 0 0 1 0
4835595 0 1 1 0 0 0 0 3 0 0 0 0 1
4872725 0 0 2 0 1 1 0 0 0 1 0 0 1
5031250 1 0 6 1 0 0 0 0 1 0 0 0 0
5053675 0 0 2 0 1 0 1 0 1 0 0 0 1
5165625 0 1 5 0 0 0 0 1 0 1 0 0 0
5189375 0 0 4 0 0 0 0 2 1 0 0 0 0
5299250 1 0 3 0 1 0 0 0 0 0 0 1 1
5469625 0 0 3 2 0 0 0 1 0 0 0 0 1
5665625 0 0 5 2 0 0 0 0 0 0 1 0 0
5728125 0 1 5 0 0 1 0 0 0 0 0 0 1
5844685 0 0 1 1 1 0 1 1 0 0 0 0 1
5893750 1 0 5 0 0 0 0 0 1 0 0 1 0
6056250 1 1 5 0 0 0 1 1 0 0 0 0 0
6139375 0 0 4 0 1 0 0 1 0 0 0 0 1
6212525 0 0 2 0 1 0 0 1 0 1 0 1 0
6262750 1 0 3 0 0 1 0 0 0 0 0 1 1
6286475 0 0 2 0 0 1 0 0 1 2 0 0 0
6303875 0 0 3 0 0 0 0 0 0 1 1 0 1
6343750 1 0 6 1 0 0 0 0 0 1 0 0 0
6344575 0 0 2 0 0 0 0 3 0 0 1 0 0
6407275 0 0 2 1 0 0 0 1 0 0 0 1 1
6768750 1 1 5 0 0 0 0 2 0 0 0 0 0
6956470 1 0 1 0 0 0 0 2 0 0 0 1 1
7205750 1 0 3 0 0 0 0 1 0 0 1 1 0
7303125 0 1 5 0 0 0 0 1 0 0 0 1 0
7358750 1 0 4 1 0 0 0 0 0 2 0 0 0
7421875 0 0 8 0 0 0 0 1 0 0 0 0 0
7645125 0 1 3 0 0 0 0 1 0 1 1 0 0
7661875 0 0 4 0 0 1 0 0 1 0 0 1 0
7671950 1 0 2 0 1 1 0 0 0 1 1 0 0
8256735 0 4 1 0 0 0 0 1 0 1 1 0 0
8388975 0 1 2 1 0 0 0 1 0 2 0 0 0
8409375 0 2 5 0 0 1 0 0 1 0 0 0 0
8416525 0 0 2 0 0 1 0 1 0 1 0 0 1
8712500 2 0 5 0 0 0 1 0 0 0 0 1 0
9160375 0 0 3 1 0 0 0 2 0 1 0 0 0
9226875 0 1 4 1 0 0 0 1 0 0 1 0 0
9559375 0 0 5 1 0 0 0 1 1 0 0 0 0
9693750 1 1 5 0 1 0 0 0 0 0 0 0 1
9788515 0 0 1 0 1 0 1 2 0 1 0 0 0
9968750 1 0 6 0 1 0 0 0 0 1 0 0 0
10153125 0 2 5 0 0 0 0 2 0 0 0 0 0
10156250 1 0 8 0 0 1 0 0 0 0 0 0 0
10296125 0 0 3 2 0 0 0 0 0 0 0 2 0
10403750 1 0 4 1 0 0 0 0 0 1 0 1 0
10405103 0 0 0 0 0 0 0 3 0 0 1 1 0
10429375 0 0 4 0 1 0 0 0 0 0 1 1 0
10546875 0 3 8 0 0 0 0 0 0 0 0 0 0
10646675 0 0 2 0 0 1 1 0 0 0 0 1 1
10784375 0 0 5 1 0 0 1 0 0 1 0 0 0
11309375 0 0 5 1 1 0 0 0 0 0 0 0 1
11659375 0 0 5 1 0 1 0 0 0 0 0 1 0
11802875 0 0 3 2 0 0 0 0 0 0 0 1 1
11977125 0 1 3 0 0 0 0 1 0 0 0 2 0
12098075 0 0 2 0 1 0 0 0 0 1 1 1 0
12573675 0 2 2 0 0 0 0 0 0 1 0 1 1
12580850 1 0 2 0 0 0 1 2 0 0 0 1 0
12658750 1 0 4 0 0 1 0 1 0 0 0 1 0
12684375 0 2 5 0 1 0 0 0 0 0 0 1 0
13002535 0 0 1 1 0 1 1 0 0 0 0 2 0
13574075 0 0 2 0 0 0 1 1 0 0 0 2 0
13779731 0 0 0 2 0 0 0 3 0 0 0 1 0
13868525 0 0 2 0 1 0 0 0 0 1 1 0 1
14734375 0 0 6 0 0 0 0 0 1 0 0 1 0
14780575 0 0 2 0 0 0 0 1 0 2 1 0 0
14885255 0 0 1 1 1 0 0 0 1 0 0 2 0
15406250 1 0 6 0 0 0 1 0 0 1 0 0 0
15550931 0 0 0 0 1 0 0 0 0 2 0 2 0
15759375 0 1 5 0 0 0 0 0 0 0 0 2 0
16209375 0 1 5 1 0 1 0 1 0 0 0 0 0
17469075 0 1 2 0 0 1 0 1 1 0 0 1 0
17609375 0 0 6 2 0 0 0 0 1 0 0 0 0
17860625 0 0 4 0 0 0 1 0 0 0 0 2 0
17889375 0 1 4 1 0 0 0 0 0 1 0 0 1
18280875 0 1 3 0 0 0 0 0 0 1 0 2 0
18501250 1 0 4 0 0 0 0 2 0 0 0 1 0
18697025 0 0 2 0 0 0 1 0 0 1 1 1 0
18871275 0 1 2 0 0 0 1 2 0 0 0 1 0
19448125 0 0 4 0 0 0 0 0 0 2 1 0 0
20145125 0 0 3 2 1 1 0 0 1 0 0 0 0
20466895 0 0 1 0 0 0 1 2 1 1 0 0 0
20474375 0 0 4 0 0 0 1 0 0 0 0 1 1
20628125 0 0 5 1 0 0 0 0 1 0 0 1 0
21012500 2 0 5 0 0 0 0 0 0 0 0 2 0
21052475 0 0 2 0 0 0 0 1 1 0 0 1 1
21968750 1 0 6 0 0 0 0 1 0 0 1 0 0
23172175 0 0 2 0 0 1 0 0 0 0 1 1 1
23598575 0 0 2 1 1 1 0 0 1 0 0 1 0
23695175 0 0 2 2 0 0 0 0 1 2 0 0 0
24177975 0 1 2 0 0 0 0 3 0 0 0 0 1
24343750 1 0 6 0 0 0 0 1 0 0 0 1 0
24968750 1 0 6 0 0 0 1 0 0 0 0 0 1
24984375 0 1 6 0 0 1 0 0 0 0 0 1 0
26281250 1 0 6 0 0 0 0 0 0 2 0 0 0
27171875 0 0 6 0 0 0 0 0 0 0 1 0 1
27258825 0 1 2 0 1 0 0 1 0 0 1 0 1
27751875 0 1 4 0 0 0 0 2 0 0 0 1 0
27792875 0 0 3 0 1 0 1 0 0 1 0 1 0
28328125 0 0 6 2 0 0 0 0 0 0 1 0 0
28981875 0 1 4 0 0 1 0 0 0 1 0 1 0
29093750 1 0 6 2 0 0 0 1 0 0 0 0 0
30696875 0 0 5 0 1 0 0 1 0 0 0 0 1
30759575 0 0 2 1 1 0 0 1 0 2 0 0 0
31722875 0 0 3 0 0 0 0 3 0 0 1 0 0
32192175 0 1 2 0 0 0 0 2 0 1 0 1 0
33128875 0 0 3 0 0 1 0 1 0 1 1 0 0
33309375 0 1 5 0 1 0 1 1 0 0 0 0 0
33618975 0 1 2 0 0 1 0 0 0 2 0 1 0
34914115 0 0 1 0 0 0 0 2 1 2 0 0 0
35434375 0 0 5 0 0 0 1 0 1 1 0 0 0
35984375 0 0 6 2 0 0 0 0 0 0 0 0 1
36515625 0 1 6 0 0 0 0 1 0 0 0 1 0
37109375 0 0 9 0 0 0 0 1 0 0 0 0 0
37228125 0 1 5 0 1 0 0 2 0 0 0 0 0
37696425 0 1 2 0 0 1 0 0 1 0 0 2 0
37899375 0 1 4 0 0 0 1 0 0 1 0 1 0
38356250 1 0 5 0 0 0 1 2 0 0 0 0 0
38873125 0 0 4 0 0 0 0 0 0 0 1 2 0
39484375 0 0 6 1 0 0 0 2 0 0 0 0 0
39923750 1 0 4 0 0 0 0 1 0 0 0 2 0
41384375 0 0 5 0 0 0 1 1 0 0 0 1 0
42191875 0 0 4 0 1 0 1 2 0 0 0 0 0
43090385 0 0 1 0 0 1 0 1 1 0 1 1 0
44061875 0 0 4 0 1 1 1 0 0 1 0 0 0
44768750 1 0 5 0 0 1 0 1 0 1 0 0 0
45801875 0 0 4 1 0 0 0 2 0 1 0 0 0
46484375 0 0 8 1 0 0 1 0 0 0 0 0 0
46943750 1 0 5 1 0 0 0 0 0 1 1 0 0
47537525 0 0 2 1 0 0 1 1 0 2 0 0 0
47796875 0 0 6 1 0 0 0 1 1 0 0 0 0
51312525 0 1 2 0 1 0 0 0 0 0 1 2 0
52119375 0 1 4 1 1 0 0 2 0 0 0 0 0
52146875 0 0 5 0 1 0 0 0 0 0 1 1 0
52307677 0 0 0 0 0 0 0 0 0 2 1 2 0
54736435 0 0 1 0 0 1 0 1 1 0 0 1 1
55484275 0 0 2 1 1 0 0 1 0 0 1 1 0
56325975 0 1 2 0 0 0 0 1 0 2 0 0 1
57534375 0 1 5 0 0 0 1 2 0 0 0 0 0
59014375 0 0 4 2 0 0 0 0 0 0 0 1 1
61505375 0 0 3 0 0 0 0 2 0 1 0 0 1
62549375 0 0 4 1 0 0 1 0 0 2 0 0 0
63293750 1 0 5 0 0 1 0 1 0 0 0 1 0
66406250 1 0 9 0 0 0 1 0 0 0 0 0 0
67010625 0 3 4 0 1 0 0 2 0 0 0 0 0
67624375 0 0 4 1 0 1 0 0 0 1 0 1 0
69059375 0 0 5 2 1 0 0 0 0 0 0 1 0
71148407 0 0 0 0 1 0 0 3 1 0 0 1 0
73543750 1 0 5 1 0 0 0 0 0 0 0 2 0
73768750 1 0 5 0 1 0 0 0 0 1 1 0 0
77335225 0 0 2 0 1 0 0 3 0 0 0 1 0
81030350 1 0 2 0 0 0 0 0 0 2 0 1 1
81113375 0 0 3 2 0 0 1 1 0 0 0 1 0
81775525 0 0 2 0 0 1 1 2 0 0 0 1 0
83208125 0 0 4 2 1 1 0 1 0 0 0 0 0
84371875 0 0 5 2 0 0 0 1 0 1 0 0 0
85445230 1 0 1 0 0 1 1 0 1 0 0 2 0
88652575 0 0 2 0 1 0 0 3 0 0 0 0 1
89303125 0 0 5 0 0 0 1 0 0 0 0 2 0
89843750 1 0 9 0 0 0 0 0 1 0 0 0 0
90071875 0 0 5 0 0 0 0 1 0 0 1 1 0
102371875 0 0 5 0 0 0 1 0 0 0 0 1 1
103801750 1 0 3 0 0 1 0 1 0 0 0 2 0
104483375 0 0 3 0 0 0 0 1 0 1 1 1 0
106043750 1 0 5 0 0 0 0 2 0 0 0 0 1
113299375 0 0 4 1 0 0 0 1 0 1 0 0 1
118037975 0 0 2 0 1 0 0 2 0 1 0 1 0
118234375 0 0 6 1 0 0 0 0 1 0 0 0 1
119643125 0 0 4 1 0 0 0 0 1 1 0 1 0
121872500 2 0 4 0 0 0 0 0 0 1 0 2 0
123256250 1 0 5 0 0 1 0 0 0 0 1 1 0
130078125 0 2 8 0 0 0 0 0 0 0 1 0 0
131427275 0 0 2 1 0 0 0 1 0 2 0 0 1
132584375 0 0 5 1 1 0 0 1 0 1 0 0 0
134406250 1 0 6 0 1 0 1 0 1 0 0 0 0
134765625 0 1 9 0 0 0 0 0 1 0 0 0 0
138759375 0 1 5 0 0 0 0 2 0 0 0 1 0
141578125 0 0 6 0 0 1 1 0 0 0 0 1 0
144210475 0 0 2 0 0 0 0 3 0 2 0 0 0
145257375 0 1 3 0 0 0 0 2 0 1 1 0 0
146265625 0 0 6 0 1 0 0 0 1 0 1 0 0
146656250 1 0 6 0 0 1 0 2 0 0 0 0 0
150639125 0 0 3 1 0 1 1 1 0 0 0 1 0
151584375 0 1 5 0 0 0 0 1 1 0 1 0 0
154914375 0 1 4 1 1 0 0 0 0 1 1 0 0
158234375 0 0 6 0 0 1 0 1 0 0 0 1 0
172930625 0 0 4 1 0 0 0 0 0 2 0 0 1
175310625 0 1 4 1 0 0 0 2 0 0 1 0 0
183551875 0 0 4 0 0 1 0 1 0 1 0 1 0
183992675 0 0 2 0 0 0 0 3 0 1 1 0 0
185012500 2 0 5 0 0 0 0 2 0 0 0 1 0
188024893 0 0 0 1 0 0 0 1 0 2 0 2 0
193359375 0 2 9 0 1 0 0 0 0 0 0 0 0
195626375 0 0 3 2 0 0 0 1 0 0 0 2 0
196009643 0 0 0 0 0 0 1 3 0 0 0 2 0
202575875 0 0 3 0 0 0 0 0 0 2 0 1 1
204359375 0 0 6 0 1 0 0 0 0 1 0 1 0
212920175 0 0 2 0 0 1 0 1 0 2 0 1 0
213613075 0 0 2 0 0 1 1 0 1 0 0 2 0
231557750 1 0 3 0 0 0 0 1 0 1 0 2 0
239159375 0 0 5 1 0 1 0 0 0 2 0 0 0
249671875 0 0 6 0 0 0 0 1 0 2 0 0 0
250008275 0 0 2 0 1 0 0 0 1 2 0 0 1
250342925 0 0 2 1 0 0 0 0 1 0 1 2 0
258190625 0 0 5 1 1 0 0 0 0 1 1 0 0
259504375 0 0 4 0 0 1 0 1 0 0 0 2 0
265650875 0 0 3 1 0 0 0 2 0 2 0 0 0
268268125 0 0 4 0 0 0 0 2 0 1 0 1 0
269457125 0 0 3 2 0 0 0 0 0 1 1 1 0
288921875 0 0 6 0 1 0 0 0 0 0 0 2 0
294531250 1 0 8 0 0 1 0 0 0 1 0 0 0
306968750 1 0 6 0 1 0 0 1 0 0 0 0 1
307412875 0 0 3 1 1 0 0 1 0 0 0 2 0
321156875 0 0 4 0 0 1 0 0 0 2 0 0 1
323259375 0 1 5 0 0 0 0 0 0 2 0 1 0
334369391 0 0 0 0 0 0 0 3 0 1 0 2 0
345973375 0 0 3 0 1 0 1 2 0 0 0 1 0
348933575 0 0 2 0 0 0 0 2 1 0 0 2 0
351523750 1 0 4 0 0 0 0 3 0 0 0 1 0
375821875 0 0 5 0 1 1 0 0 0 2 0 0 0
391934375 0 0 5 1 0 0 0 1 1 0 0 1 0
409617675 0 3 2 0 0 0 0 2 0 0 0 2 0
410221875 0 1 5 2 0 0 0 1 0 0 0 0 1
426609223 0 0 0 0 0 0 0 3 0 0 1 2 0
433891315 0 0 1 0 1 1 0 2 0 0 0 2 0
434779375 0 0 4 0 0 0 0 2 0 0 0 1 1
436513675 0 0 2 0 0 1 1 0 0 0 0 2 1
459146875 0 0 5 0 1 0 0 2 0 0 1 0 0
459265625 0 0 6 1 0 1 1 1 0 0 0 0 0
505859375 0 0 9 1 0 0 0 0 0 0 1 0 0
508784375 0 0 5 0 1 0 0 2 0 0 0 1 0
511859375 0 0 6 0 0 0 1 0 0 0 0 1 1
530218750 1 0 6 0 0 0 0 2 0 0 0 0 1
542644375 0 0 4 2 0 1 0 0 0 1 0 0 1
561327925 0 0 2 0 0 0 0 2 0 0 1 2 0
586206725 0 0 2 0 0 1 0 0 0 1 1 2 0
596421875 0 0 6 2 0 0 0 1 0 0 0 1 0
634141625 0 0 3 0 0 1 0 2 1 0 0 0 1
688111125 0 1 3 0 0 1 1 2 1 0 0 0 0
716015625 0 1 8 0 0 1 0 0 0 0 0 0 1
735109375 0 0 6 1 1 1 0 0 0 0 0 0 1
749448635 0 0 1 0 0 1 0 3 0 0 0 2 0
753000875 0 0 3 0 1 0 0 2 0 0 1 1 0
756765625 0 0 6 1 1 0 1 0 0 0 1 0 0
760442375 0 0 3 1 1 0 0 0 0 0 0 2 1
768989375 0 0 4 1 1 0 0 1 0 2 0 0 0
784765625 0 0 8 2 0 0 0 0 0 0 0 1 0
826464375 0 2 4 0 1 0 0 2 0 0 1 0 0
907227295 0 0 1 0 0 1 0 2 1 0 0 2 0
929908925 0 0 2 0 1 0 1 3 0 1 0 0 0
960034375 0 0 5 0 0 0 0 2 1 0 1 0 0
998253445 0 0 1 1 0 0 0 2 0 0 0 2 1
