# S15 n=1489783375080000 primes=[2, 3, 5, 7, 11, 13, 19, 29, 41, 61] exps=[6, 3, 4, 1, 1, 1, 1, 1, 1, 1]
2 1 0 0 0 0 0 0 0 0 0
3 0 1 0 0 0 0 0 0 0 0
7 0 0 0 1 0 0 0 0 0 0
11 0 0 0 0 1 0 0 0 0 0
13 0 0 0 0 0 1 0 0 0 0
20 2 0 1 0 0 0 0 0 0 0
30 1 1 1 0 0 0 0 0 0 0
38 1 0 0 0 0 0 1 0 0 0
57 0 1 0 0 0 0 1 0 0 0
58 1 0 0 0 0 0 0 1 0 0
82 1 0 0 0 0 0 0 0 1 0
87 0 1 0 0 0 0 0 1 0 0
110 1 0 1 0 1 0 0 0 0 0
133 0 0 0 1 0 0 1 0 0 0
150 1 1 2 0 0 0 0 0 0 0
183 0 1 0 0 0 0 0 0 0 1
200 3 0 2 0 0 0 0 0 0 0
203 0 0 0 1 0 0 0 1 0 0
247 0 0 0 0 0 1 1 0 0 0
287 0 0 0 1 0 0 0 0 1 0
377 0 0 0 0 0 1 0 1 0 0
380 2 0 1 0 0 0 1 0 0 0
427 0 0 0 1 0 0 0 0 0 1
451 0 0 0 0 1 0 0 0 1 0
455 0 0 1 1 0 1 0 0 0 0
488 3 0 0 0 0 0 0 0 0 1
551 0 0 0 0 0 0 1 1 0 0
570 1 1 1 0 0 0 1 0 0 0
615 0 1 1 0 0 0 0 0 1 0
650 1 0 2 0 0 1 0 0 0 0
671 0 0 0 0 1 0 0 0 0 1
675 0 3 2 0 0 0 0 0 0 0
793 0 0 0 0 0 1 0 0 0 1
870 1 1 1 0 0 0 0 1 0 0
1125 0 2 3 0 0 0 0 0 0 0
1250 1 0 4 0 0 0 0 0 0 0
1330 1 0 1 1 0 0 1 0 0 0
1500 2 1 3 0 0 0 0 0 0 0
1558 1 0 0 0 0 0 1 0 1 0
1575 0 2 2 1 0 0 0 0 0 0
1995 0 1 1 1 0 0 1 0 0 0
2000 4 0 3 0 0 0 0 0 0 0
2318 1 0 0 0 0 0 1 0 0 1
2378 1 0 0 0 0 0 0 1 1 0
2750 1 0 3 0 1 0 0 0 0 0
2900 2 0 2 0 0 0 0 1 0 0
3477 0 1 0 0 0 0 1 0 0 1
3500 2 0 3 1 0 0 0 0 0 0
3567 0 1 0 0 0 0 0 1 1 0
3800 3 0 2 0 0 0 1 0 0 0
4275 0 2 2 0 0 0 1 0 0 0
4575 0 1 2 0 0 0 0 0 0 1
4797 0 2 0 0 0 1 0 0 1 0
5002 1 0 0 0 0 0 0 0 1 1
5307 0 1 0 0 0 0 0 1 0 1
5510 1 0 1 0 0 0 1 1 0 0
5775 0 1 2 1 1 0 0 0 0 0
5945 0 0 1 0 0 0 0 1 1 0
6435 0 2 1 0 1 1 0 0 0 0
6650 1 0 2 1 0 0 1 0 0 0
6710 1 0 1 0 1 0 0 0 0 1
7011 0 2 0 0 0 0 1 0 1 0
7250 1 0 3 0 0 0 0 1 0 0
7503 0 1 0 0 0 0 0 0 1 1
7700 2 0 2 1 1 0 0 0 0 0
7930 1 0 1 0 0 1 0 0 0 1
8113 0 0 0 1 0 0 1 0 0 1
8200 3 0 2 0 0 0 0 0 1 0
8645 0 0 1 1 0 1 1 0 0 0
9500 2 0 3 0 0 0 1 0 0 0
9975 0 1 2 1 0 0 1 0 0 0
10395 0 3 1 1 1 0 0 0 0 0
11165 0 0 1 1 1 0 0 1 0 0
14152 3 0 0 0 0 0 0 1 0 1
15375 0 1 3 0 0 0 0 0 1 0
15457 0 0 0 0 0 1 0 1 1 0
15580 2 0 1 0 0 0 1 0 1 0
17507 0 0 0 1 0 0 0 0 1 1
19575 0 3 2 0 0 0 0 1 0 0
20900 2 0 2 0 1 0 1 0 0 0
21350 1 0 2 1 0 0 0 0 0 1
21375 0 2 3 0 0 0 1 0 0 0
22591 0 0 0 0 0 0 1 1 1 0
22875 0 1 3 0 0 0 0 0 0 1
22997 0 0 0 0 0 1 0 1 0 1
23925 0 1 2 0 1 0 0 1 0 0
24375 0 1 4 0 0 1 0 0 0 0
27511 0 0 0 0 1 0 0 0 1 1
27550 1 0 2 0 0 0 1 1 0 0
28215 0 3 1 0 1 0 1 0 0 0
28700 2 0 2 1 0 0 0 0 1 0
28875 0 1 3 1 1 0 0 0 0 0
29315 0 0 1 0 1 1 0 0 1 0
32513 0 0 0 0 0 1 0 0 1 1
33250 1 0 3 1 0 0 1 0 0 0
33611 0 0 0 0 0 0 1 1 0 1
39375 0 2 4 1 0 0 0 0 0 0
39875 0 0 3 0 1 0 0 1 0 0
41000 3 0 3 0 0 0 0 0 1 0
42845 0 0 1 0 1 0 1 0 1 0
43225 0 0 2 1 0 1 1 0 0 0
49875 0 1 3 1 0 0 1 0 0 0
50020 2 0 1 0 0 0 0 0 1 1
50895 0 3 1 0 0 1 0 1 0 0
52250 1 0 3 0 1 0 1 0 0 0
53375 0 0 3 1 0 0 0 0 0 1
54530 1 0 1 1 0 0 1 0 1 0
61750 1 0 3 0 0 1 1 0 0 0
65975 0 0 2 1 0 1 0 1 0 0
71750 1 0 3 1 0 0 0 0 1 0
75030 1 1 1 0 0 0 0 0 1 1
76125 0 1 3 1 0 0 0 1 0 0
78375 0 1 3 0 1 0 1 0 0 0
88450 1 0 2 0 0 0 0 1 0 1
95038 1 0 0 0 0 0 1 0 1 1
101475 0 2 2 0 1 0 0 0 1 0
112955 0 0 1 0 0 0 1 1 1 0
115900 2 0 2 0 0 0 1 0 0 1
122000 4 0 3 0 0 0 0 0 0 1
127490 1 0 1 0 1 0 1 0 0 1
132675 0 1 2 0 0 0 0 1 0 1
142557 0 1 0 0 0 0 1 0 1 1
144375 0 1 4 1 1 0 0 0 0 0
152500 2 0 4 0 0 0 0 0 0 1
167750 1 0 3 0 1 0 0 0 0 1
185625 0 3 4 0 1 0 0 0 0 0
261250 1 0 4 0 1 0 1 0 0 0
272650 1 0 2 1 0 0 1 0 1 0
275110 1 0 1 0 1 0 0 0 1 1
289275 0 1 2 1 0 0 1 1 0 0
292125 0 1 3 0 0 0 1 0 1 0
297250 1 0 3 0 0 0 0 1 1 0
309575 0 0 2 1 0 0 0 1 0 1
322335 0 2 1 0 0 1 1 1 0 0
329875 0 0 3 1 0 1 0 1 0 0
343125 0 2 4 0 0 0 0 0 0 1
359775 0 3 2 0 0 1 0 0 1 0
393965 0 0 1 0 1 1 1 1 0 0
405650 1 0 2 1 0 0 1 0 0 1
408975 0 1 2 1 0 0 1 0 1 0
475190 1 0 1 0 0 0 1 0 1 1
486475 0 0 2 0 1 0 0 1 0 1
507703 0 0 0 1 0 0 0 1 1 1
537225 0 1 2 0 0 1 1 1 0 0
562725 0 2 2 0 0 0 0 0 1 1
712785 0 1 1 0 0 0 1 0 1 1
802575 0 3 2 0 0 0 0 1 1 0
1060675 0 0 2 1 1 0 1 1 0 0
1129550 1 0 2 0 0 0 1 1 1 0
1141875 0 2 4 1 0 0 0 1 0 0
1159275 0 1 2 0 0 1 0 1 1 0
1671705 0 3 1 1 0 0 0 1 0 1
1932125 0 0 3 0 0 1 0 1 1 0
2173125 0 1 4 0 0 0 1 0 0 1
2188375 0 0 3 1 0 0 0 0 1 1
2231075 0 0 2 1 1 0 1 0 0 1
2278575 0 2 2 0 0 1 1 0 1 0
2331875 0 0 4 1 0 1 0 0 1 0
2486055 0 1 1 0 1 1 1 0 0 1
2501000 3 0 3 0 0 0 0 0 1 1
2613545 0 0 1 0 1 0 1 0 1 1
2626965 0 3 1 0 1 0 0 1 0 1
3316875 0 1 4 0 0 0 0 1 0 1
3408125 0 0 4 1 0 0 1 0 1 0
3626450 1 0 2 0 0 0 0 1 1 1
3766750 1 0 3 0 0 1 1 0 0 1
4476875 0 0 4 0 0 1 1 1 0 0
6212525 0 0 2 0 1 0 1 1 1 0
8806875 0 1 4 1 1 0 0 0 0 1
10403750 1 0 4 1 0 0 0 1 1 0
10941875 0 0 4 1 0 0 0 0 1 1
11879750 1 0 3 0 0 0 1 0 1 1
12658750 1 0 4 0 0 1 1 0 1 0
15936250 1 0 4 0 1 0 1 0 0 1
18132250 1 0 3 0 0 0 0 1 1 1
18833750 1 0 4 0 0 1 1 0 0 1
19945475 0 0 2 0 1 0 0 1 1 1
26135450 1 0 2 0 1 0 1 0 1 1
28981875 0 1 4 0 0 1 0 1 1 0
67624375 0 0 4 1 0 1 0 1 1 0
91474075 0 0 2 1 1 0 1 0 1 1
117859625 0 0 3 0 0 1 0 1 1 1
165003475 0 0 2 1 0 1 0 1 1 1
183551875 0 0 4 0 0 1 1 1 1 0
457370375 0 0 3 1 1 0 1 0 1 1
725099375 0 0 4 1 1 1 1 0 0 1
