# S20 n=198735612452296920000 primes=[2, 3, 5, 7, 11, 13, 17, 19, 29, 41, 59, 61] exps=[6, 3, 4, 2, 1, 1, 1, 2, 1, 1, 1, 1]
2 1 0 0 0 0 0 0 0 0 0 0 0
3 0 1 0 0 0 0 0 0 0 0 0 0
7 0 0 0 1 0 0 0 0 0 0 0 0
11 0 0 0 0 1 0 0 0 0 0 0 0
13 0 0 0 0 0 1 0 0 0 0 0 0
17 0 0 0 0 0 0 1 0 0 0 0 0
20 2 0 1 0 0 0 0 0 0 0 0 0
30 1 1 1 0 0 0 0 0 0 0 0 0
38 1 0 0 0 0 0 0 1 0 0 0 0
57 0 1 0 0 0 0 0 1 0 0 0 0
58 1 0 0 0 0 0 0 0 1 0 0 0
82 1 0 0 0 0 0 0 0 0 1 0 0
87 0 1 0 0 0 0 0 0 1 0 0 0
110 1 0 1 0 1 0 0 0 0 0 0 0
133 0 0 0 1 0 0 0 1 0 0 0 0
150 1 1 2 0 0 0 0 0 0 0 0 0
183 0 1 0 0 0 0 0 0 0 0 0 1
200 3 0 2 0 0 0 0 0 0 0 0 0
203 0 0 0 1 0 0 0 0 1 0 0 0
236 2 0 0 0 0 0 0 0 0 0 1 0
245 0 0 1 2 0 0 0 0 0 0 0 0
247 0 0 0 0 0 1 0 1 0 0 0 0
287 0 0 0 1 0 0 0 0 0 1 0 0
323 0 0 0 0 0 0 1 1 0 0 0 0
377 0 0 0 0 0 1 0 0 1 0 0 0
380 2 0 1 0 0 0 0 1 0 0 0 0
427 0 0 0 1 0 0 0 0 0 0 0 1
451 0 0 0 0 1 0 0 0 0 1 0 0
455 0 0 1 1 0 1 0 0 0 0 0 0
488 3 0 0 0 0 0 0 0 0 0 0 1
493 0 0 0 0 0 0 1 0 1 0 0 0
531 0 2 0 0 0 0 0 0 0 0 1 0
551 0 0 0 0 0 0 0 1 1 0 0 0
570 1 1 1 0 0 0 0 1 0 0 0 0
590 1 0 1 0 0 0 0 0 0 0 1 0
615 0 1 1 0 0 0 0 0 0 1 0 0
650 1 0 2 0 0 1 0 0 0 0 0 0
671 0 0 0 0 1 0 0 0 0 0 0 1
675 0 3 2 0 0 0 0 0 0 0 0 0
767 0 0 0 0 0 1 0 0 0 0 1 0
793 0 0 0 0 0 1 0 0 0 0 0 1
826 1 0 0 1 0 0 0 0 0 0 1 0
870 1 1 1 0 0 0 0 0 1 0 0 0
1003 0 0 0 0 0 0 1 0 0 0 1 0
1037 0 0 0 0 0 0 1 0 0 0 0 1
1125 0 2 3 0 0 0 0 0 0 0 0 0
1190 1 0 1 1 0 0 1 0 0 0 0 0
1250 1 0 4 0 0 0 0 0 0 0 0 0
1298 1 0 0 0 1 0 0 0 0 0 1 0
1330 1 0 1 1 0 0 0 1 0 0 0 0
1500 2 1 3 0 0 0 0 0 0 0 0 0
1558 1 0 0 0 0 0 0 1 0 1 0 0
1575 0 2 2 1 0 0 0 0 0 0 0 0
1700 2 0 2 0 0 0 1 0 0 0 0 0
1995 0 1 1 1 0 0 0 1 0 0 0 0
2000 4 0 3 0 0 0 0 0 0 0 0 0
2242 1 0 0 0 0 0 0 1 0 0 1 0
2318 1 0 0 0 0 0 0 1 0 0 0 1
2378 1 0 0 0 0 0 0 0 1 1 0 0
2450 1 0 2 2 0 0 0 0 0 0 0 0
2750 1 0 3 0 1 0 0 0 0 0 0 0
2891 0 0 0 2 0 0 0 0 0 0 1 0
2900 2 0 2 0 0 0 0 0 1 0 0 0
2950 1 0 2 0 0 0 0 0 0 0 1 0
2975 0 0 2 1 0 0 1 0 0 0 0 0
3363 0 1 0 0 0 0 0 1 0 0 1 0
3477 0 1 0 0 0 0 0 1 0 0 0 1
3500 2 0 3 1 0 0 0 0 0 0 0 0
3567 0 1 0 0 0 0 0 0 1 1 0 0
3800 3 0 2 0 0 0 0 1 0 0 0 0
3971 0 0 0 0 1 0 0 2 0 0 0 0
4275 0 2 2 0 0 0 0 1 0 0 0 0
4543 0 0 0 1 1 0 0 0 0 0 1 0
4575 0 1 2 0 0 0 0 0 0 0 0 1
4693 0 0 0 0 0 1 0 2 0 0 0 0
4797 0 2 0 0 0 1 0 0 0 1 0 0
4838 1 0 0 0 0 0 0 0 0 1 1 0
5002 1 0 0 0 0 0 0 0 0 1 0 1
5307 0 1 0 0 0 0 0 0 1 0 0 1
5510 1 0 1 0 0 0 0 1 1 0 0 0
5525 0 0 2 0 0 1 1 0 0 0 0 0
5775 0 1 2 1 1 0 0 0 0 0 0 0
5945 0 0 1 0 0 0 0 0 1 1 0 0
6273 0 2 0 0 0 0 1 0 0 1 0 0
6435 0 2 1 0 1 1 0 0 0 0 0 0
6650 1 0 2 1 0 0 0 1 0 0 0 0
6710 1 0 1 0 1 0 0 0 0 0 0 1
7011 0 2 0 0 0 0 0 1 0 1 0 0
7198 1 0 0 0 0 0 0 0 0 0 1 1
7220 2 0 1 0 0 0 0 2 0 0 0 0
7250 1 0 3 0 0 0 0 0 1 0 0 0
7257 0 1 0 0 0 0 0 0 0 1 1 0
7503 0 1 0 0 0 0 0 0 0 1 0 1
7700 2 0 2 1 1 0 0 0 0 0 0 0
7847 0 0 0 1 0 0 0 1 0 0 1 0
7930 1 0 1 0 0 1 0 0 0 0 0 1
8113 0 0 0 1 0 0 0 1 0 0 0 1
8200 3 0 2 0 0 0 0 0 0 1 0 0
8415 0 2 1 0 1 0 1 0 0 0 0 0
8645 0 0 1 1 0 1 0 1 0 0 0 0
9500 2 0 3 0 0 0 0 1 0 0 0 0
9975 0 1 2 1 0 0 0 1 0 0 0 0
10370 1 0 1 0 0 0 1 0 0 0 0 1
10395 0 3 1 1 1 0 0 0 0 0 0 0
10797 0 1 0 0 0 0 0 0 0 0 1 1
11165 0 0 1 1 1 0 0 0 1 0 0 0
11210 1 0 1 0 0 0 0 1 0 0 1 0
12095 0 0 1 0 0 0 0 0 0 1 1 0
12155 0 0 1 0 1 1 1 0 0 0 0 0
12250 1 0 3 2 0 0 0 0 0 0 0 0
12331 0 0 0 0 1 0 0 1 0 0 1 0
12635 0 0 1 1 0 0 0 2 0 0 0 0
12750 1 1 3 0 0 0 1 0 0 0 0 0
13243 0 0 0 0 0 0 1 1 0 1 0 0
13475 0 0 2 2 1 0 0 0 0 0 0 0
14152 3 0 0 0 0 0 0 0 1 0 0 1
14573 0 0 0 0 0 1 0 1 0 0 1 0
15375 0 1 3 0 0 0 0 0 0 1 0 0
15457 0 0 0 0 0 1 0 0 1 1 0 0
15580 2 0 1 0 0 0 0 1 0 1 0 0
16933 0 0 0 1 0 0 0 0 0 1 1 0
17255 0 0 1 1 0 0 1 0 1 0 0 0
17507 0 0 0 1 0 0 0 0 0 1 0 1
17995 0 0 1 0 0 0 0 0 0 0 1 1
18050 1 0 2 0 0 0 0 2 0 0 0 0
18375 0 1 3 2 0 0 0 0 0 0 0 0
18821 0 0 0 0 1 0 0 0 1 0 1 0
19175 0 0 2 0 0 1 0 0 0 0 1 0
19575 0 3 2 0 0 0 0 0 1 0 0 0
19703 0 0 0 0 0 0 1 1 0 0 0 1
20213 0 0 0 0 0 0 1 0 1 1 0 0
20900 2 0 2 0 1 0 0 1 0 0 0 0
21350 1 0 2 1 0 0 0 0 0 0 0 1
21375 0 2 3 0 0 0 0 1 0 0 0 0
22591 0 0 0 0 0 0 0 1 1 1 0 0
22875 0 1 3 0 0 0 0 0 0 0 0 1
22997 0 0 0 0 0 1 0 0 1 0 0 1
23925 0 1 2 0 1 0 0 0 1 0 0 0
24375 0 1 4 0 0 1 0 0 0 0 0 0
24395 0 0 1 1 0 0 1 0 0 1 0 0
25925 0 0 2 0 0 0 1 0 0 0 0 1
27115 0 0 1 0 1 0 1 0 1 0 0 0
27183 0 1 0 0 0 1 1 0 0 1 0 0
27511 0 0 0 0 1 0 0 0 0 1 0 1
27550 1 0 2 0 0 0 0 1 1 0 0 0
28215 0 3 1 0 1 0 0 1 0 0 0 0
28700 2 0 2 1 0 0 0 0 0 1 0 0
28875 0 1 3 1 1 0 0 0 0 0 0 0
29087 0 0 0 0 0 0 1 0 1 0 1 0
29315 0 0 1 0 1 1 0 0 0 1 0 0
29500 2 0 3 0 0 0 0 0 0 0 1 0
30975 0 1 2 1 0 0 0 0 0 0 1 0
32513 0 0 0 0 0 1 0 0 0 1 0 1
33250 1 0 3 1 0 0 0 1 0 0 0 0
33611 0 0 0 0 0 0 0 1 1 0 0 1
34515 0 2 1 0 0 1 0 0 0 0 1 0
34850 1 0 2 0 0 0 1 0 0 1 0 0
35931 0 1 0 1 0 0 0 0 1 0 1 0
39375 0 2 4 1 0 0 0 0 0 0 0 0
39710 1 0 1 0 1 0 0 2 0 0 0 0
39875 0 0 3 0 1 0 0 0 1 0 0 0
41000 3 0 3 0 0 0 0 0 0 1 0 0
41123 0 0 0 0 0 0 1 0 0 1 1 0
42598 1 0 0 0 0 0 0 2 0 0 1 0
42845 0 0 1 0 1 0 0 1 0 1 0 0
43225 0 0 2 1 0 1 0 1 0 0 0 0
44250 1 1 3 0 0 0 0 0 0 0 1 0
49875 0 1 3 1 0 0 0 1 0 0 0 0
50020 2 0 1 0 0 0 0 0 0 1 0 1
50895 0 3 1 0 0 1 0 0 1 0 0 0
52250 1 0 3 0 1 0 0 1 0 0 0 0
53375 0 0 3 1 0 0 0 0 0 0 0 1
54530 1 0 1 1 0 0 0 1 0 1 0 0
61750 1 0 3 0 0 1 0 1 0 0 0 0
63175 0 0 2 1 0 0 0 2 0 0 0 0
63897 0 1 0 0 0 0 0 2 0 0 1 0
65018 1 0 0 0 0 0 0 1 1 0 1 0
65975 0 0 2 1 0 1 0 0 1 0 0 0
66215 0 0 1 0 0 0 1 1 0 1 0 0
70395 0 1 1 0 0 1 0 2 0 0 0 0
71750 1 0 3 1 0 0 0 0 0 1 0 0
75030 1 1 1 0 0 0 0 0 0 1 0 1
76125 0 1 3 1 0 0 0 0 1 0 0 0
76995 0 2 1 0 0 0 0 0 1 0 1 0
78375 0 1 3 0 1 0 0 1 0 0 0 0
80750 1 0 3 0 0 0 1 1 0 0 0 0
84075 0 1 2 0 0 0 0 1 0 0 1 0
88450 1 0 2 0 0 0 0 0 1 0 0 1
90250 1 0 3 0 0 0 0 2 0 0 0 0
92055 0 1 1 0 0 0 1 2 0 0 0 0
95038 1 0 0 0 0 0 0 1 0 1 0 1
95625 0 2 4 0 0 0 1 0 0 0 0 0
97527 0 1 0 0 0 0 0 1 1 0 1 0
101475 0 2 2 0 1 0 0 0 0 1 0 0
104690 1 0 1 0 0 0 0 2 1 0 0 0
112955 0 0 1 0 0 0 0 1 1 1 0 0
115900 2 0 2 0 0 0 0 1 0 0 0 1
120950 1 0 2 0 0 0 0 0 0 1 1 0
122000 4 0 3 0 0 0 0 0 0 0 0 1
127490 1 0 1 0 1 0 0 1 0 0 0 1
132675 0 1 2 0 0 0 0 0 1 0 0 1
135405 0 3 1 0 0 0 1 0 0 0 1 0
142557 0 1 0 0 0 0 0 1 0 1 0 1
144375 0 1 4 1 1 0 0 0 0 0 0 0
149093 0 0 0 1 0 0 0 2 0 0 1 0
152500 2 0 4 0 0 0 0 0 0 0 0 1
165495 0 1 1 0 1 0 1 0 0 0 1 0
167750 1 0 3 0 1 0 0 0 0 0 0 1
174250 1 0 3 0 0 0 1 0 0 1 0 0
176351 0 0 0 2 0 0 0 0 0 0 1 1
177650 1 0 2 0 1 0 1 1 0 0 0 0
181220 2 0 1 0 0 1 1 0 0 1 0 0
184875 0 1 3 0 0 0 1 0 1 0 0 0
185625 0 3 4 0 1 0 0 0 0 0 0 0
188955 0 2 1 0 0 1 1 1 0 0 0 0
210453 0 1 0 0 0 0 0 0 1 1 1 0
213875 0 0 3 0 0 0 0 0 1 0 1 0
227563 0 0 0 1 0 0 0 1 1 0 1 0
258115 0 0 1 0 1 1 0 2 0 0 0 0
261250 1 0 4 0 1 0 0 1 0 0 0 0
272650 1 0 2 1 0 0 0 1 0 1 0 0
275110 1 0 1 0 1 0 0 0 0 1 0 1
277123 0 0 0 1 1 0 0 0 0 0 1 1
280250 1 0 3 0 0 0 0 1 0 0 1 0
286273 0 0 0 0 0 1 0 2 0 0 0 1
289275 0 1 2 1 0 0 0 1 1 0 0 0
292125 0 1 3 0 0 0 0 1 0 1 0 0
295118 1 0 0 0 0 0 0 0 0 1 1 1
297250 1 0 3 0 0 0 0 0 1 1 0 0
309575 0 0 2 1 0 0 0 0 1 0 0 1
310821 0 1 0 1 0 0 0 2 0 1 0 0
313113 0 1 0 0 0 0 0 0 1 0 1 1
315875 0 0 3 1 0 0 0 2 0 0 0 0
322335 0 2 1 0 0 1 0 1 1 0 0 0
329875 0 0 3 1 0 1 0 0 1 0 0 0
343125 0 2 4 0 0 0 0 0 0 0 0 1
359775 0 3 2 0 0 1 0 0 0 1 0 0
362083 0 0 0 0 0 0 1 2 0 0 1 0
374357 0 0 0 0 0 0 1 2 0 0 0 1
393965 0 0 1 0 1 1 0 1 1 0 0 0
398905 0 0 1 0 0 1 1 2 0 0 0 0
405650 1 0 2 1 0 0 0 1 0 0 0 1
408975 0 1 2 1 0 0 0 1 0 1 0 0
419195 0 0 1 2 0 0 0 0 1 0 1 0
431375 0 0 3 1 0 0 1 0 1 0 0 0
460275 0 1 2 0 0 0 1 2 0 0 0 0
475190 1 0 1 0 0 0 0 1 0 1 0 1
484462 1 0 0 0 1 0 0 2 0 0 0 1
486475 0 0 2 0 1 0 0 0 1 0 0 1
491057 0 0 0 1 0 0 0 0 1 1 1 0
507703 0 0 0 1 0 0 0 0 1 1 0 1
537225 0 1 2 0 0 1 0 1 1 0 0 0
562725 0 2 2 0 0 0 0 0 0 1 0 1
605625 0 1 4 0 0 0 1 1 0 0 0 0
616550 1 0 2 0 1 0 0 1 0 0 1 0
655785 0 2 1 0 0 1 0 1 0 0 1 0
658735 0 0 1 1 1 0 0 0 1 0 1 0
666995 0 0 1 1 0 0 1 1 0 0 1 0
674975 0 0 2 2 0 0 0 1 1 0 0 0
680485 0 0 1 0 0 1 0 2 1 0 0 0
712785 0 1 1 0 0 0 0 1 0 1 0 1
781337 0 0 0 0 0 0 1 1 0 1 1 0
802575 0 3 2 0 0 0 0 0 1 1 0 0
814055 0 0 1 0 1 0 0 2 0 1 0 0
827475 0 1 2 0 1 0 1 0 0 0 1 0
871250 1 0 4 0 0 0 1 0 0 1 0 0
888953 0 0 0 0 0 1 0 1 0 0 1 1
907125 0 1 3 0 0 0 0 0 0 1 1 0
924375 0 1 4 0 0 0 1 0 1 0 0 0
993225 0 1 2 0 0 0 1 1 0 1 0 0
1060675 0 0 2 1 1 0 0 1 1 0 0 0
1069375 0 0 4 0 0 0 0 0 1 0 1 0
1101050 1 0 2 0 0 0 0 2 0 0 0 1
1129550 1 0 2 0 0 0 0 1 1 1 0 0
1141875 0 2 4 1 0 0 0 0 1 0 0 0
1145375 0 0 3 2 1 0 1 0 0 0 0 0
1159275 0 1 2 0 0 1 0 0 1 1 0 0
1192567 0 0 0 0 0 0 1 0 1 1 1 0
1211155 0 0 1 0 1 0 0 2 0 0 0 1
1232993 0 0 0 0 0 0 1 0 1 1 0 1
1280695 0 0 1 0 0 1 1 1 0 0 0 1
1431365 0 0 1 0 0 1 0 2 0 0 0 1
1671705 0 3 1 1 0 0 0 0 1 0 0 1
1819935 0 3 1 0 0 1 1 0 0 0 0 1
1832075 0 0 2 1 0 0 0 2 1 0 0 0
1924130 1 0 1 0 0 1 0 2 0 1 0 0
1930775 0 0 2 1 1 0 1 0 0 0 1 0
1932125 0 0 3 0 0 1 0 0 1 1 0 0
1944375 0 1 4 0 0 0 1 0 0 0 0 1
2095975 0 0 2 2 0 0 0 0 1 0 1 0
2173125 0 1 4 0 0 0 0 1 0 0 0 1
2188375 0 0 3 1 0 0 0 0 0 1 0 1
2231075 0 0 2 1 1 0 0 1 0 0 0 1
2278575 0 2 2 0 0 1 0 1 0 1 0 0
2331875 0 0 4 1 0 1 0 0 0 1 0 0
2486055 0 1 1 0 1 1 0 1 0 0 0 1
2501000 3 0 3 0 0 0 0 0 0 1 0 1
2613545 0 0 1 0 1 0 0 1 0 1 0 1
2619777 0 1 0 0 0 0 0 2 0 1 1 0
2626965 0 3 1 0 1 0 0 0 1 0 0 1
2632875 0 1 3 1 0 0 1 0 0 0 1 0
2708583 0 1 0 0 0 0 0 2 0 1 0 1
2767787 0 0 0 0 1 0 1 2 0 1 0 0
3158750 1 0 4 1 0 0 0 2 0 0 0 0
3316875 0 1 4 0 0 0 0 0 1 0 0 1
3330225 0 2 2 0 0 0 0 2 0 1 0 0
3334975 0 0 2 1 0 0 1 1 0 0 1 0
3408125 0 0 4 1 0 0 0 1 0 1 0 0
3626450 1 0 2 0 0 0 0 0 1 1 0 1
3743570 1 0 1 0 0 0 1 2 0 0 0 1
3766750 1 0 3 0 0 1 0 1 0 0 0 1
4030565 0 0 1 1 1 0 0 2 1 0 0 0
4059855 0 3 1 0 0 0 1 0 1 0 0 1
4476875 0 0 4 0 0 1 0 1 1 0 0 0
4536875 0 0 4 1 0 0 1 0 0 0 0 1
4791875 0 0 4 0 1 0 1 0 0 1 0 0
6143375 0 0 3 2 0 0 1 0 0 0 1 0
6212525 0 0 2 0 1 0 0 1 1 1 0 0
6969375 0 3 4 1 0 0 0 0 0 0 1 0
7647875 0 0 3 0 0 0 1 0 0 0 1 1
8257875 0 1 3 0 0 0 0 2 0 0 0 1
8806875 0 1 4 1 1 0 0 0 0 0 0 1
9028610 1 0 1 0 0 0 0 2 0 1 0 1
9094673 0 0 0 1 0 0 0 2 0 0 1 1
9160375 0 0 3 1 0 0 0 2 1 0 0 0
9788515 0 0 1 0 1 0 1 2 1 0 0 0
9897250 1 0 3 0 1 0 0 0 0 0 1 1
9931471 0 0 0 0 1 0 0 2 0 1 0 1
10403750 1 0 4 1 0 0 0 0 1 1 0 0
10941875 0 0 4 1 0 0 0 0 0 1 0 1
11642155 0 0 1 2 0 0 0 1 0 1 0 1
11879750 1 0 3 0 0 0 0 1 0 1 0 1
12314375 0 0 4 0 0 0 1 1 0 0 0 1
12580850 1 0 2 0 0 0 1 2 0 1 0 0
12658750 1 0 4 0 0 1 0 1 0 1 0 0
13098885 0 1 1 0 0 0 0 2 0 1 1 0
13625755 0 0 1 0 1 1 1 1 0 0 1 0
14845875 0 1 3 0 1 0 0 0 0 0 1 1
15441775 0 0 2 0 0 0 0 2 1 0 1 0
15936250 1 0 4 0 1 0 0 1 0 0 0 1
16674875 0 0 3 1 0 0 1 1 0 0 1 0
18132250 1 0 3 0 0 0 0 0 1 1 0 1
18501250 1 0 4 0 0 0 0 2 0 1 0 0
18833750 1 0 4 0 0 1 0 1 0 0 0 1
18871275 0 1 2 0 0 0 1 2 0 1 0 0
19342855 0 0 1 1 0 0 1 1 1 0 1 0
19945475 0 0 2 0 1 0 0 0 1 1 0 1
23483475 0 2 2 0 0 0 0 0 1 0 1 1
25554375 0 2 4 1 1 0 0 0 0 0 1 0
26135450 1 0 2 0 1 0 0 1 0 1 0 1
26203375 0 0 3 0 1 0 1 1 0 0 1 0
27751875 0 1 4 0 0 0 0 2 0 1 0 0
27792875 0 0 3 0 1 0 1 0 1 1 0 0
28981875 0 1 4 0 0 1 0 0 1 1 0 0
29954477 0 0 0 1 0 0 0 0 1 1 1 1
30967625 0 0 3 0 0 1 1 1 0 0 1 0
32192175 0 1 2 0 0 0 0 2 1 1 0 0
32480975 0 0 2 0 0 0 0 2 0 0 1 1
34190500 2 0 3 0 0 0 0 1 0 0 1 1
36529850 1 0 2 1 0 0 0 0 1 0 1 1
37140155 0 0 1 0 0 1 1 1 1 0 0 1
37609550 1 0 2 0 1 0 0 1 0 0 1 1
37899375 0 1 4 0 0 0 1 0 1 1 0 0
42191875 0 0 4 0 1 0 1 2 0 0 0 0
43844375 0 0 4 0 0 0 0 0 1 1 1 0
44061875 0 0 4 0 1 1 1 0 1 0 0 0
45801875 0 0 4 1 0 0 0 2 1 0 0 0
47236875 0 1 4 1 0 0 0 0 0 0 1 1
49657355 0 0 1 0 1 0 0 2 0 1 0 1
52119375 0 1 4 1 1 0 0 2 0 0 0 0
58963125 0 1 4 0 0 1 0 0 0 1 1 0
67010625 0 3 4 0 1 0 0 2 0 0 0 0
67624375 0 0 4 1 0 1 0 0 1 1 0 0
81113375 0 0 3 2 0 0 1 1 0 1 0 0
81775525 0 0 2 0 0 1 1 2 0 1 0 0
83208125 0 0 4 2 1 1 0 1 0 0 0 0
83766725 0 0 2 2 0 0 0 1 0 0 1 1
89442525 0 1 2 0 0 0 1 0 1 1 1 0
91474075 0 0 2 1 1 0 0 1 0 1 0 1
117676975 0 0 2 0 0 1 1 2 0 0 1 0
117859625 0 0 3 0 0 1 0 0 1 1 0 1
118037975 0 0 2 0 1 0 0 2 1 1 0 0
130914845 0 0 1 0 0 0 0 2 1 1 0 1
150639125 0 0 3 1 0 1 1 1 0 1 0 0
151329395 0 0 1 2 0 0 0 2 1 0 1 0
154838125 0 0 4 0 0 1 1 1 0 0 1 0
159593525 0 0 2 1 0 1 0 0 1 1 1 0
165003475 0 0 2 1 0 1 0 0 1 1 0 1
183551875 0 0 4 0 0 1 0 1 1 1 0 0
222151325 0 0 2 0 1 0 1 1 0 1 0 1
226301875 0 0 4 0 0 0 1 2 0 0 1 0
268268125 0 0 4 0 0 0 0 2 1 1 0 0
284051075 0 0 2 1 1 0 0 0 0 1 1 1
337885625 0 0 4 2 1 0 1 0 0 0 1 0
345973375 0 0 3 0 1 0 1 2 0 1 0 0
457370375 0 0 3 1 1 0 0 1 0 1 0 1
487214625 0 1 3 0 0 0 0 2 0 0 1 1
490633675 0 0 2 1 0 0 0 1 0 1 1 1
619324475 0 0 2 2 1 0 0 1 0 1 1 0
633112775 0 0 2 0 0 0 0 2 1 1 1 0
725099375 0 0 4 1 1 1 0 1 0 0 0 1
790003375 0 0 3 1 0 0 0 2 0 1 0 1
815263475 0 0 2 0 0 1 1 0 0 1 1 1
