# S25 n=27082695586936762773000000 primes=[2, 3, 5, 7, 11, 13, 17, 19, 23, 29, 41, 59, 61, 79] exps=[6, 4, 6, 2, 1, 1, 1, 2, 1, 1, 1, 1, 1, 1]
2 1 0 0 0 0 0 0 0 0 0 0 0 0 0
3 0 1 0 0 0 0 0 0 0 0 0 0 0 0
7 0 0 0 1 0 0 0 0 0 0 0 0 0 0
11 0 0 0 0 1 0 0 0 0 0 0 0 0 0
13 0 0 0 0 0 1 0 0 0 0 0 0 0 0
17 0 0 0 0 0 0 1 0 0 0 0 0 0 0
20 2 0 1 0 0 0 0 0 0 0 0 0 0 0
23 0 0 0 0 0 0 0 0 1 0 0 0 0 0
30 1 1 1 0 0 0 0 0 0 0 0 0 0 0
38 1 0 0 0 0 0 0 1 0 0 0 0 0 0
57 0 1 0 0 0 0 0 1 0 0 0 0 0 0
58 1 0 0 0 0 0 0 0 0 1 0 0 0 0
82 1 0 0 0 0 0 0 0 0 0 1 0 0 0
87 0 1 0 0 0 0 0 0 0 1 0 0 0 0
110 1 0 1 0 1 0 0 0 0 0 0 0 0 0
133 0 0 0 1 0 0 0 1 0 0 0 0 0 0
150 1 1 2 0 0 0 0 0 0 0 0 0 0 0
158 1 0 0 0 0 0 0 0 0 0 0 0 0 1
183 0 1 0 0 0 0 0 0 0 0 0 0 1 0
200 3 0 2 0 0 0 0 0 0 0 0 0 0 0
203 0 0 0 1 0 0 0 0 0 1 0 0 0 0
236 2 0 0 0 0 0 0 0 0 0 0 1 0 0
237 0 1 0 0 0 0 0 0 0 0 0 0 0 1
245 0 0 1 2 0 0 0 0 0 0 0 0 0 0
247 0 0 0 0 0 1 0 1 0 0 0 0 0 0
287 0 0 0 1 0 0 0 0 0 0 1 0 0 0
323 0 0 0 0 0 0 1 1 0 0 0 0 0 0
377 0 0 0 0 0 1 0 0 0 1 0 0 0 0
380 2 0 1 0 0 0 0 1 0 0 0 0 0 0
427 0 0 0 1 0 0 0 0 0 0 0 0 1 0
437 0 0 0 0 0 0 0 1 1 0 0 0 0 0
451 0 0 0 0 1 0 0 0 0 0 1 0 0 0
455 0 0 1 1 0 1 0 0 0 0 0 0 0 0
488 3 0 0 0 0 0 0 0 0 0 0 0 1 0
493 0 0 0 0 0 0 1 0 0 1 0 0 0 0
531 0 2 0 0 0 0 0 0 0 0 0 1 0 0
551 0 0 0 0 0 0 0 1 0 1 0 0 0 0
553 0 0 0 1 0 0 0 0 0 0 0 0 0 1
570 1 1 1 0 0 0 0 1 0 0 0 0 0 0
590 1 0 1 0 0 0 0 0 0 0 0 1 0 0
615 0 1 1 0 0 0 0 0 0 0 1 0 0 0
650 1 0 2 0 0 1 0 0 0 0 0 0 0 0
671 0 0 0 0 1 0 0 0 0 0 0 0 1 0
675 0 3 2 0 0 0 0 0 0 0 0 0 0 0
767 0 0 0 0 0 1 0 0 0 0 0 1 0 0
790 1 0 1 0 0 0 0 0 0 0 0 0 0 1
793 0 0 0 0 0 1 0 0 0 0 0 0 1 0
826 1 0 0 1 0 0 0 0 0 0 0 1 0 0
870 1 1 1 0 0 0 0 0 0 1 0 0 0 0
943 0 0 0 0 0 0 0 0 1 0 1 0 0 0
1003 0 0 0 0 0 0 1 0 0 0 0 1 0 0
1037 0 0 0 0 0 0 1 0 0 0 0 0 1 0
1125 0 2 3 0 0 0 0 0 0 0 0 0 0 0
1190 1 0 1 1 0 0 1 0 0 0 0 0 0 0
1250 1 0 4 0 0 0 0 0 0 0 0 0 0 0
1298 1 0 0 0 1 0 0 0 0 0 0 1 0 0
1330 1 0 1 1 0 0 0 1 0 0 0 0 0 0
1500 2 1 3 0 0 0 0 0 0 0 0 0 0 0
1501 0 0 0 0 0 0 0 1 0 0 0 0 0 1
1558 1 0 0 0 0 0 0 1 0 0 1 0 0 0
1575 0 2 2 1 0 0 0 0 0 0 0 0 0 0
1610 1 0 1 1 0 0 0 0 1 0 0 0 0 0
1700 2 0 2 0 0 0 1 0 0 0 0 0 0 0
1817 0 0 0 0 0 0 0 0 1 0 0 0 0 1
1995 0 1 1 1 0 0 0 1 0 0 0 0 0 0
2000 4 0 3 0 0 0 0 0 0 0 0 0 0 0
2242 1 0 0 0 0 0 0 1 0 0 0 1 0 0
2300 2 0 2 0 0 0 0 0 1 0 0 0 0 0
2318 1 0 0 0 0 0 0 1 0 0 0 0 1 0
2378 1 0 0 0 0 0 0 0 0 1 1 0 0 0
2450 1 0 2 2 0 0 0 0 0 0 0 0 0 0
2750 1 0 3 0 1 0 0 0 0 0 0 0 0 0
2765 0 0 1 1 0 0 0 0 0 0 0 0 0 1
2806 1 0 0 0 0 0 0 0 1 0 0 0 1 0
2891 0 0 0 2 0 0 0 0 0 0 0 1 0 0
2900 2 0 2 0 0 0 0 0 0 1 0 0 0 0
2950 1 0 2 0 0 0 0 0 0 0 0 1 0 0
2975 0 0 2 1 0 0 1 0 0 0 0 0 0 0
3335 0 0 1 0 0 0 0 0 1 1 0 0 0 0
3363 0 1 0 0 0 0 0 1 0 0 0 1 0 0
3477 0 1 0 0 0 0 0 1 0 0 0 0 1 0
3500 2 0 3 1 0 0 0 0 0 0 0 0 0 0
3567 0 1 0 0 0 0 0 0 0 1 1 0 0 0
3800 3 0 2 0 0 0 0 1 0 0 0 0 0 0
3950 1 0 2 0 0 0 0 0 0 0 0 0 0 1
3971 0 0 0 0 1 0 0 2 0 0 0 0 0 0
4275 0 2 2 0 0 0 0 1 0 0 0 0 0 0
4543 0 0 0 1 1 0 0 0 0 0 0 1 0 0
4575 0 1 2 0 0 0 0 0 0 0 0 0 1 0
4582 1 0 0 0 0 0 0 0 0 1 0 0 0 1
4693 0 0 0 0 0 1 0 2 0 0 0 0 0 0
4797 0 2 0 0 0 1 0 0 0 0 1 0 0 0
4838 1 0 0 0 0 0 0 0 0 0 1 1 0 0
5002 1 0 0 0 0 0 0 0 0 0 1 0 1 0
5307 0 1 0 0 0 0 0 0 0 1 0 0 1 0
5510 1 0 1 0 0 0 0 1 0 1 0 0 0 0
5525 0 0 2 0 0 1 1 0 0 0 0 0 0 0
5775 0 1 2 1 1 0 0 0 0 0 0 0 0 0
5945 0 0 1 0 0 0 0 0 0 1 1 0 0 0
6273 0 2 0 0 0 0 1 0 0 0 1 0 0 0
6435 0 2 1 0 1 1 0 0 0 0 0 0 0 0
6478 1 0 0 0 0 0 0 0 0 0 1 0 0 1
6650 1 0 2 1 0 0 0 1 0 0 0 0 0 0
6710 1 0 1 0 1 0 0 0 0 0 0 0 1 0
6873 0 1 0 0 0 0 0 0 0 1 0 0 0 1
6885 0 4 1 0 0 0 1 0 0 0 0 0 0 0
7011 0 2 0 0 0 0 0 1 0 0 1 0 0 0
7198 1 0 0 0 0 0 0 0 0 0 0 1 1 0
7220 2 0 1 0 0 0 0 2 0 0 0 0 0 0
7250 1 0 3 0 0 0 0 0 0 1 0 0 0 0
7257 0 1 0 0 0 0 0 0 0 0 1 1 0 0
7503 0 1 0 0 0 0 0 0 0 0 1 0 1 0
7695 0 4 1 0 0 0 0 1 0 0 0 0 0 0
7700 2 0 2 1 1 0 0 0 0 0 0 0 0 0
7847 0 0 0 1 0 0 0 1 0 0 0 1 0 0
7930 1 0 1 0 0 1 0 0 0 0 0 0 1 0
8113 0 0 0 1 0 0 0 1 0 0 0 0 1 0
8200 3 0 2 0 0 0 0 0 0 0 1 0 0 0
8415 0 2 1 0 1 0 1 0 0 0 0 0 0 0
8645 0 0 1 1 0 1 0 1 0 0 0 0 0 0
9500 2 0 3 0 0 0 0 1 0 0 0 0 0 0
9638 1 0 0 0 0 0 0 0 0 0 0 0 1 1
9975 0 1 2 1 0 0 0 1 0 0 0 0 0 0
10370 1 0 1 0 0 0 1 0 0 0 0 0 1 0
10395 0 3 1 1 1 0 0 0 0 0 0 0 0 0
10797 0 1 0 0 0 0 0 0 0 0 0 1 1 0
10925 0 0 2 0 0 0 0 1 1 0 0 0 0 0
11165 0 0 1 1 1 0 0 0 0 1 0 0 0 0
11210 1 0 1 0 0 0 0 1 0 0 0 1 0 0
11297 0 0 0 0 1 1 0 0 0 0 0 0 0 1
11385 0 2 1 0 1 0 0 0 1 0 0 0 0 0
11500 2 0 3 0 0 0 0 0 1 0 0 0 0 0
12075 0 1 2 1 0 0 0 0 1 0 0 0 0 0
12095 0 0 1 0 0 0 0 0 0 0 1 1 0 0
12155 0 0 1 0 1 1 1 0 0 0 0 0 0 0
12250 1 0 3 2 0 0 0 0 0 0 0 0 0 0
12331 0 0 0 0 1 0 0 1 0 0 0 1 0 0
12635 0 0 1 1 0 0 0 2 0 0 0 0 0 0
12750 1 1 3 0 0 0 1 0 0 0 0 0 0 0
13243 0 0 0 0 0 0 1 1 0 0 1 0 0 0
13475 0 0 2 2 1 0 0 0 0 0 0 0 0 0
14152 3 0 0 0 0 0 0 0 0 1 0 0 1 0
14375 0 0 4 0 0 0 0 0 1 0 0 0 0 0
14457 0 1 0 0 0 0 0 0 0 0 0 0 1 1
14573 0 0 0 0 0 1 0 1 0 0 0 1 0 0
14773 0 0 0 0 1 0 1 0 0 0 0 0 0 1
15375 0 1 3 0 0 0 0 0 0 0 1 0 0 0
15457 0 0 0 0 0 1 0 0 0 1 1 0 0 0
15580 2 0 1 0 0 0 0 1 0 0 1 0 0 0
16933 0 0 0 1 0 0 0 0 0 0 1 1 0 0
17255 0 0 1 1 0 0 1 0 0 1 0 0 0 0
17507 0 0 0 1 0 0 0 0 0 0 1 0 1 0
17775 0 2 2 0 0 0 0 0 0 0 0 0 0 1
17995 0 0 1 0 0 0 0 0 0 0 0 1 1 0
18050 1 0 2 0 0 0 0 2 0 0 0 0 0 0
18375 0 1 3 2 0 0 0 0 0 0 0 0 0 0
18821 0 0 0 0 1 0 0 0 0 1 0 1 0 0
19175 0 0 2 0 0 1 0 0 0 0 0 1 0 0
19575 0 3 2 0 0 0 0 0 0 1 0 0 0 0
19703 0 0 0 0 0 0 1 1 0 0 0 0 1 0
20213 0 0 0 0 0 0 1 0 0 1 1 0 0 0
20900 2 0 2 0 1 0 0 1 0 0 0 0 0 0
21350 1 0 2 1 0 0 0 0 0 0 0 0 1 0
21375 0 2 3 0 0 0 0 1 0 0 0 0 0 0
22591 0 0 0 0 0 0 0 1 0 1 1 0 0 0
22875 0 1 3 0 0 0 0 0 0 0 0 0 1 0
22910 1 0 1 0 0 0 0 0 0 1 0 0 0 1
22997 0 0 0 0 0 1 0 0 0 1 0 0 1 0
23925 0 1 2 0 1 0 0 0 0 1 0 0 0 0
24035 0 0 1 0 1 0 0 1 1 0 0 0 0 0
24375 0 1 4 0 0 1 0 0 0 0 0 0 0 0
24395 0 0 1 1 0 0 1 0 0 0 1 0 0 0
25783 0 0 0 0 0 0 0 1 1 0 0 1 0 0
25925 0 0 2 0 0 0 1 0 0 0 0 0 1 0
26657 0 0 0 0 0 0 0 1 1 0 0 0 1 0
27115 0 0 1 0 1 0 1 0 0 1 0 0 0 0
27183 0 1 0 0 0 1 1 0 0 0 1 0 0 0
27347 0 0 0 0 0 0 0 0 1 1 1 0 0 0
27511 0 0 0 0 1 0 0 0 0 0 1 0 1 0
27550 1 0 2 0 0 0 0 1 0 1 0 0 0 0
28175 0 0 2 2 0 0 0 0 1 0 0 0 0 0
28215 0 3 1 0 1 0 0 1 0 0 0 0 0 0
28700 2 0 2 1 0 0 0 0 0 0 1 0 0 0
28875 0 1 3 1 1 0 0 0 0 0 0 0 0 0
29087 0 0 0 0 0 0 1 0 0 1 0 1 0 0
29315 0 0 1 0 1 1 0 0 0 0 1 0 0 0
29325 0 1 2 0 0 0 1 0 1 0 0 0 0 0
29500 2 0 3 0 0 0 0 0 0 0 0 1 0 0
29783 0 0 0 0 0 1 0 0 0 1 0 0 0 1
30975 0 1 2 1 0 0 0 0 0 0 0 1 0 0
32390 1 0 1 0 0 0 0 0 0 0 1 0 0 1
32513 0 0 0 0 0 1 0 0 0 0 1 0 1 0
32627 0 0 0 1 0 0 0 0 0 0 0 1 0 1
33250 1 0 3 1 0 0 0 1 0 0 0 0 0 0
33350 1 0 2 0 0 0 0 0 1 1 0 0 0 0
33611 0 0 0 0 0 0 0 1 0 1 0 0 1 0
33733 0 0 0 1 0 0 0 0 0 0 0 0 1 1
34515 0 2 1 0 0 1 0 0 0 0 0 1 0 0
34850 1 0 2 0 0 0 1 0 0 0 1 0 0 0
35931 0 1 0 1 0 0 0 0 0 1 0 1 0 0
39353 0 0 0 0 0 0 0 0 1 1 0 1 0 0
39375 0 2 4 1 0 0 0 0 0 0 0 0 0 0
39500 2 0 3 0 0 0 0 0 0 0 0 0 0 1
39710 1 0 1 0 1 0 0 2 0 0 0 0 0 0
39875 0 0 3 0 1 0 0 0 0 1 0 0 0 0
40250 1 0 3 1 0 0 0 0 1 0 0 0 0 0
40365 0 3 1 0 0 1 0 0 1 0 0 0 0 0
41000 3 0 3 0 0 0 0 0 0 0 1 0 0 0
41055 0 1 1 1 0 0 1 0 1 0 0 0 0 0
41123 0 0 0 0 0 0 1 0 0 0 1 1 0 0
42090 1 1 1 0 0 0 0 0 1 0 0 0 1 0
42598 1 0 0 0 0 0 0 2 0 0 0 1 0 0
42845 0 0 1 0 1 0 0 1 0 0 1 0 0 0
43225 0 0 2 1 0 1 0 1 0 0 0 0 0 0
43750 1 0 5 1 0 0 0 0 0 0 0 0 0 0
44250 1 1 3 0 0 0 0 0 0 0 0 1 0 0
46875 0 1 6 0 0 0 0 0 0 0 0 0 0 0
49875 0 1 3 1 0 0 0 1 0 0 0 0 0 0
50020 2 0 1 0 0 0 0 0 0 0 1 0 1 0
50895 0 3 1 0 0 1 0 0 0 1 0 0 0 0
51271 0 0 0 0 1 0 0 0 0 0 0 1 0 1
52250 1 0 3 0 1 0 0 1 0 0 0 0 0 0
52693 0 0 0 0 0 0 0 0 1 1 0 0 0 1
53375 0 0 3 1 0 0 0 0 0 0 0 0 1 0
54530 1 0 1 1 0 0 0 1 0 0 1 0 0 0
57523 0 0 0 0 0 0 0 0 1 0 1 0 1 0
60375 0 1 3 1 0 0 0 0 1 0 0 0 0 0
61750 1 0 3 0 0 1 0 1 0 0 0 0 0 0
63175 0 0 2 1 0 0 0 2 0 0 0 0 0 0
63897 0 1 0 0 0 0 0 2 0 0 0 1 0 0
65018 1 0 0 0 0 0 0 1 0 1 0 1 0 0
65975 0 0 2 1 0 1 0 0 0 1 0 0 0 0
66215 0 0 1 0 0 0 1 1 0 0 1 0 0 0
70395 0 1 1 0 0 1 0 2 0 0 0 0 0 0
71750 1 0 3 1 0 0 0 0 0 0 1 0 0 0
75030 1 1 1 0 0 0 0 0 0 0 1 0 1 0
76125 0 1 3 1 0 0 0 0 0 1 0 0 0 0
76995 0 2 1 0 0 0 0 0 0 1 0 1 0 0
78375 0 1 3 0 1 0 0 1 0 0 0 0 0 0
79237 0 0 0 0 0 0 1 0 0 0 0 1 0 1
80750 1 0 3 0 0 0 1 1 0 0 0 0 0 0
80975 0 0 2 0 0 0 0 0 0 0 1 0 0 1
81923 0 0 0 0 0 0 1 0 0 0 0 0 1 1
83030 1 0 1 0 0 0 0 2 1 0 0 0 0 0
83375 0 0 3 0 0 0 0 0 1 1 0 0 0 0
84075 0 1 2 0 0 0 0 1 0 0 0 1 0 0
88450 1 0 2 0 0 0 0 0 0 1 0 0 1 0
90250 1 0 3 0 0 0 0 2 0 0 0 0 0 0
91195 0 0 1 0 0 1 0 0 1 0 0 0 1 0
92055 0 1 1 0 0 0 1 2 0 0 0 0 0 0
94875 0 1 3 0 1 0 0 0 1 0 0 0 0 0
95038 1 0 0 0 0 0 0 1 0 0 1 0 1 0
95625 0 2 4 0 0 0 1 0 0 0 0 0 0 0
96380 2 0 1 0 0 0 0 0 0 0 0 0 1 1
97527 0 1 0 0 0 0 0 1 0 1 0 1 0 0
97750 1 0 3 0 0 0 1 0 1 0 0 0 0 0
98750 1 0 4 0 0 0 0 0 0 0 0 0 0 1
99935 0 0 1 0 1 0 0 0 1 0 0 0 0 1
101475 0 2 2 0 1 0 0 0 0 0 1 0 0 0
104690 1 0 1 0 0 0 0 2 0 1 0 0 0 0
112955 0 0 1 0 0 0 0 1 0 1 1 0 0 0
114550 1 0 2 0 0 0 0 0 0 1 0 0 0 1
115900 2 0 2 0 0 0 0 1 0 0 0 0 1 0
117875 0 0 3 0 0 0 0 0 1 0 1 0 0 0
120950 1 0 2 0 0 0 0 0 0 0 1 1 0 0
122000 4 0 3 0 0 0 0 0 0 0 0 0 1 0
125000 3 0 6 0 0 0 0 0 0 0 0 0 0 0
126321 0 1 0 0 0 1 0 0 0 0 1 0 0 1
127490 1 0 1 0 1 0 0 1 0 0 0 0 1 0
132675 0 1 2 0 0 0 0 0 0 1 0 0 1 0
135405 0 3 1 0 0 0 1 0 0 0 0 1 0 0
139751 0 0 0 0 0 0 0 0 0 1 0 0 1 1
142557 0 1 0 0 0 0 0 1 0 0 1 0 1 0
144375 0 1 4 1 1 0 0 0 0 0 0 0 0 0
146205 0 4 1 0 0 0 0 2 0 0 0 0 0 0
147315 0 1 1 1 0 0 0 0 1 0 0 0 1 0
149093 0 0 0 1 0 0 0 2 0 0 0 1 0 0
150535 0 0 1 1 1 0 1 0 1 0 0 0 0 0
152500 2 0 4 0 0 0 0 0 0 0 0 0 1 0
162500 2 0 5 0 0 1 0 0 0 0 0 0 0 0
165495 0 1 1 0 1 0 1 0 0 0 0 1 0 0
167750 1 0 3 0 1 0 0 0 0 0 0 0 1 0
171825 0 1 2 0 0 0 0 0 0 1 0 0 0 1
174250 1 0 3 0 0 0 1 0 0 0 1 0 0 0
176351 0 0 0 2 0 0 0 0 0 0 0 1 1 0
177650 1 0 2 0 1 0 1 1 0 0 0 0 0 0
179170 1 0 1 0 0 0 0 1 1 0 1 0 0 0
181220 2 0 1 0 0 1 1 0 0 0 1 0 0 0
183195 0 3 1 0 0 0 0 0 1 0 0 1 0 0
184875 0 1 3 0 0 0 1 0 0 1 0 0 0 0
185625 0 3 4 0 1 0 0 0 0 0 0 0 0 0
188955 0 2 1 0 0 1 1 1 0 0 0 0 0 0
210453 0 1 0 0 0 0 0 0 0 1 1 1 0 0
212175 0 2 2 0 0 0 0 0 1 0 1 0 0 0
213875 0 0 3 0 0 0 0 0 0 1 0 1 0 0
215050 1 0 2 0 1 0 1 0 1 0 0 0 0 0
227563 0 0 0 1 0 0 0 1 0 1 0 1 0 0
243750 1 1 5 0 0 1 0 0 0 0 0 0 0 0
245295 0 3 1 0 0 0 0 0 1 0 0 0 0 1
256355 0 0 1 0 1 0 0 0 0 0 0 1 0 1
258115 0 0 1 0 1 1 0 2 0 0 0 0 0 0
261250 1 0 4 0 1 0 0 1 0 0 0 0 0 0
265677 0 1 0 0 0 0 0 1 0 0 0 1 0 1
270338 1 0 0 0 0 0 0 0 0 1 0 1 0 1
271875 0 1 5 0 0 0 0 0 0 1 0 0 0 0
272650 1 0 2 1 0 0 0 1 0 0 1 0 0 0
275110 1 0 1 0 1 0 0 0 0 0 1 0 1 0
277123 0 0 0 1 1 0 0 0 0 0 0 1 1 0
280250 1 0 3 0 0 0 0 1 0 0 0 1 0 0
286273 0 0 0 0 0 1 0 2 0 0 0 0 1 0
287615 0 0 1 0 0 0 0 0 1 0 1 0 1 0
289275 0 1 2 1 0 0 0 1 0 1 0 0 0 0
292125 0 1 3 0 0 0 0 1 0 0 1 0 0 0
295118 1 0 0 0 0 0 0 0 0 0 1 1 1 0
297250 1 0 3 0 0 0 0 0 0 1 1 0 0 0
309575 0 0 2 1 0 0 0 0 0 1 0 0 1 0
310821 0 1 0 1 0 0 0 2 0 0 1 0 0 0
313113 0 1 0 0 0 0 0 0 0 1 0 1 1 0
315875 0 0 3 1 0 0 0 2 0 0 0 0 0 0
318750 1 1 5 0 0 0 1 0 0 0 0 0 0 0
321165 0 4 1 0 0 1 0 0 0 0 0 0 1 0
322335 0 2 1 0 0 1 0 1 0 1 0 0 0 0
329875 0 0 3 1 0 1 0 0 0 1 0 0 0 0
335750 1 0 3 0 0 0 1 0 0 0 0 0 0 1
340423 0 0 0 0 0 0 0 2 1 0 1 0 0 0
343125 0 2 4 0 0 0 0 0 0 0 0 0 1 0
359775 0 3 2 0 0 1 0 0 0 0 1 0 0 0
362083 0 0 0 0 0 0 1 2 0 0 0 1 0 0
371875 0 0 5 1 0 0 1 0 0 0 0 0 0 0
374357 0 0 0 0 0 0 1 2 0 0 0 0 1 0
382755 0 1 1 0 0 0 1 1 0 0 0 0 0 1
393965 0 0 1 0 1 1 0 1 0 1 0 0 0 0
398905 0 0 1 0 0 1 1 2 0 0 0 0 0 0
405650 1 0 2 1 0 0 0 1 0 0 0 0 1 0
406250 1 0 6 0 0 1 0 0 0 0 0 0 0 0
408975 0 1 2 1 0 0 0 1 0 0 1 0 0 0
415935 0 4 1 0 0 1 0 0 0 0 0 0 0 1
419195 0 0 1 2 0 0 0 0 0 1 0 1 0 0
431375 0 0 3 1 0 0 1 0 0 1 0 0 0 0
447557 0 0 0 0 1 0 0 0 1 1 0 0 1 0
460275 0 1 2 0 0 0 1 2 0 0 0 0 0 0
475190 1 0 1 0 0 0 0 1 0 0 1 0 1 0
482885 0 0 1 0 0 1 1 1 1 0 0 0 0 0
484462 1 0 0 0 1 0 0 2 0 0 0 0 1 0
486475 0 0 2 0 1 0 0 0 0 1 0 0 1 0
491057 0 0 0 1 0 0 0 0 0 1 1 1 0 0
495567 0 2 0 0 0 0 1 0 0 0 1 0 0 1
507703 0 0 0 1 0 0 0 0 0 1 1 0 1 0
537225 0 1 2 0 0 1 0 1 0 1 0 0 0 0
539695 0 0 1 0 0 1 0 2 1 0 0 0 0 0
562725 0 2 2 0 0 0 0 0 0 0 1 0 1 0
572750 1 0 3 0 0 0 0 0 0 1 0 0 0 1
577885 0 0 1 1 1 0 0 1 0 0 0 0 0 1
590625 0 3 5 1 0 0 0 0 0 0 0 0 0 0
605625 0 1 4 0 0 0 1 1 0 0 0 0 0 0
616550 1 0 2 0 1 0 0 1 0 0 0 1 0 0
618750 1 2 5 0 1 0 0 0 0 0 0 0 0 0
619913 0 0 0 1 0 0 0 1 0 0 0 1 0 1
641875 0 0 4 0 0 1 0 0 0 0 0 0 0 1
643218 1 1 0 0 0 0 0 0 1 0 0 1 0 1
652935 0 1 1 0 0 0 0 1 0 1 0 0 0 1
655785 0 2 1 0 0 1 0 1 0 0 0 1 0 0
658735 0 0 1 1 1 0 0 0 0 1 0 1 0 0
666995 0 0 1 1 0 0 1 1 0 0 0 1 0 0
671715 0 2 1 0 1 0 0 0 1 0 0 1 0 0
674975 0 0 2 2 0 0 0 1 0 1 0 0 0 0
680485 0 0 1 0 0 1 0 2 0 1 0 0 0 0
689117 0 0 0 0 1 1 0 0 0 0 0 0 1 1
712785 0 1 1 0 0 0 0 1 0 0 1 0 1 0
760375 0 0 3 1 1 0 0 0 0 0 0 0 0 1
762500 2 0 5 0 0 0 0 0 0 0 0 0 1 0
781337 0 0 0 0 0 0 1 1 0 0 1 1 0 0
802575 0 3 2 0 0 0 0 0 0 1 1 0 0 0
807415 0 0 1 1 0 0 1 0 1 0 0 1 0 0
814055 0 0 1 0 1 0 0 2 0 0 1 0 0 0
827475 0 1 2 0 1 0 1 0 0 0 0 1 0 0
871250 1 0 4 0 0 0 1 0 0 0 1 0 0 0
888953 0 0 0 0 0 1 0 1 0 0 0 1 1 0
907125 0 1 3 0 0 0 0 0 0 0 1 1 0 0
911950 1 0 2 0 0 1 0 0 1 0 0 0 1 0
924375 0 1 4 0 0 0 1 0 0 1 0 0 0 0
928125 0 3 5 0 1 0 0 0 0 0 0 0 0 0
968461 0 0 0 0 0 1 0 0 1 0 1 0 0 1
977625 0 2 3 0 1 0 0 0 0 0 0 0 0 1
993225 0 1 2 0 0 0 1 1 0 0 1 0 0 0
1025000 3 0 5 0 0 0 0 0 0 0 1 0 0 0
1060675 0 0 2 1 1 0 0 1 0 1 0 0 0 0
1069375 0 0 4 0 0 0 0 0 0 1 0 1 0 0
1073295 0 2 1 0 0 0 1 0 1 0 0 0 1 0
1101050 1 0 2 0 0 0 0 2 0 0 0 0 1 0
1125750 1 1 3 0 0 0 0 1 0 0 0 0 0 1
1129550 1 0 2 0 0 0 0 1 0 1 1 0 0 0
1141875 0 2 4 1 0 0 0 0 0 1 0 0 0 0
1143750 1 1 5 0 0 0 0 0 0 0 0 0 1 0
1145375 0 0 3 2 1 0 1 0 0 0 0 0 0 0
1159275 0 1 2 0 0 1 0 0 0 1 1 0 0 0
1192567 0 0 0 0 0 0 1 0 0 1 1 1 0 0
1199565 0 2 1 0 0 0 0 1 1 0 0 0 1 0
1211155 0 0 1 0 1 0 0 2 0 0 0 0 1 0
1221103 0 0 0 0 0 1 0 0 0 1 1 0 0 1
1232993 0 0 0 0 0 0 1 0 0 1 1 0 1 0
1280695 0 0 1 0 0 1 1 1 0 0 0 0 1 0
1281250 1 0 6 0 0 0 0 0 0 0 1 0 0 0
1334375 0 0 5 1 0 0 0 0 0 0 0 0 1 0
1378125 0 2 5 2 0 0 0 0 0 0 0 0 0 0
1397510 1 0 1 0 0 0 0 0 0 1 0 0 1 1
1431365 0 0 1 0 0 1 0 2 0 0 0 0 1 0
1437500 2 0 6 0 0 0 0 0 1 0 0 0 0 0
1466135 0 0 1 0 1 0 0 1 1 0 0 0 1 0
1468125 0 4 4 0 0 0 0 0 0 1 0 0 0 0
1671705 0 3 1 1 0 0 0 0 0 1 0 0 1 0
1682621 0 0 0 0 0 0 0 2 0 0 0 1 0 1
1684375 0 0 5 2 1 0 0 0 0 0 0 0 0 0
1696250 1 0 4 0 0 0 0 0 1 0 0 1 0 0
1768125 0 1 4 0 0 0 0 0 1 0 1 0 0 0
1793750 1 0 5 1 0 0 0 0 0 0 1 0 0 0
1819935 0 3 1 0 0 1 1 0 0 0 0 0 1 0
1832075 0 0 2 1 0 0 0 2 0 1 0 0 0 0
1906250 1 0 6 0 0 0 0 0 0 0 0 0 1 0
1924130 1 0 1 0 0 1 0 2 0 0 1 0 0 0
1930775 0 0 2 1 1 0 1 0 0 0 0 1 0 0
1932125 0 0 3 0 0 1 0 0 0 1 1 0 0 0
1944375 0 1 4 0 0 0 1 0 0 0 0 0 1 0
2063875 0 0 3 0 1 0 0 1 0 0 0 0 0 1
2095975 0 0 2 2 0 0 0 0 0 1 0 1 0 0
2173125 0 1 4 0 0 0 0 1 0 0 0 0 1 0
2188375 0 0 3 1 0 0 0 0 0 0 1 0 1 0
2228985 0 3 1 0 1 0 0 1 0 0 0 0 0 1
2231075 0 0 2 1 1 0 0 1 0 0 0 0 1 0
2278575 0 2 2 0 0 1 0 1 0 0 1 0 0 0
2331875 0 0 4 1 0 1 0 0 0 0 1 0 0 0
2356965 0 3 1 0 0 1 1 0 0 0 0 0 0 1
2371875 0 1 5 0 1 0 0 0 1 0 0 0 0 0
2486055 0 1 1 0 1 1 0 1 0 0 0 0 1 0
2501000 3 0 3 0 0 0 0 0 0 0 1 0 1 0
2559375 0 2 5 1 0 1 0 0 0 0 0 0 0 0
2613545 0 0 1 0 1 0 0 1 0 0 1 0 1 0
2619777 0 1 0 0 0 0 0 2 0 0 1 1 0 0
2626965 0 3 1 0 1 0 0 0 0 1 0 0 1 0
2632875 0 1 3 1 0 0 1 0 0 0 0 1 0 0
2707215 0 1 1 1 0 0 0 1 1 0 0 1 0 0
2708583 0 1 0 0 0 0 0 2 0 0 1 0 1 0
2726685 0 2 1 0 0 1 0 0 0 0 0 1 0 1
2747925 0 4 2 0 0 0 0 0 1 0 0 1 0 0
2767787 0 0 0 0 1 0 1 2 0 0 1 0 0 0
2951475 0 1 2 0 0 0 0 0 1 1 0 1 0 0
3158750 1 0 4 1 0 0 0 2 0 0 0 0 0 0
3316875 0 1 4 0 0 0 0 0 0 1 0 0 1 0
3330225 0 2 2 0 0 0 0 2 0 0 1 0 0 0
3334975 0 0 2 1 0 0 1 1 0 0 0 1 0 0
3358575 0 2 2 0 1 0 0 0 1 0 0 1 0 0
3404230 1 0 1 0 0 0 0 2 1 0 1 0 0 0
3408125 0 0 4 1 0 0 0 1 0 0 1 0 0 0
3425835 0 1 1 2 0 0 0 0 0 0 0 1 0 1
3459375 0 3 5 0 0 0 0 0 0 0 1 0 0 0
3507837 0 1 0 0 0 0 0 2 0 0 1 0 0 1
3626450 1 0 2 0 0 0 0 0 0 1 1 0 1 0
3714975 0 2 2 0 1 0 0 1 0 0 0 0 0 1
3743570 1 0 1 0 0 0 1 2 0 0 0 0 1 0
3763375 0 0 3 1 1 0 1 0 1 0 0 0 0 0
3766750 1 0 3 0 0 1 0 1 0 0 0 0 1 0
3801875 0 0 4 1 1 0 0 0 0 0 0 0 0 1
3987500 2 0 5 0 1 0 0 0 0 1 0 0 0 0
3999375 0 4 4 0 0 0 0 0 0 0 0 0 0 1
4030565 0 0 1 1 1 0 0 2 0 1 0 0 0 0
4059855 0 3 1 0 0 0 1 0 0 1 0 0 1 0
4236375 0 1 3 0 1 1 0 0 0 0 0 0 0 1
4254195 0 1 1 0 1 0 0 1 1 0 0 1 0 0
4476875 0 0 4 0 0 1 0 1 0 1 0 0 0 0
4536875 0 0 4 1 0 0 1 0 0 0 0 0 1 0
4571875 0 0 5 1 1 0 0 1 0 0 0 0 0 0
4705635 0 1 1 0 1 0 0 2 0 0 0 0 0 1
4791875 0 0 4 0 1 0 1 0 0 0 1 0 0 0
4878250 1 0 3 0 0 1 0 1 0 0 0 0 0 1
5010733 0 0 0 1 0 1 1 0 0 0 1 0 0 1
5031250 1 0 6 1 0 0 0 0 1 0 0 0 0 0
5064830 1 0 1 0 0 0 0 2 1 0 0 0 1 0
5165625 0 1 5 0 0 0 0 1 0 1 0 0 0 0
5166205 0 0 1 0 1 0 0 0 0 1 1 0 0 1
5189375 0 0 4 0 0 0 0 2 1 0 0 0 0 0
5243625 0 2 3 0 0 0 0 0 0 0 0 1 0 1
5431250 1 0 5 0 1 0 0 0 0 0 0 0 0 1
5464685 0 0 1 0 0 0 0 1 1 0 1 0 1 0
5668250 1 0 3 1 0 0 0 0 0 0 1 0 0 1
5709725 0 0 2 2 0 0 0 0 0 0 0 1 0 1
5767250 1 0 3 0 0 0 1 0 1 0 0 1 0 0
5893750 1 0 5 0 0 0 0 0 1 0 1 0 0 0
6056250 1 1 5 0 0 0 1 1 0 0 0 0 0 0
6096035 0 0 1 0 1 0 0 0 1 0 0 0 1 1
6105515 0 0 1 0 0 1 0 0 0 1 1 0 0 1
6143375 0 0 3 2 0 0 1 0 0 0 0 1 0 0
6212525 0 0 2 0 1 0 0 1 0 1 1 0 0 0
6343750 1 0 6 1 0 0 0 0 0 1 0 0 0 0
6664250 1 0 3 0 0 0 0 1 1 0 0 0 1 0
6768750 1 1 5 0 0 0 0 2 0 0 0 0 0 0
6968195 0 0 1 0 0 1 0 0 1 0 0 1 0 1
6969375 0 3 4 1 0 0 0 0 0 0 0 1 0 0
7232687 0 0 0 1 1 0 0 0 0 1 1 0 0 1
7303125 0 1 5 0 0 0 0 1 0 0 1 0 0 0
7317375 0 1 3 0 0 1 0 1 0 0 0 0 0 1
7597245 0 1 1 0 0 0 0 2 1 0 0 0 1 0
7647875 0 0 3 0 0 0 1 0 0 0 0 1 1 0
7661875 0 0 4 0 0 1 0 0 1 0 1 0 0 0
7686305 0 0 1 0 1 0 0 0 0 1 0 0 1 1
7743750 1 1 5 1 0 0 0 0 0 0 0 1 0 0
8257875 0 1 3 0 0 0 0 2 0 0 0 0 1 0
8409375 0 2 5 0 0 1 0 0 1 0 0 0 0 0
8443125 0 2 4 0 0 0 0 1 0 0 0 0 0 1
8626095 0 4 1 0 0 0 0 2 0 0 0 1 0 0
8650875 0 1 3 0 0 0 1 0 1 0 0 1 0 0
8712500 2 0 5 0 0 0 1 0 0 0 1 0 0 0
8806875 0 1 4 1 1 0 0 0 0 0 0 0 1 0
9028610 1 0 1 0 0 0 0 2 0 0 1 0 1 0
9094673 0 0 0 1 0 0 0 2 0 0 0 1 1 0
9160375 0 0 3 1 0 0 0 2 0 1 0 0 0 0
9312125 0 0 3 0 0 0 0 0 1 0 1 0 0 1
9329375 0 0 4 0 1 0 0 0 1 0 0 1 0 0
9559375 0 0 5 1 0 0 0 1 1 0 0 0 0 0
9788515 0 0 1 0 1 0 1 2 0 1 0 0 0 0
9897250 1 0 3 0 1 0 0 0 0 0 0 1 1 0
9931471 0 0 0 0 1 0 0 2 0 0 1 0 1 0
9968750 1 0 6 0 1 0 0 0 0 1 0 0 0 0
10153125 0 2 5 0 0 0 0 2 0 0 0 0 0 0
10171750 1 0 3 0 0 0 0 0 1 1 0 0 1 0
10403750 1 0 4 1 0 0 0 0 0 1 1 0 0 0
10784375 0 0 5 1 0 0 1 0 0 1 0 0 0 0
10941875 0 0 4 1 0 0 0 0 0 0 1 0 1 0
11535975 0 2 2 0 1 0 0 0 0 0 0 1 0 1
11642155 0 0 1 2 0 0 0 1 0 0 1 0 1 0
11659375 0 0 5 1 0 1 0 0 0 0 1 0 0 0
11879750 1 0 3 0 0 0 0 1 0 0 1 0 1 0
11970475 0 0 2 0 1 0 0 1 0 1 0 0 0 1
12168750 1 1 5 0 1 0 0 0 0 0 0 1 0 0
12235125 0 1 3 1 0 0 0 0 0 0 0 1 0 1
12314375 0 0 4 0 0 0 1 1 0 0 0 0 1 0
12491875 0 0 4 0 1 0 0 0 1 0 0 0 0 1
12580850 1 0 2 0 0 0 1 2 0 0 1 0 0 0
12658750 1 0 4 0 0 1 0 1 0 0 1 0 0 0
12684375 0 2 5 0 1 0 0 0 0 0 1 0 0 0
12721875 0 1 5 0 0 0 0 0 1 0 0 1 0 0
13098885 0 1 1 0 0 0 0 2 0 0 1 1 0 0
13625755 0 0 1 0 1 1 1 1 0 0 0 1 0 0
13765750 1 0 3 0 0 0 1 0 0 0 1 0 0 1
14487500 2 0 5 0 0 0 0 1 0 0 0 0 1 0
14664375 0 3 4 0 1 0 0 0 0 0 0 0 0 1
14734375 0 0 6 0 0 0 0 0 1 0 1 0 0 0
14845875 0 1 3 0 1 0 0 0 0 0 0 1 1 0
15059375 0 0 5 0 0 0 0 0 0 0 0 0 1 1
15385250 1 0 3 0 0 0 0 1 0 0 1 0 0 1
15406250 1 0 6 0 0 0 1 0 0 1 0 0 0 0
15435875 0 0 3 1 0 1 0 0 1 0 0 1 0 0
15441775 0 0 2 0 0 0 0 2 0 1 0 1 0 0
15936250 1 0 4 0 1 0 0 1 0 0 0 0 1 0
15948125 0 0 4 0 0 0 1 1 0 0 0 0 0 1
16071365 0 0 1 0 0 0 0 0 1 1 0 0 1 1
16209375 0 1 5 1 0 1 0 1 0 0 0 0 0 0
16674875 0 0 3 1 0 0 1 1 0 0 0 1 0 0
16794215 0 0 1 0 0 0 1 0 0 0 1 0 1 1
17145695 0 0 1 1 0 0 0 2 1 0 0 1 0 0
17269005 0 1 1 0 0 1 0 1 0 0 0 1 0 1
17291975 0 0 2 0 0 0 1 0 1 1 0 0 1 0
17469075 0 1 2 0 0 1 0 1 1 0 1 0 0 0
17609375 0 0 6 2 0 0 0 0 1 0 0 0 0 0
18132250 1 0 3 0 0 0 0 0 0 1 1 0 1 0
18501250 1 0 4 0 0 0 0 2 0 0 1 0 0 0
18694975 0 0 2 0 0 1 0 0 1 0 1 0 1 0
18833750 1 0 4 0 0 1 0 1 0 0 0 0 1 0
18871275 0 1 2 0 0 0 1 2 0 0 1 0 0 0
19342855 0 0 1 1 0 0 1 1 0 1 0 1 0 0
19487325 0 1 2 0 1 1 0 0 1 0 0 0 0 1
19723995 0 2 1 0 0 0 1 1 1 0 0 1 0 0
19945475 0 0 2 0 1 0 0 0 0 1 1 0 1 0
20145125 0 0 3 2 1 1 0 0 1 0 0 0 0 0
20466895 0 0 1 0 0 0 1 2 1 1 0 0 0 0
20628125 0 0 5 1 0 0 0 0 1 0 1 0 0 0
20984375 0 0 6 0 0 0 1 0 0 0 0 0 0 1
21018750 1 1 5 0 0 0 0 1 0 0 0 1 0 0
21790175 0 0 2 0 1 0 1 0 0 0 0 1 0 1
22139750 1 0 3 0 0 0 0 1 0 0 0 1 0 1
22615567 0 0 0 0 0 1 0 2 0 0 0 0 1 1
22763675 0 0 2 0 1 0 0 0 1 0 0 1 1 0
22783995 0 2 1 0 0 1 1 0 0 1 0 0 0 1
22890250 1 0 3 0 0 0 0 1 0 0 0 0 1 1
23483475 0 2 2 0 0 0 0 0 0 1 0 1 1 0
23528175 0 1 2 0 1 0 0 2 0 0 0 0 0 1
23598575 0 0 2 1 1 1 0 0 1 0 1 0 0 0
24343750 1 0 6 0 0 0 0 1 0 0 1 0 0 0
24697375 0 0 3 0 0 0 0 0 0 0 1 0 1 1
24984375 0 1 6 0 0 1 0 0 0 0 1 0 0 0
25554375 0 2 4 1 1 0 0 0 0 0 0 1 0 0
26135450 1 0 2 0 1 0 0 1 0 0 1 0 1 0
26203375 0 0 3 0 1 0 1 1 0 0 0 1 0 0
26264735 0 0 1 2 0 0 0 0 1 0 0 1 0 1
26427575 0 0 2 0 0 0 0 1 1 0 1 1 0 0
26917275 0 1 2 1 1 0 0 0 0 0 0 1 0 1
27327443 0 0 0 0 1 1 0 0 0 0 1 1 0 1
27751875 0 1 4 0 0 0 0 2 0 0 1 0 0 0
27792875 0 0 3 0 1 0 1 0 0 1 1 0 0 0
28143750 1 1 5 0 0 0 0 1 0 0 0 0 0 1
28393750 1 0 5 1 1 0 0 0 0 0 0 1 0 0
28648955 0 0 1 0 0 0 0 0 0 1 1 0 1 1
28981875 0 1 4 0 0 1 0 0 0 1 1 0 0 0
29093750 1 0 6 2 0 0 0 1 0 0 0 0 0 0
29954477 0 0 0 1 0 0 0 0 0 1 1 1 1 0
30480175 0 0 2 0 1 0 0 0 1 0 0 0 1 1
30958125 0 1 4 0 1 0 0 1 0 0 0 0 0 1
30967625 0 0 3 0 0 1 1 1 0 0 0 1 0 0
31343750 1 0 6 0 0 0 1 0 0 0 0 1 0 0
31588545 0 1 1 0 0 0 0 1 1 0 0 0 1 1
32192175 0 1 2 0 0 0 0 2 0 1 1 0 0 0
32480975 0 0 2 0 0 0 0 2 0 0 0 1 1 0
33309375 0 1 5 0 1 0 1 1 0 0 0 0 0 0
34190500 2 0 3 0 0 0 0 1 0 0 0 1 1 0
35434375 0 0 5 0 0 0 1 0 1 1 0 0 0 0
36515625 0 1 6 0 0 0 0 1 0 0 1 0 0 0
36529850 1 0 2 1 0 0 0 0 0 1 0 1 1 0
37140155 0 0 1 0 0 1 1 1 0 1 0 0 1 0
37228125 0 1 5 0 1 0 0 2 0 0 0 0 0 0
37609550 1 0 2 0 1 0 0 1 0 0 0 1 1 0
37814693 0 0 0 1 0 0 0 1 0 0 0 1 1 1
37899375 0 1 4 0 0 0 1 0 0 1 1 0 0 0
38356250 1 0 5 0 0 0 1 2 0 0 0 0 0 0
39484375 0 0 6 1 0 0 0 2 0 0 0 0 0 0
39829035 0 1 1 0 0 0 0 1 0 1 0 0 1 1
40551885 0 2 1 0 1 0 1 0 0 0 0 0 1 1
40734375 0 1 6 0 1 0 0 0 0 0 0 0 0 1
41384375 0 0 5 0 0 0 1 1 0 0 1 0 0 0
41660255 0 0 1 1 0 1 0 1 0 0 0 0 1 1
42191875 0 0 4 0 1 0 1 2 0 0 0 0 0 0
43457925 0 1 2 1 0 0 0 0 1 0 0 1 1 0
43844375 0 0 4 0 0 0 0 0 0 1 1 1 0 0
44061875 0 0 4 0 1 1 1 0 0 1 0 0 0 0
44768750 1 0 5 0 0 1 0 1 0 1 0 0 0 0
45561275 0 0 2 0 0 0 1 0 1 0 0 1 0 1
45801875 0 0 4 1 0 0 0 2 0 1 0 0 0 0
46893750 1 1 5 0 0 0 0 0 0 0 1 0 1 0
47201947 0 0 0 0 0 1 0 1 0 0 1 1 0 1
47236875 0 1 4 1 0 0 0 0 0 0 0 1 1 0
47309150 1 0 2 1 0 0 0 0 0 1 0 1 0 1
47796875 0 0 6 1 0 0 0 1 1 0 0 0 0 0
48682375 0 0 3 1 0 0 0 0 1 0 1 1 0 0
49657355 0 0 1 0 1 0 0 2 0 0 1 0 1 0
51201875 0 0 4 0 0 0 1 0 0 0 0 0 1 1
52119375 0 1 4 1 1 0 0 2 0 0 0 0 0 0
52189770 1 1 1 0 0 0 0 2 0 0 0 0 1 1
53848375 0 0 3 1 0 0 0 1 0 0 1 0 0 1
54899075 0 0 2 1 1 0 0 2 0 0 0 0 0 1
57225625 0 0 4 0 0 0 0 1 0 0 0 0 1 1
57534375 0 1 5 0 0 0 1 2 0 0 0 0 0 0
57717163 0 0 0 1 0 0 0 0 0 1 0 1 1 1
58078125 0 2 6 1 0 0 0 0 0 0 0 1 0 0
58574945 0 0 1 0 1 1 1 0 0 0 0 0 1 1
58963125 0 1 4 0 0 1 0 0 0 0 1 1 0 0
60484375 0 0 6 2 0 0 0 0 0 0 0 0 0 1
63293750 1 0 5 0 0 1 0 1 0 0 1 0 0 0
64483283 0 0 0 0 0 0 0 1 1 0 1 1 1 0
67010625 0 3 4 0 1 0 0 2 0 0 0 0 0 0
67624375 0 0 4 1 0 1 0 0 0 1 1 0 0 0
67747635 0 2 1 0 0 0 1 1 0 0 0 1 0 1
68828750 1 0 4 0 0 0 1 0 0 0 1 0 0 1
69059375 0 0 5 2 1 0 0 0 0 0 1 0 0 0
72828125 0 0 6 0 0 0 0 0 0 0 0 1 0 1
75717945 0 2 1 0 0 0 0 2 0 0 0 1 0 1
77068750 1 0 5 0 1 0 0 1 0 0 0 1 0 0
77722175 0 0 2 0 0 0 0 0 1 1 0 1 0 1
81113375 0 0 3 2 0 0 1 1 0 0 1 0 0 0
81775525 0 0 2 0 0 1 1 2 0 0 1 0 0 0
82921875 0 1 6 0 0 0 0 0 0 1 0 0 1 0
83208125 0 0 4 2 1 1 0 1 0 0 0 0 0 0
83766725 0 0 2 2 0 0 0 1 0 0 0 1 1 0
84131050 1 0 2 0 0 0 0 2 0 0 0 1 0 1
84256250 1 0 5 0 0 1 1 0 0 0 0 0 1 0
84371875 0 0 5 2 0 0 0 1 0 1 0 0 0 0
85626125 0 0 3 0 0 1 0 0 1 1 0 0 0 1
88551495 0 3 1 0 0 0 0 2 1 0 0 0 0 1
89121875 0 0 5 0 0 0 0 2 0 0 0 0 0 1
89442525 0 1 2 0 0 0 1 0 0 1 1 1 0 0
91427875 0 0 3 2 1 0 0 0 1 0 0 1 0 0
91474075 0 0 2 1 1 0 0 1 0 0 1 0 1 0
91835683 0 0 0 0 0 0 1 1 0 0 0 1 1 1
98421853 0 0 0 0 0 0 0 0 1 1 1 1 1 0
100231250 1 0 5 1 0 0 0 0 0 1 0 0 0 1
103404285 0 2 1 0 0 0 1 0 0 1 0 1 0 1
115603125 0 1 5 0 1 0 0 1 0 0 0 1 0 0
117676975 0 0 2 0 0 1 1 2 0 0 0 1 0 0
117859625 0 0 3 0 0 1 0 0 0 1 1 0 1 0
118037975 0 0 2 0 1 0 0 2 0 1 1 0 0 0
119643125 0 0 4 1 0 0 0 0 1 1 1 0 0 0
121709375 0 0 5 0 0 0 1 0 0 1 0 0 0 1
122474885 0 0 1 0 0 1 1 0 1 0 0 0 1 1
122609375 0 0 6 1 0 0 0 1 0 0 0 1 0 0
127464367 0 0 0 0 0 0 0 0 1 1 1 1 0 1
130914845 0 0 1 0 0 0 0 2 0 1 1 0 1 0
131828125 0 0 6 0 1 1 0 0 0 0 0 1 0 0
132584375 0 0 5 1 1 0 0 1 0 1 0 0 0 0
134406250 1 0 6 0 1 0 1 0 1 0 0 0 0 0
134512625 0 0 3 0 0 1 0 0 1 0 0 1 1 0
138759375 0 1 5 0 0 0 0 2 0 0 1 0 0 0
141578125 0 0 6 0 0 1 1 0 0 0 1 0 0 0
141968750 1 0 6 1 1 0 0 0 0 0 0 1 0 0
144859750 1 0 3 1 0 0 0 0 1 0 0 1 1 0
146656250 1 0 6 0 0 1 0 2 0 0 0 0 0 0
150583875 0 1 3 0 0 1 1 0 1 0 0 0 0 1
150639125 0 0 3 1 0 1 1 1 0 0 1 0 0 0
151329395 0 0 1 2 0 0 0 2 0 1 0 1 0 0
151543093 0 0 0 0 0 1 0 0 0 0 1 1 1 1
154424855 0 0 1 0 0 1 1 0 0 1 0 0 1 1
154838125 0 0 4 0 0 1 1 1 0 0 0 1 0 0
158234375 0 0 6 0 0 1 0 1 0 0 1 0 0 0
159593525 0 0 2 1 0 1 0 0 0 1 1 1 0 0
160419375 0 2 4 0 0 0 0 2 0 0 0 0 0 1
164665625 0 0 5 0 0 0 0 0 1 1 0 0 0 1
165003475 0 0 2 1 0 1 0 0 0 1 1 0 1 0
171084375 0 2 5 1 1 0 0 0 0 0 0 0 0 1
179759375 0 0 5 0 0 0 0 0 1 0 1 0 1 0
183551875 0 0 4 0 0 1 0 1 0 1 1 0 0 0
184559375 0 0 5 1 1 1 0 0 0 0 0 1 0 0
185012500 2 0 5 0 0 0 0 2 0 0 1 0 0 0
204359375 0 0 6 0 1 0 0 0 0 1 1 0 0 0
205279762 1 0 0 0 0 0 0 2 0 0 0 1 1 1
206962383 0 1 0 0 0 0 0 2 0 0 1 1 0 1
208197725 0 0 2 0 0 0 1 2 1 0 0 1 0 0
210593302 1 0 0 0 0 0 0 1 0 1 1 1 0 1
216588125 0 0 4 0 0 1 0 1 1 0 0 0 1 0
219221875 0 0 5 0 0 0 0 0 0 1 1 1 0 0
222151325 0 0 2 0 1 0 1 1 0 0 1 0 1 0
226301875 0 0 4 0 0 0 1 2 0 0 0 1 0 0
236184375 0 1 5 1 0 0 0 0 0 0 0 1 1 0
246261575 0 0 2 1 0 0 1 0 1 0 0 1 1 0
248780875 0 0 3 1 0 0 0 0 0 0 0 1 1 1
257915625 0 1 5 0 1 0 0 0 0 0 1 0 1 0
257984375 0 0 6 0 1 0 0 1 0 0 0 0 0 1
268268125 0 0 4 0 0 0 0 2 0 1 1 0 0 0
277632465 0 1 1 0 1 0 0 2 0 0 0 1 0 1
284051075 0 0 2 1 1 0 0 0 0 0 1 1 1 0
293534375 0 0 5 0 0 0 0 0 0 1 1 0 0 1
294458675 0 0 2 1 0 0 0 2 0 0 0 1 0 1
296993750 1 0 5 0 0 0 0 1 0 0 1 0 1 0
316551875 0 0 4 0 0 0 0 2 1 0 0 0 1 0
320728545 0 3 1 0 0 0 1 0 0 1 0 0 1 1
326852625 0 1 3 0 1 0 1 0 0 0 0 1 0 1
328343750 1 0 6 1 0 0 0 1 0 0 0 0 0 1
337885625 0 0 4 2 1 0 1 0 0 0 0 1 0 0
345973375 0 0 3 0 1 0 1 2 0 0 1 0 0 0
360453125 0 0 6 0 0 0 1 0 1 0 0 1 0 0
361178125 0 0 5 1 1 0 0 1 0 0 0 0 0 1
362264375 0 0 4 0 1 0 0 0 1 1 0 0 0 1
384631250 1 0 5 0 0 0 0 1 0 0 1 0 0 1
386280375 0 1 3 0 0 1 1 0 0 0 0 1 0 1
391934375 0 0 5 1 0 0 0 1 1 0 1 0 0 0
401784125 0 0 3 0 0 0 0 0 1 1 0 0 1 1
405157425 0 1 2 0 0 0 0 1 0 0 0 1 1 1
415644675 0 1 2 0 0 0 0 0 0 1 1 1 0 1
454484375 0 0 6 0 0 0 1 0 0 1 0 1 0 0
455406250 1 0 6 0 0 1 0 1 0 0 0 1 0 0
457370375 0 0 3 1 1 0 0 1 0 0 1 0 1 0
459265625 0 0 6 1 0 1 1 1 0 0 0 0 0 0
487214625 0 1 3 0 0 0 0 2 0 0 0 1 1 0
490633675 0 0 2 1 0 0 0 1 0 0 1 1 1 0
496943575 0 0 2 0 0 0 1 2 0 0 1 0 0 1
499282133 0 0 0 1 0 0 0 2 0 0 1 0 1 1
504501110 1 0 1 0 0 0 0 2 0 1 0 0 1 1
508784375 0 0 5 0 1 0 0 2 0 0 1 0 0 0
513734375 0 0 6 2 1 0 0 0 0 0 0 0 1 0
531462500 2 0 5 0 0 0 1 0 0 0 1 0 1 0
556703125 0 0 6 0 1 0 0 0 0 0 1 0 0 1
569091875 0 0 4 0 1 0 0 0 1 0 0 1 1 0
593924975 0 0 2 1 0 0 0 0 1 0 1 1 1 0
596421875 0 0 6 2 0 0 0 1 0 0 1 0 0 0
597609375 0 1 6 0 1 0 0 1 0 0 0 0 1 0
598810125 0 1 3 0 0 0 1 0 0 1 1 0 0 1
619324475 0 0 2 2 1 0 0 1 0 0 1 1 0 0
633112775 0 0 2 0 0 0 0 2 0 1 1 1 0 0
635734375 0 0 6 0 0 0 0 0 1 1 0 0 1 0
653335925 0 0 2 0 1 0 1 0 0 1 0 0 1 1
657921875 0 0 6 0 0 1 0 0 0 0 1 0 0 1
669258375 0 1 3 0 0 0 0 1 0 1 1 0 0 1
672931875 0 1 4 1 1 0 0 0 0 0 0 1 0 1
684418475 0 0 2 0 0 1 0 1 1 0 0 0 1 1
688111125 0 1 3 0 0 1 1 2 1 0 0 0 0 0
706265625 0 1 6 0 0 1 0 1 0 0 0 0 1 0
725099375 0 0 4 1 1 1 0 1 0 0 0 0 1 0
731940135 0 1 1 0 0 0 0 2 0 1 0 1 0 1
763189375 0 0 4 0 0 1 0 0 0 1 1 0 0 1
781353815 0 0 1 0 1 0 0 2 1 1 0 1 0 0
783304355 0 0 1 0 0 0 0 1 0 1 0 1 1 1
790003375 0 0 3 1 0 0 0 2 0 0 1 0 1 0
815263475 0 0 2 0 0 1 1 0 0 0 1 1 1 0
836066875 0 0 4 1 0 0 0 0 0 0 1 1 0 1
860846875 0 0 5 1 0 0 0 0 1 1 0 1 0 0
890912625 0 1 3 0 0 0 1 0 0 1 0 0 1 1
897785625 0 1 4 0 1 0 0 1 0 1 0 0 0 1
913891355 0 0 1 0 0 1 1 2 0 1 0 0 0 1
916334375 0 0 5 0 1 0 0 1 1 0 0 0 1 0
