# S29 n=856084007503071071254530000000 primes=[2, 3, 5, 7, 11, 13, 17, 19, 23, 29, 41, 59, 61, 79, 109] exps=[7, 4, 7, 2, 1, 1, 1, 2, 1, 2, 1, 1, 1, 1, 1]
2 1 0 0 0 0 0 0 0 0 0 0 0 0 0 0
3 0 1 0 0 0 0 0 0 0 0 0 0 0 0 0
7 0 0 0 1 0 0 0 0 0 0 0 0 0 0 0
11 0 0 0 0 1 0 0 0 0 0 0 0 0 0 0
13 0 0 0 0 0 1 0 0 0 0 0 0 0 0 0
17 0 0 0 0 0 0 1 0 0 0 0 0 0 0 0
20 2 0 1 0 0 0 0 0 0 0 0 0 0 0 0
23 0 0 0 0 0 0 0 0 1 0 0 0 0 0 0
30 1 1 1 0 0 0 0 0 0 0 0 0 0 0 0
38 1 0 0 0 0 0 0 1 0 0 0 0 0 0 0
57 0 1 0 0 0 0 0 1 0 0 0 0 0 0 0
58 1 0 0 0 0 0 0 0 0 1 0 0 0 0 0
82 1 0 0 0 0 0 0 0 0 0 1 0 0 0 0
87 0 1 0 0 0 0 0 0 0 1 0 0 0 0 0
110 1 0 1 0 1 0 0 0 0 0 0 0 0 0 0
133 0 0 0 1 0 0 0 1 0 0 0 0 0 0 0
150 1 1 2 0 0 0 0 0 0 0 0 0 0 0 0
158 1 0 0 0 0 0 0 0 0 0 0 0 0 1 0
183 0 1 0 0 0 0 0 0 0 0 0 0 1 0 0
200 3 0 2 0 0 0 0 0 0 0 0 0 0 0 0
203 0 0 0 1 0 0 0 0 0 1 0 0 0 0 0
218 1 0 0 0 0 0 0 0 0 0 0 0 0 0 1
236 2 0 0 0 0 0 0 0 0 0 0 1 0 0 0
237 0 1 0 0 0 0 0 0 0 0 0 0 0 1 0
245 0 0 1 2 0 0 0 0 0 0 0 0 0 0 0
247 0 0 0 0 0 1 0 1 0 0 0 0 0 0 0
287 0 0 0 1 0 0 0 0 0 0 1 0 0 0 0
323 0 0 0 0 0 0 1 1 0 0 0 0 0 0 0
327 0 1 0 0 0 0 0 0 0 0 0 0 0 0 1
377 0 0 0 0 0 1 0 0 0 1 0 0 0 0 0
380 2 0 1 0 0 0 0 1 0 0 0 0 0 0 0
427 0 0 0 1 0 0 0 0 0 0 0 0 1 0 0
437 0 0 0 0 0 0 0 1 1 0 0 0 0 0 0
451 0 0 0 0 1 0 0 0 0 0 1 0 0 0 0
455 0 0 1 1 0 1 0 0 0 0 0 0 0 0 0
488 3 0 0 0 0 0 0 0 0 0 0 0 1 0 0
493 0 0 0 0 0 0 1 0 0 1 0 0 0 0 0
531 0 2 0 0 0 0 0 0 0 0 0 1 0 0 0
551 0 0 0 0 0 0 0 1 0 1 0 0 0 0 0
553 0 0 0 1 0 0 0 0 0 0 0 0 0 1 0
570 1 1 1 0 0 0 0 1 0 0 0 0 0 0 0
590 1 0 1 0 0 0 0 0 0 0 0 1 0 0 0
615 0 1 1 0 0 0 0 0 0 0 1 0 0 0 0
650 1 0 2 0 0 1 0 0 0 0 0 0 0 0 0
671 0 0 0 0 1 0 0 0 0 0 0 0 1 0 0
675 0 3 2 0 0 0 0 0 0 0 0 0 0 0 0
767 0 0 0 0 0 1 0 0 0 0 0 1 0 0 0
790 1 0 1 0 0 0 0 0 0 0 0 0 0 1 0
793 0 0 0 0 0 1 0 0 0 0 0 0 1 0 0
826 1 0 0 1 0 0 0 0 0 0 0 1 0 0 0
870 1 1 1 0 0 0 0 0 0 1 0 0 0 0 0
943 0 0 0 0 0 0 0 0 1 0 1 0 0 0 0
1003 0 0 0 0 0 0 1 0 0 0 0 1 0 0 0
1037 0 0 0 0 0 0 1 0 0 0 0 0 1 0 0
1125 0 2 3 0 0 0 0 0 0 0 0 0 0 0 0
1190 1 0 1 1 0 0 1 0 0 0 0 0 0 0 0
1250 1 0 4 0 0 0 0 0 0 0 0 0 0 0 0
1298 1 0 0 0 1 0 0 0 0 0 0 1 0 0 0
1330 1 0 1 1 0 0 0 1 0 0 0 0 0 0 0
1500 2 1 3 0 0 0 0 0 0 0 0 0 0 0 0
1501 0 0 0 0 0 0 0 1 0 0 0 0 0 1 0
1558 1 0 0 0 0 0 0 1 0 0 1 0 0 0 0
1575 0 2 2 1 0 0 0 0 0 0 0 0 0 0 0
1610 1 0 1 1 0 0 0 0 1 0 0 0 0 0 0
1700 2 0 2 0 0 0 1 0 0 0 0 0 0 0 0
1817 0 0 0 0 0 0 0 0 1 0 0 0 0 1 0
1853 0 0 0 0 0 0 1 0 0 0 0 0 0 0 1
1995 0 1 1 1 0 0 0 1 0 0 0 0 0 0 0
2000 4 0 3 0 0 0 0 0 0 0 0 0 0 0 0
2071 0 0 0 0 0 0 0 1 0 0 0 0 0 0 1
2180 2 0 1 0 0 0 0 0 0 0 0 0 0 0 1
2242 1 0 0 0 0 0 0 1 0 0 0 1 0 0 0
2300 2 0 2 0 0 0 0 0 1 0 0 0 0 0 0
2318 1 0 0 0 0 0 0 1 0 0 0 0 1 0 0
2378 1 0 0 0 0 0 0 0 0 1 1 0 0 0 0
2450 1 0 2 2 0 0 0 0 0 0 0 0 0 0 0
2523 0 1 0 0 0 0 0 0 0 2 0 0 0 0 0
2750 1 0 3 0 1 0 0 0 0 0 0 0 0 0 0
2765 0 0 1 1 0 0 0 0 0 0 0 0 0 1 0
2806 1 0 0 0 0 0 0 0 1 0 0 0 1 0 0
2891 0 0 0 2 0 0 0 0 0 0 0 1 0 0 0
2900 2 0 2 0 0 0 0 0 0 1 0 0 0 0 0
2950 1 0 2 0 0 0 0 0 0 0 0 1 0 0 0
2975 0 0 2 1 0 0 1 0 0 0 0 0 0 0 0
3335 0 0 1 0 0 0 0 0 1 1 0 0 0 0 0
3363 0 1 0 0 0 0 0 1 0 0 0 1 0 0 0
3477 0 1 0 0 0 0 0 1 0 0 0 0 1 0 0
3500 2 0 3 1 0 0 0 0 0 0 0 0 0 0 0
3567 0 1 0 0 0 0 0 0 0 1 1 0 0 0 0
3800 3 0 2 0 0 0 0 1 0 0 0 0 0 0 0
3950 1 0 2 0 0 0 0 0 0 0 0 0 0 1 0
3971 0 0 0 0 1 0 0 2 0 0 0 0 0 0 0
4275 0 2 2 0 0 0 0 1 0 0 0 0 0 0 0
4543 0 0 0 1 1 0 0 0 0 0 0 1 0 0 0
4575 0 1 2 0 0 0 0 0 0 0 0 0 1 0 0
4582 1 0 0 0 0 0 0 0 0 1 0 0 0 1 0
4693 0 0 0 0 0 1 0 2 0 0 0 0 0 0 0
4797 0 2 0 0 0 1 0 0 0 0 1 0 0 0 0
4838 1 0 0 0 0 0 0 0 0 0 1 1 0 0 0
5002 1 0 0 0 0 0 0 0 0 0 1 0 1 0 0
5307 0 1 0 0 0 0 0 0 0 1 0 0 1 0 0
5341 0 0 0 2 0 0 0 0 0 0 0 0 0 0 1
5510 1 0 1 0 0 0 0 1 0 1 0 0 0 0 0
5525 0 0 2 0 0 1 1 0 0 0 0 0 0 0 0
5775 0 1 2 1 1 0 0 0 0 0 0 0 0 0 0
5945 0 0 1 0 0 0 0 0 0 1 1 0 0 0 0
6273 0 2 0 0 0 0 1 0 0 0 1 0 0 0 0
6435 0 2 1 0 1 1 0 0 0 0 0 0 0 0 0
6478 1 0 0 0 0 0 0 0 0 0 1 0 0 1 0
6650 1 0 2 1 0 0 0 1 0 0 0 0 0 0 0
6710 1 0 1 0 1 0 0 0 0 0 0 0 1 0 0
6873 0 1 0 0 0 0 0 0 0 1 0 0 0 1 0
6885 0 4 1 0 0 0 1 0 0 0 0 0 0 0 0
7011 0 2 0 0 0 0 0 1 0 0 1 0 0 0 0
7198 1 0 0 0 0 0 0 0 0 0 0 1 1 0 0
7220 2 0 1 0 0 0 0 2 0 0 0 0 0 0 0
7250 1 0 3 0 0 0 0 0 0 1 0 0 0 0 0
7257 0 1 0 0 0 0 0 0 0 0 1 1 0 0 0
7503 0 1 0 0 0 0 0 0 0 0 1 0 1 0 0
7630 1 0 1 1 0 0 0 0 0 0 0 0 0 0 1
7695 0 4 1 0 0 0 0 1 0 0 0 0 0 0 0
7700 2 0 2 1 1 0 0 0 0 0 0 0 0 0 0
7847 0 0 0 1 0 0 0 1 0 0 0 1 0 0 0
7930 1 0 1 0 0 1 0 0 0 0 0 0 1 0 0
8113 0 0 0 1 0 0 0 1 0 0 0 0 1 0 0
8200 3 0 2 0 0 0 0 0 0 0 1 0 0 0 0
8393 0 0 0 1 1 0 0 0 0 0 0 0 0 0 1
8415 0 2 1 0 1 0 1 0 0 0 0 0 0 0 0
8645 0 0 1 1 0 1 0 1 0 0 0 0 0 0 0
8938 1 0 0 0 0 0 0 0 0 0 1 0 0 0 1
9251 0 0 0 0 1 0 0 0 0 2 0 0 0 0 0
9500 2 0 3 0 0 0 0 1 0 0 0 0 0 0 0
9638 1 0 0 0 0 0 0 0 0 0 0 0 1 1 0
9975 0 1 2 1 0 0 0 1 0 0 0 0 0 0 0
10370 1 0 1 0 0 0 1 0 0 0 0 0 1 0 0
10395 0 3 1 1 1 0 0 0 0 0 0 0 0 0 0
10797 0 1 0 0 0 0 0 0 0 0 0 1 1 0 0
10925 0 0 2 0 0 0 0 1 1 0 0 0 0 0 0
10933 0 0 0 0 0 1 0 0 0 2 0 0 0 0 0
11165 0 0 1 1 1 0 0 0 0 1 0 0 0 0 0
11210 1 0 1 0 0 0 0 1 0 0 0 1 0 0 0
11297 0 0 0 0 1 1 0 0 0 0 0 0 0 1 0
11385 0 2 1 0 1 0 0 0 1 0 0 0 0 0 0
11500 2 0 3 0 0 0 0 0 1 0 0 0 0 0 0
11990 1 0 1 0 1 0 0 0 0 0 0 0 0 0 1
12075 0 1 2 1 0 0 0 0 1 0 0 0 0 0 0
12095 0 0 1 0 0 0 0 0 0 0 1 1 0 0 0
12155 0 0 1 0 1 1 1 0 0 0 0 0 0 0 0
12250 1 0 3 2 0 0 0 0 0 0 0 0 0 0 0
12331 0 0 0 0 1 0 0 1 0 0 0 1 0 0 0
12535 0 0 1 0 0 0 0 0 1 0 0 0 0 0 1
12635 0 0 1 1 0 0 0 2 0 0 0 0 0 0 0
12750 1 1 3 0 0 0 1 0 0 0 0 0 0 0 0
13243 0 0 0 0 0 0 1 1 0 0 1 0 0 0 0
13298 1 0 0 0 0 0 0 0 0 0 0 0 1 0 1
13475 0 0 2 2 1 0 0 0 0 0 0 0 0 0 0
14152 3 0 0 0 0 0 0 0 0 1 0 0 1 0 0
14170 1 0 1 0 0 1 0 0 0 0 0 0 0 0 1
14297 0 0 0 0 0 0 1 0 0 2 0 0 0 0 0
14375 0 0 4 0 0 0 0 0 1 0 0 0 0 0 0
14457 0 1 0 0 0 0 0 0 0 0 0 0 1 1 0
14573 0 0 0 0 0 1 0 1 0 0 0 1 0 0 0
14773 0 0 0 0 1 0 1 0 0 0 0 0 0 1 0
15375 0 1 3 0 0 0 0 0 0 0 1 0 0 0 0
15457 0 0 0 0 0 1 0 0 0 1 1 0 0 0 0
15580 2 0 1 0 0 0 0 1 0 0 1 0 0 0 0
15587 0 0 0 0 1 1 0 0 0 0 0 0 0 0 1
16350 1 1 2 0 0 0 0 0 0 0 0 0 0 0 1
16933 0 0 0 1 0 0 0 0 0 0 1 1 0 0 0
17255 0 0 1 1 0 0 1 0 0 1 0 0 0 0 0
17507 0 0 0 1 0 0 0 0 0 0 1 0 1 0 0
17775 0 2 2 0 0 0 0 0 0 0 0 0 0 1 0
17995 0 0 1 0 0 0 0 0 0 0 0 1 1 0 0
18050 1 0 2 0 0 0 0 2 0 0 0 0 0 0 0
18375 0 1 3 2 0 0 0 0 0 0 0 0 0 0 0
18821 0 0 0 0 1 0 0 0 0 1 0 1 0 0 0
19175 0 0 2 0 0 1 0 0 0 0 0 1 0 0 0
19293 0 1 0 0 0 0 0 0 0 0 0 1 0 0 1
19343 0 0 0 0 0 0 0 0 1 2 0 0 0 0 0
19575 0 3 2 0 0 0 0 0 0 1 0 0 0 0 0
19703 0 0 0 0 0 0 1 1 0 0 0 0 1 0 0
19947 0 1 0 0 0 0 0 0 0 0 0 0 1 0 1
20213 0 0 0 0 0 0 1 0 0 1 1 0 0 0 0
20900 2 0 2 0 1 0 0 1 0 0 0 0 0 0 0
21350 1 0 2 1 0 0 0 0 0 0 0 0 1 0 0
21375 0 2 3 0 0 0 0 1 0 0 0 0 0 0 0
21800 3 0 2 0 0 0 0 0 0 0 0 0 0 0 1
22591 0 0 0 0 0 0 0 1 0 1 1 0 0 0 0
22875 0 1 3 0 0 0 0 0 0 0 0 0 1 0 0
22910 1 0 1 0 0 0 0 0 0 1 0 0 0 1 0
22997 0 0 0 0 0 1 0 0 0 1 0 0 1 0 0
23925 0 1 2 0 1 0 0 0 0 1 0 0 0 0 0
24035 0 0 1 0 1 0 0 1 1 0 0 0 0 0 0
24375 0 1 4 0 0 1 0 0 0 0 0 0 0 0 0
24395 0 0 1 1 0 0 1 0 0 0 1 0 0 0 0
25230 1 1 1 0 0 0 0 0 0 2 0 0 0 0 0
25783 0 0 0 0 0 0 0 1 1 0 0 1 0 0 0
25925 0 0 2 0 0 0 1 0 0 0 0 0 1 0 0
26657 0 0 0 0 0 0 0 1 1 0 0 0 1 0 0
27115 0 0 1 0 1 0 1 0 0 1 0 0 0 0 0
27183 0 1 0 0 0 1 1 0 0 0 1 0 0 0 0
27347 0 0 0 0 0 0 0 0 1 1 1 0 0 0 0
27511 0 0 0 0 1 0 0 0 0 0 1 0 1 0 0
27550 1 0 2 0 0 0 0 1 0 1 0 0 0 0 0
28175 0 0 2 2 0 0 0 0 1 0 0 0 0 0 0
28215 0 3 1 0 1 0 0 1 0 0 0 0 0 0 0
28700 2 0 2 1 0 0 0 0 0 0 1 0 0 0 0
28875 0 1 3 1 1 0 0 0 0 0 0 0 0 0 0
29087 0 0 0 0 0 0 1 0 0 1 0 1 0 0 0
29315 0 0 1 0 1 1 0 0 0 0 1 0 0 0 0
29325 0 1 2 0 0 0 1 0 1 0 0 0 0 0 0
29435 0 0 1 1 0 0 0 0 0 2 0 0 0 0 0
29500 2 0 3 0 0 0 0 0 0 0 0 1 0 0 0
29783 0 0 0 0 0 1 0 0 0 1 0 0 0 1 0
30975 0 1 2 1 0 0 0 0 0 0 0 1 0 0 0
31283 0 0 0 1 0 0 0 0 0 0 1 0 0 0 1
32390 1 0 1 0 0 0 0 0 0 0 1 0 0 1 0
32513 0 0 0 0 0 1 0 0 0 0 1 0 1 0 0
32591 0 0 0 0 0 1 0 0 1 0 0 0 0 0 1
32627 0 0 0 1 0 0 0 0 0 0 0 1 0 1 0
33250 1 0 3 1 0 0 0 1 0 0 0 0 0 0 0
33350 1 0 2 0 0 0 0 0 1 1 0 0 0 0 0
33611 0 0 0 0 0 0 0 1 0 1 0 0 1 0 0
33733 0 0 0 1 0 0 0 0 0 0 0 0 1 1 0
34335 0 2 1 1 0 0 0 0 0 0 0 0 0 0 1
34515 0 2 1 0 0 1 0 0 0 0 0 1 0 0 0
34771 0 0 0 0 1 0 0 0 0 1 0 0 0 0 1
34850 1 0 2 0 0 0 1 0 0 0 1 0 0 0 0
35931 0 1 0 1 0 0 0 0 0 1 0 1 0 0 0
37845 0 2 1 0 0 0 0 0 0 2 0 0 0 0 0
39353 0 0 0 0 0 0 0 0 1 1 0 1 0 0 0
39375 0 2 4 1 0 0 0 0 0 0 0 0 0 0 0
39500 2 0 3 0 0 0 0 0 0 0 0 0 0 1 0
39710 1 0 1 0 1 0 0 2 0 0 0 0 0 0 0
39875 0 0 3 0 1 0 0 0 0 1 0 0 0 0 0
40221 0 2 0 0 0 0 0 0 0 0 1 0 0 0 1
40250 1 0 3 1 0 0 0 0 1 0 0 0 0 0 0
40365 0 3 1 0 0 1 0 0 1 0 0 0 0 0 0
41000 3 0 3 0 0 0 0 0 0 0 1 0 0 0 0
41055 0 1 1 1 0 0 1 0 1 0 0 0 0 0 0
41123 0 0 0 0 0 0 1 0 0 0 1 1 0 0 0
42050 1 0 2 0 0 0 0 0 0 2 0 0 0 0 0
42090 1 1 1 0 0 0 0 0 1 0 0 0 1 0 0
42598 1 0 0 0 0 0 0 2 0 0 0 1 0 0 0
42845 0 0 1 0 1 0 0 1 0 0 1 0 0 0 0
43225 0 0 2 1 0 1 0 1 0 0 0 0 0 0 0
43750 1 0 5 1 0 0 0 0 0 0 0 0 0 0 0
44250 1 1 3 0 0 0 0 0 0 0 0 1 0 0 0
46875 0 1 6 0 0 0 0 0 0 0 0 0 0 0 0
49875 0 1 3 1 0 0 0 1 0 0 0 0 0 0 0
50020 2 0 1 0 0 0 0 0 0 0 1 0 1 0 0
50895 0 3 1 0 0 1 0 0 0 1 0 0 0 0 0
51271 0 0 0 0 1 0 0 0 0 0 0 1 0 1 0
52250 1 0 3 0 1 0 0 1 0 0 0 0 0 0 0
52693 0 0 0 0 0 0 0 0 1 1 0 0 0 1 0
53375 0 0 3 1 0 0 0 0 0 0 0 0 1 0 0
54530 1 0 1 1 0 0 0 1 0 0 1 0 0 0 0
57523 0 0 0 0 0 0 0 0 1 0 1 0 1 0 0
60375 0 1 3 1 0 0 0 0 1 0 0 0 0 0 0
61750 1 0 3 0 0 1 0 1 0 0 0 0 0 0 0
62675 0 0 2 0 0 0 0 0 1 0 0 0 0 0 1
63175 0 0 2 1 0 0 0 2 0 0 0 0 0 0 0
63897 0 1 0 0 0 0 0 2 0 0 0 1 0 0 0
64310 1 0 1 0 0 0 0 0 0 0 0 1 0 0 1
65018 1 0 0 0 0 0 0 1 0 1 0 1 0 0 0
65975 0 0 2 1 0 1 0 0 0 1 0 0 0 0 0
66215 0 0 1 0 0 0 1 1 0 0 1 0 0 0 0
70395 0 1 1 0 0 1 0 2 0 0 0 0 0 0 0
70850 1 0 2 0 0 1 0 0 0 0 0 0 0 0 1
71750 1 0 3 1 0 0 0 0 0 0 1 0 0 0 0
75030 1 1 1 0 0 0 0 0 0 0 1 0 1 0 0
76125 0 1 3 1 0 0 0 0 0 1 0 0 0 0 0
76995 0 2 1 0 0 0 0 0 0 1 0 1 0 0 0
78125 0 0 7 0 0 0 0 0 0 0 0 0 0 0 0
78375 0 1 3 0 1 0 0 1 0 0 0 0 0 0 0
79237 0 0 0 0 0 0 1 0 0 0 0 1 0 1 0
80750 1 0 3 0 0 0 1 1 0 0 0 0 0 0 0
80975 0 0 2 0 0 0 0 0 0 0 1 0 0 1 0
81750 1 1 3 0 0 0 0 0 0 0 0 0 0 0 1
81923 0 0 0 0 0 0 1 0 0 0 0 0 1 1 0
83030 1 0 1 0 0 0 0 2 1 0 0 0 0 0 0
83375 0 0 3 0 0 0 0 0 1 1 0 0 0 0 0
84075 0 1 2 0 0 0 0 1 0 0 0 1 0 0 0
88450 1 0 2 0 0 0 0 0 0 1 0 0 1 0 0
90250 1 0 3 0 0 0 0 2 0 0 0 0 0 0 0
91195 0 0 1 0 0 1 0 0 1 0 0 0 1 0 0
92055 0 1 1 0 0 0 1 2 0 0 0 0 0 0 0
92510 1 0 1 0 1 0 0 0 0 2 0 0 0 0 0
94875 0 1 3 0 1 0 0 0 1 0 0 0 0 0 0
95038 1 0 0 0 0 0 0 1 0 0 1 0 1 0 0
95625 0 2 4 0 0 0 1 0 0 0 0 0 0 0 0
96380 2 0 1 0 0 0 0 0 0 0 0 0 1 1 0
97527 0 1 0 0 0 0 0 1 0 1 0 1 0 0 0
97750 1 0 3 0 0 0 1 0 1 0 0 0 0 0 0
98750 1 0 4 0 0 0 0 0 0 0 0 0 0 1 0
99935 0 0 1 0 1 0 0 0 1 0 0 0 0 1 0
101475 0 2 2 0 1 0 0 0 0 0 1 0 0 0 0
102787 0 0 0 0 0 0 0 0 1 0 1 0 0 0 1
104690 1 0 1 0 0 0 0 2 0 1 0 0 0 0 0
105125 0 0 3 0 0 0 0 0 0 2 0 0 0 0 0
106275 0 1 2 0 0 1 0 0 0 0 0 0 0 0 1
110635 0 0 1 1 0 0 0 0 0 1 0 0 0 0 1
111943 0 0 0 0 0 1 0 0 0 0 0 0 0 1 1
112955 0 0 1 0 0 0 0 1 0 1 1 0 0 0 0
113033 0 0 0 0 0 0 1 0 0 0 0 0 1 0 1
114550 1 0 2 0 0 0 0 0 0 1 0 0 0 1 0
115900 2 0 2 0 0 0 0 1 0 0 0 0 1 0 0
117875 0 0 3 0 0 0 0 0 1 0 1 0 0 0 0
120950 1 0 2 0 0 0 0 0 0 0 1 1 0 0 0
122000 4 0 3 0 0 0 0 0 0 0 0 0 1 0 0
125000 3 0 6 0 0 0 0 0 0 0 0 0 0 0 0
126321 0 1 0 0 0 1 0 0 0 0 1 0 0 1 0
126331 0 0 0 0 0 0 0 1 0 0 0 0 1 0 1
127490 1 0 1 0 1 0 0 1 0 0 0 0 1 0 0
132675 0 1 2 0 0 0 0 0 0 1 0 0 1 0 0
135405 0 3 1 0 0 0 1 0 0 0 0 1 0 0 0
139751 0 0 0 0 0 0 0 0 0 1 0 0 1 1 0
142557 0 1 0 0 0 0 0 1 0 0 1 0 1 0 0
142970 1 0 1 0 0 0 1 0 0 2 0 0 0 0 0
144375 0 1 4 1 1 0 0 0 0 0 0 0 0 0 0
146205 0 4 1 0 0 0 0 2 0 0 0 0 0 0 0
147315 0 1 1 1 0 0 0 0 1 0 0 0 1 0 0
148857 0 1 0 0 0 0 0 0 0 2 0 1 0 0 0
149093 0 0 0 1 0 0 0 2 0 0 0 1 0 0 0
150535 0 0 1 1 1 0 1 0 1 0 0 0 0 0 0
152500 2 0 4 0 0 0 0 0 0 0 0 0 1 0 0
152927 0 0 0 0 0 0 0 0 1 0 0 0 1 0 1
162500 2 0 5 0 0 1 0 0 0 0 0 0 0 0 0
165495 0 1 1 0 1 0 1 0 0 0 0 1 0 0 0
167750 1 0 3 0 1 0 0 0 0 0 0 0 1 0 0
171675 0 2 2 1 0 0 0 0 0 0 0 0 0 0 1
171825 0 1 2 0 0 0 0 0 0 1 0 0 0 1 0
174250 1 0 3 0 0 0 1 0 0 0 1 0 0 0 0
174291 0 1 0 0 0 1 0 0 0 0 1 0 0 0 1
176351 0 0 0 2 0 0 0 0 0 0 0 1 1 0 0
177650 1 0 2 0 1 0 1 1 0 0 0 0 0 0 0
179170 1 0 1 0 0 0 0 1 1 0 1 0 0 0 0
181220 2 0 1 0 0 1 1 0 0 0 1 0 0 0 0
183195 0 3 1 0 0 0 0 0 1 0 0 1 0 0 0
183338 1 0 0 0 0 0 0 0 0 2 0 0 0 0 1
184875 0 1 3 0 0 0 1 0 0 1 0 0 0 0 0
185625 0 3 4 0 1 0 0 0 0 0 0 0 0 0 0
188955 0 2 1 0 0 1 1 1 0 0 0 0 0 0 0
198476 2 0 0 0 0 0 0 0 0 2 0 1 0 0 0
210453 0 1 0 0 0 0 0 0 0 1 1 1 0 0 0
212175 0 2 2 0 0 0 0 0 1 0 1 0 0 0 0
213875 0 0 3 0 0 0 0 0 0 1 0 1 0 0 0
215050 1 0 2 0 1 0 1 0 1 0 0 0 0 0 0
217455 0 1 1 1 0 0 0 1 0 0 0 0 0 0 1
218000 4 0 3 0 0 0 0 0 0 0 0 0 0 0 1
227563 0 0 0 1 0 0 0 1 0 1 0 1 0 0 0
243750 1 1 5 0 0 1 0 0 0 0 0 0 0 0 0
245295 0 3 1 0 0 0 0 0 1 0 0 0 0 1 0
245795 0 0 1 0 1 0 0 0 0 0 1 0 0 0 1
256355 0 0 1 0 1 0 0 0 0 0 0 1 0 1 0
258115 0 0 1 0 1 1 0 2 0 0 0 0 0 0 0
261250 1 0 4 0 1 0 0 1 0 0 0 0 0 0 0
265677 0 1 0 0 0 0 0 1 0 0 0 1 0 1 0
269230 1 0 1 0 0 1 0 1 0 0 0 0 0 0 1
269775 0 2 2 0 1 0 0 0 0 0 0 0 0 0 1
270338 1 0 0 0 0 0 0 0 0 1 0 1 0 1 0
271875 0 1 5 0 0 0 0 0 0 1 0 0 0 0 0
272650 1 0 2 1 0 0 0 1 0 0 1 0 0 0 0
275110 1 0 1 0 1 0 0 0 0 0 1 0 1 0 0
277123 0 0 0 1 1 0 0 0 0 0 0 1 1 0 0
280250 1 0 3 0 0 0 0 1 0 0 0 1 0 0 0
284163 0 1 0 0 1 0 0 0 0 0 0 0 0 1 1
286273 0 0 0 0 0 1 0 2 0 0 0 0 1 0 0
287615 0 0 1 0 0 0 0 0 1 0 1 0 1 0 0
287651 0 0 0 1 0 1 0 0 0 1 0 0 0 0 1
289275 0 1 2 1 0 0 0 1 0 1 0 0 0 0 0
292125 0 1 3 0 0 0 0 1 0 0 1 0 0 0 0
295118 1 0 0 0 0 0 0 0 0 0 1 1 1 0 0
297250 1 0 3 0 0 0 0 0 0 1 1 0 0 0 0
309575 0 0 2 1 0 0 0 0 0 1 0 0 1 0 0
310821 0 1 0 1 0 0 0 2 0 0 1 0 0 0 0
313113 0 1 0 0 0 0 0 0 0 1 0 1 1 0 0
315875 0 0 3 1 0 0 0 2 0 0 0 0 0 0 0
316100 2 0 2 0 0 0 0 0 0 1 0 0 0 0 1
318750 1 1 5 0 0 0 1 0 0 0 0 0 0 0 0
321165 0 4 1 0 0 1 0 0 0 0 0 0 1 0 0
321550 1 0 2 0 0 0 0 0 0 0 0 1 0 0 1
322335 0 2 1 0 0 1 0 1 0 1 0 0 0 0 0
329875 0 0 3 1 0 1 0 0 0 1 0 0 0 0 0
335750 1 0 3 0 0 0 1 0 0 0 0 0 0 1 0
340423 0 0 0 0 0 0 0 2 1 0 1 0 0 0 0
341715 0 1 1 0 1 0 0 1 0 0 0 0 0 0 1
343125 0 2 4 0 0 0 0 0 0 0 0 0 1 0 0
359775 0 3 2 0 0 1 0 0 0 0 1 0 0 0 0
362083 0 0 0 0 0 0 1 2 0 0 0 1 0 0 0
362425 0 0 2 1 0 0 0 1 0 0 0 0 0 0 1
371875 0 0 5 1 0 0 1 0 0 0 0 0 0 0 0
372998 1 0 0 0 0 0 0 0 0 1 0 1 0 0 1
374357 0 0 0 0 0 0 1 2 0 0 0 0 1 0 0
382755 0 1 1 0 0 0 1 1 0 0 0 0 0 1 0
392291 0 0 0 0 0 0 0 0 0 0 0 1 1 0 1
393965 0 0 1 0 1 1 0 1 0 1 0 0 0 0 0
398905 0 0 1 0 0 1 1 2 0 0 0 0 0 0 0
403845 0 1 1 0 0 1 0 1 0 0 0 0 0 0 1
405650 1 0 2 1 0 0 0 1 0 0 0 0 1 0 0
406250 1 0 6 0 0 1 0 0 0 0 0 0 0 0 0
408975 0 1 2 1 0 0 0 1 0 0 1 0 0 0 0
415935 0 4 1 0 0 1 0 0 0 0 0 0 0 1 0
419195 0 0 1 2 0 0 0 0 0 1 0 1 0 0 0
419650 1 0 2 1 1 0 0 0 0 0 0 0 0 0 1
431375 0 0 3 1 0 0 1 0 0 1 0 0 0 0 0
447557 0 0 0 0 1 0 0 0 1 1 0 0 1 0 0
460275 0 1 2 0 0 0 1 2 0 0 0 0 0 0 0
475190 1 0 1 0 0 0 0 1 0 0 1 0 1 0 0
482885 0 0 1 0 0 1 1 1 1 0 0 0 0 0 0
484462 1 0 0 0 1 0 0 2 0 0 0 0 1 0 0
486475 0 0 2 0 1 0 0 0 0 1 0 0 1 0 0
491057 0 0 0 1 0 0 0 0 0 1 1 1 0 0 0
495567 0 2 0 0 0 0 1 0 0 0 1 0 0 1 0
507703 0 0 0 1 0 0 0 0 0 1 1 0 1 0 0
511973 0 0 0 1 1 0 0 0 0 0 0 0 1 0 1
537225 0 1 2 0 0 1 0 1 0 1 0 0 0 0 0
539695 0 0 1 0 0 1 0 2 1 0 0 0 0 0 0
545218 1 0 0 0 0 0 0 0 0 0 1 0 1 0 1
559497 0 1 0 0 0 0 0 0 0 1 0 1 0 0 1
562725 0 2 2 0 0 0 0 0 0 0 1 0 1 0 0
572750 1 0 3 0 0 0 0 0 0 1 0 0 0 1 0
577885 0 0 1 1 1 0 0 1 0 0 0 0 0 1 0
580970 1 0 1 0 0 1 0 0 0 0 1 0 0 0 1
590625 0 3 5 1 0 0 0 0 0 0 0 0 0 0 0
605625 0 1 4 0 0 0 1 1 0 0 0 0 0 0 0
613125 0 2 4 0 0 0 0 0 0 0 0 0 0 0 1
616550 1 0 2 0 1 0 0 1 0 0 0 1 0 0 0
618750 1 2 5 0 1 0 0 0 0 0 0 0 0 0 0
619913 0 0 0 1 0 0 0 1 0 0 0 1 0 1 0
641875 0 0 4 0 0 1 0 0 0 0 0 0 0 1 0
643218 1 1 0 0 0 0 0 0 1 0 0 1 0 1 0
645047 0 0 0 0 0 1 0 0 0 2 0 1 0 0 0
652935 0 1 1 0 0 0 0 1 0 1 0 0 0 1 0
655785 0 2 1 0 0 1 0 1 0 0 0 1 0 0 0
658735 0 0 1 1 1 0 0 0 0 1 0 1 0 0 0
663047 0 0 0 1 1 0 0 0 0 0 0 0 0 1 1
666995 0 0 1 1 0 0 1 1 0 0 0 1 0 0 0
671715 0 2 1 0 1 0 0 0 1 0 0 1 0 0 0
674975 0 0 2 2 0 0 0 1 0 1 0 0 0 0 0
680485 0 0 1 0 0 1 0 2 0 1 0 0 0 0 0
689117 0 0 0 0 1 1 0 0 0 0 0 0 1 1 0
694666 1 0 0 1 0 0 0 0 0 2 0 1 0 0 0
708500 2 0 3 0 0 1 0 0 0 0 0 0 0 0 1
712785 0 1 1 0 0 0 0 1 0 0 1 0 1 0 0
749157 0 1 0 0 0 0 0 0 0 1 0 0 0 1 1
759730 1 0 1 0 0 0 1 0 0 0 1 0 0 0 1
760375 0 0 3 1 1 0 0 0 0 0 0 0 0 1 0
762500 2 0 5 0 0 0 0 0 0 0 0 0 1 0 0
781337 0 0 0 0 0 0 1 1 0 0 1 1 0 0 0
793063 0 0 0 0 0 0 0 0 1 2 1 0 0 0 0
802575 0 3 2 0 0 0 0 0 0 1 1 0 0 0 0
806055 0 1 1 0 0 0 1 0 0 1 0 0 0 0 1
807415 0 0 1 1 0 0 1 0 1 0 0 1 0 0 0
814055 0 0 1 0 1 0 0 2 0 0 1 0 0 0 0
827475 0 1 2 0 1 0 1 0 0 0 0 1 0 0 0
843523 0 0 0 0 0 0 1 0 0 2 0 1 0 0 0
849110 1 0 1 0 0 0 0 1 0 0 1 0 0 0 1
871250 1 0 4 0 0 0 1 0 0 0 1 0 0 0 0
878845 0 0 1 0 1 0 0 1 0 2 0 0 0 0 0
880175 0 0 2 0 0 0 1 1 0 0 0 0 0 0 1
885625 0 0 4 0 0 1 0 0 0 0 0 0 0 0 1
888953 0 0 0 0 0 1 0 1 0 0 0 1 1 0 0
900885 0 1 1 0 0 0 0 1 0 1 0 0 0 0 1
907125 0 1 3 0 0 0 0 0 0 0 1 1 0 0 0
911950 1 0 2 0 0 1 0 0 1 0 0 0 1 0 0
916690 1 0 1 0 0 0 0 0 0 2 0 0 0 0 1
919633 0 0 0 0 1 1 0 0 0 0 0 1 0 0 1
924375 0 1 4 0 0 0 1 0 0 1 0 0 0 0 0
928125 0 3 5 0 1 0 0 0 0 0 0 0 0 0 0
932495 0 0 1 0 0 0 0 0 0 1 0 1 0 0 1
968461 0 0 0 0 0 1 0 0 1 0 1 0 0 1 0
977625 0 2 3 0 1 0 0 0 0 0 0 0 0 1 0
992380 2 0 1 0 0 0 0 0 0 2 0 1 0 0 0
993225 0 1 2 0 0 0 1 1 0 0 1 0 0 0 0
1025000 3 0 5 0 0 0 0 0 0 0 1 0 0 0 0
1035391 0 0 0 1 0 0 0 0 1 0 0 1 0 0 1
1050542 1 0 0 0 0 0 0 0 0 0 0 0 1 1 1
1060675 0 0 2 1 1 0 0 1 0 1 0 0 0 0 0
1069375 0 0 4 0 0 0 0 0 0 1 0 1 0 0 0
1073295 0 2 1 0 0 0 1 0 1 0 0 0 1 0 0
1101050 1 0 2 0 0 0 0 2 0 0 0 0 1 0 0
1106350 1 0 2 1 0 0 0 0 0 1 0 0 0 0 1
1119430 1 0 1 0 0 1 0 0 0 0 0 0 0 1 1
1125750 1 1 3 0 0 0 0 1 0 0 0 0 0 1 0
1129463 0 0 0 0 0 0 1 0 0 2 0 0 0 1 0
1129550 1 0 2 0 0 0 0 1 0 1 1 0 0 0 0
1139050 1 0 2 0 1 0 0 1 0 0 0 0 0 0 1
1141875 0 2 4 1 0 0 0 0 0 1 0 0 0 0 0
1143750 1 1 5 0 0 0 0 0 0 0 0 0 1 0 0
1145375 0 0 3 2 1 0 1 0 0 0 0 0 0 0 0
1159275 0 1 2 0 0 1 0 0 0 1 1 0 0 0 0
1192567 0 0 0 0 0 0 1 0 0 1 1 1 0 0 0
1199565 0 2 1 0 0 0 0 1 1 0 0 0 1 0 0
1202597 0 0 0 0 1 0 1 0 0 0 0 1 0 0 1
1211155 0 0 1 0 1 0 0 2 0 0 0 0 1 0 0
1221103 0 0 0 0 0 1 0 0 0 1 1 0 0 1 0
1232993 0 0 0 0 0 0 1 0 0 1 1 0 1 0 0
1239875 0 0 3 1 0 1 0 0 0 0 0 0 0 0 1
1280695 0 0 1 0 0 1 1 1 0 0 0 0 1 0 0
1281250 1 0 6 0 0 0 0 0 0 0 1 0 0 0 0
1305493 0 0 0 1 0 0 0 0 0 1 0 1 0 0 1
1334375 0 0 5 1 0 0 0 0 0 0 0 0 1 0 0
1375035 0 1 1 0 0 0 0 0 0 2 0 0 0 0 1
1378125 0 2 5 2 0 0 0 0 0 0 0 0 0 0 0
1386371 0 0 0 1 0 0 0 0 1 0 0 0 0 1 1
1397510 1 0 1 0 0 0 0 0 0 1 0 0 1 1 0
1431365 0 0 1 0 0 1 0 2 0 0 0 0 1 0 0
1437500 2 0 6 0 0 0 0 0 1 0 0 0 0 0 0
1450725 0 1 2 0 0 0 0 0 1 2 0 0 0 0 0
1452425 0 0 2 0 0 1 0 0 0 0 1 0 0 0 1
1466135 0 0 1 0 1 0 0 1 1 0 0 0 1 0 0
1468125 0 4 4 0 0 0 0 0 0 1 0 0 0 0 0
1528097 0 0 0 0 0 0 0 0 1 2 0 0 0 1 0
1558373 0 0 0 0 0 0 1 0 0 2 0 0 0 0 1
1564695 0 2 1 0 1 0 0 0 0 1 0 0 0 0 1
1576875 0 1 4 0 0 0 0 0 0 2 0 0 0 0 0
1610257 0 0 0 0 1 0 1 0 0 0 0 0 0 1 1
1671705 0 3 1 1 0 0 0 0 0 1 0 0 1 0 0
1682621 0 0 0 0 0 0 0 2 0 0 0 1 0 1 0
1684375 0 0 5 2 1 0 0 0 0 0 0 0 0 0 0
1696250 1 0 4 0 0 0 0 0 1 0 0 1 0 0 0
1741711 0 0 0 0 0 0 0 1 0 2 0 0 0 0 1
1768125 0 1 4 0 0 0 0 0 1 0 1 0 0 0 0
1793750 1 0 5 1 0 0 0 0 0 0 1 0 0 0 0
1819935 0 3 1 0 0 1 1 0 0 0 0 0 1 0 0
1832075 0 0 2 1 0 0 0 2 0 1 0 0 0 0 0
1832835 0 1 1 0 0 0 0 1 0 0 0 1 0 0 1
1849185 0 2 1 0 0 1 0 0 0 1 0 0 0 0 1
1906250 1 0 6 0 0 0 0 0 0 0 0 0 1 0 0
1908263 0 0 0 1 0 0 0 0 0 0 1 0 1 0 1
1924130 1 0 1 0 0 1 0 2 0 0 1 0 0 0 0
1930775 0 0 2 1 1 0 1 0 0 0 0 1 0 0 0
1932125 0 0 3 0 0 1 0 0 0 1 1 0 0 0 0
1944375 0 1 4 0 0 0 1 0 0 0 0 0 1 0 0
2063875 0 0 3 0 1 0 0 1 0 0 0 0 0 1 0
2090075 0 0 2 0 0 1 0 0 0 0 0 1 0 0 1
2095975 0 0 2 2 0 0 0 0 0 1 0 1 0 0 0
2098250 1 0 3 1 1 0 0 0 0 0 0 0 0 0 1
2108387 0 0 0 0 0 0 0 0 1 2 0 0 0 0 1
2122775 0 0 2 0 0 0 0 1 0 0 1 0 0 0 1
2164195 0 0 1 0 1 0 0 2 0 0 0 0 0 0 1
2173125 0 1 4 0 0 0 0 1 0 0 0 0 1 0 0
2188375 0 0 3 1 0 0 0 0 0 0 1 0 1 0 0
2228985 0 3 1 0 1 0 0 1 0 0 0 0 0 1 0
2231075 0 0 2 1 1 0 0 1 0 0 0 0 1 0 0
2278575 0 2 2 0 0 1 0 1 0 0 1 0 0 0 0
2321591 0 0 0 0 0 0 0 2 0 0 0 1 0 0 1
2331875 0 0 4 1 0 1 0 0 0 0 1 0 0 0 0
2356965 0 3 1 0 0 1 1 0 0 0 0 0 0 1 0
2371875 0 1 5 0 1 0 0 0 1 0 0 0 0 0 0
2454135 0 1 1 0 0 0 0 1 0 0 0 0 0 1 1
2486055 0 1 1 0 1 1 0 1 0 0 0 0 1 0 0
2501000 3 0 3 0 0 0 0 0 0 0 1 0 1 0 0
2501975 0 0 2 1 0 0 1 0 0 2 0 0 0 0 0
2506673 0 0 0 0 0 1 0 0 0 1 0 0 1 0 1
2559375 0 2 5 1 0 1 0 0 0 0 0 0 0 0 0
2613545 0 0 1 0 1 0 0 1 0 0 1 0 1 0 0
2619777 0 1 0 0 0 0 0 2 0 0 1 1 0 0 0
2626965 0 3 1 0 1 0 0 0 0 1 0 0 1 0 0
2632875 0 1 3 1 0 0 1 0 0 0 0 1 0 0 0
2707215 0 1 1 1 0 0 0 1 1 0 0 1 0 0 0
2708583 0 1 0 0 0 0 0 2 0 0 1 0 1 0 0
2726685 0 2 1 0 0 1 0 0 0 0 0 1 0 1 0
2747925 0 4 2 0 0 0 0 0 1 0 0 1 0 0 0
2767787 0 0 0 0 1 0 1 2 0 0 1 0 0 0 0
2951475 0 1 2 0 0 0 0 0 1 1 0 1 0 0 0
2980823 0 0 0 0 0 0 0 0 1 1 1 0 0 0 1
3013850 1 0 2 1 0 0 0 0 0 0 0 0 0 1 1
3081975 0 1 2 0 0 1 0 0 0 1 0 0 0 0 1
3128300 2 0 2 1 0 0 0 0 0 0 1 0 0 0 1
3147375 0 1 3 1 1 0 0 0 0 0 0 0 0 0 1
3158750 1 0 4 1 0 0 0 2 0 0 0 0 0 0 0
3216825 0 2 2 0 0 0 1 0 0 2 0 0 0 0 0
3254086 1 0 0 0 1 0 0 0 1 0 0 1 0 0 1
3316875 0 1 4 0 0 0 0 0 0 1 0 0 1 0 0
3321950 1 0 2 0 0 0 0 0 0 2 0 0 0 1 0
3324500 2 0 3 0 0 0 0 0 0 0 0 0 1 0 1
3330225 0 2 2 0 0 0 0 2 0 0 1 0 0 0 0
3334975 0 0 2 1 0 0 1 1 0 0 0 1 0 0 0
3358575 0 2 2 0 1 0 0 0 1 0 0 1 0 0 0
3404230 1 0 1 0 0 0 0 2 1 0 1 0 0 0 0
3408125 0 0 4 1 0 0 0 1 0 0 1 0 0 0 0
3425835 0 1 1 2 0 0 0 0 0 0 0 1 0 1 0
3459375 0 3 5 0 0 0 0 0 0 0 1 0 0 0 0
3496066 1 0 0 1 0 0 0 0 0 1 0 0 0 1 1
3507837 0 1 0 0 0 0 0 2 0 0 1 0 0 1 0
3595275 0 2 2 0 0 0 0 1 0 2 0 0 0 0 0
3626450 1 0 2 0 0 0 0 0 0 1 1 0 1 0 0
3714975 0 2 2 0 1 0 0 1 0 0 0 0 0 1 0
3743570 1 0 1 0 0 0 1 2 0 0 0 0 1 0 0
3762135 0 2 1 0 0 1 0 0 0 0 0 1 0 0 1
3763375 0 0 3 1 1 0 1 0 1 0 0 0 0 0 0
3766750 1 0 3 0 0 1 0 1 0 0 0 0 1 0 0
3801875 0 0 4 1 1 0 0 0 0 0 0 0 0 1 0
3987500 2 0 5 0 1 0 0 0 0 1 0 0 0 0 0
3999375 0 4 4 0 0 0 0 0 0 0 0 0 0 1 0
4030565 0 0 1 1 1 0 0 2 0 1 0 0 0 0 0
4059855 0 3 1 0 0 0 1 0 0 1 0 0 1 0 0
4068758 1 0 0 0 0 0 0 0 0 2 1 1 0 0 0
4087500 2 1 5 0 0 0 0 0 0 0 0 0 0 0 1
4089135 0 1 1 0 0 0 0 0 0 0 1 0 1 0 1
4236375 0 1 3 0 1 1 0 0 0 0 0 0 0 1 0
4245223 0 0 0 0 0 0 1 0 0 1 0 0 0 1 1
4254195 0 1 1 0 1 0 0 1 1 0 0 1 0 0 0
4434883 0 0 0 0 0 0 0 0 1 1 0 0 1 0 1
4469000 3 0 3 0 0 0 0 0 0 0 1 0 0 0 1
4476875 0 0 4 0 0 1 0 1 0 1 0 0 0 0 0
4536875 0 0 4 1 0 0 1 0 0 0 0 0 1 0 0
4571875 0 0 5 1 1 0 0 1 0 0 0 0 0 0 0
4634353 0 0 0 0 0 0 1 0 0 0 1 0 1 0 1
4705635 0 1 1 0 1 0 0 2 0 0 0 0 0 1 0
4752945 0 3 1 0 0 0 1 1 0 0 0 0 0 0 1
4765625 0 0 7 0 0 0 0 0 0 0 0 0 1 0 0
4791875 0 0 4 0 1 0 1 0 0 0 1 0 0 0 0
4878250 1 0 3 0 0 1 0 1 0 0 0 0 0 1 0
5010733 0 0 0 1 0 1 1 0 0 0 1 0 0 1 0
5031250 1 0 6 1 0 0 0 0 1 0 0 0 0 0 0
5064830 1 0 1 0 0 0 0 2 1 0 0 0 1 0 0
5165625 0 1 5 0 0 0 0 1 0 1 0 0 0 0 0
5166205 0 0 1 0 1 0 0 0 0 1 1 0 0 1 0
5189375 0 0 4 0 0 0 0 2 1 0 0 0 0 0 0
5243625 0 2 3 0 0 0 0 0 0 0 0 1 0 1 0
5431250 1 0 5 0 1 0 0 0 0 0 0 0 0 1 0
5464685 0 0 1 0 0 0 0 1 1 0 1 0 1 0 0
5474525 0 0 2 2 0 0 0 0 0 0 1 0 0 0 1
5668250 1 0 3 1 0 0 0 0 0 0 1 0 0 1 0
5709725 0 0 2 2 0 0 0 0 0 0 0 1 0 1 0
5767250 1 0 3 0 0 0 1 0 1 0 0 1 0 0 0
5800762 1 0 0 0 1 0 0 0 0 0 1 1 0 0 1
5893750 1 0 5 0 0 0 0 0 1 0 1 0 0 0 0
6056250 1 1 5 0 0 0 1 1 0 0 0 0 0 0 0
6096035 0 0 1 0 1 0 0 0 1 0 0 0 1 1 0
6103137 0 1 0 0 0 0 0 0 0 2 1 1 0 0 0
6105515 0 0 1 0 0 1 0 0 0 1 1 0 0 1 0
6131250 1 2 5 0 0 0 0 0 0 0 0 0 0 0 1
6143375 0 0 3 2 0 0 1 0 0 0 0 1 0 0 0
6212525 0 0 2 0 1 0 0 1 0 1 1 0 0 0 0
6286475 0 0 2 0 0 1 0 0 1 2 0 0 0 0 0
6310023 0 1 0 0 0 0 0 0 0 2 1 0 1 0 0
6343750 1 0 6 1 0 0 0 0 0 1 0 0 0 0 0
6599327 0 0 0 1 0 0 0 1 0 2 0 1 0 0 0
6624475 0 0 2 0 1 1 1 0 0 0 0 0 0 0 1
6664250 1 0 3 0 0 0 0 1 1 0 0 0 1 0 0
6768750 1 1 5 0 0 0 0 2 0 0 0 0 0 0 0
6828523 0 0 0 0 0 1 0 0 0 0 0 0 1 1 1
6968195 0 0 1 0 0 1 0 0 1 0 0 1 0 1 0
6969375 0 3 4 1 0 0 0 0 0 0 0 1 0 0 0
7104075 0 1 2 0 1 0 0 0 0 0 0 0 0 1 1
7232687 0 0 0 1 1 0 0 0 0 1 1 0 0 1 0
7303125 0 1 5 0 0 0 0 1 0 0 1 0 0 0 0
7317375 0 1 3 0 0 1 0 1 0 0 0 0 0 1 0
7358750 1 0 4 1 0 0 0 0 0 2 0 0 0 0 0
7597245 0 1 1 0 0 0 0 2 1 0 0 0 1 0 0
7647875 0 0 3 0 0 0 1 0 0 0 0 1 1 0 0
7661875 0 0 4 0 0 1 0 0 1 0 1 0 0 0 0
7679595 0 1 1 1 1 0 0 0 0 0 0 0 1 0 1
7686305 0 0 1 0 1 0 0 0 0 1 0 0 1 1 0
7743750 1 1 5 1 0 0 0 0 0 0 0 1 0 0 0
8106875 0 0 4 1 0 0 1 0 0 0 0 0 0 0 1
8120173 0 0 0 0 0 0 0 0 1 0 1 0 0 1 1
8208160 5 0 1 0 0 0 0 0 0 2 0 0 1 0 0
8257875 0 1 3 0 0 0 0 2 0 0 0 0 1 0 0
8297625 0 1 3 1 0 0 0 0 0 1 0 0 0 0 1
8379375 0 1 4 0 0 0 0 0 0 0 1 0 0 0 1
8388975 0 1 2 1 0 0 0 1 0 2 0 0 0 0 0
8395725 0 1 2 0 0 1 0 0 0 0 0 0 0 1 1
8409375 0 2 5 0 0 1 0 0 1 0 0 0 0 0 0
8443125 0 2 4 0 0 0 0 1 0 0 0 0 0 1 0
8542875 0 1 3 0 1 0 0 1 0 0 0 0 0 0 1
8626095 0 4 1 0 0 0 0 2 0 0 0 1 0 0 0
8636833 0 0 0 0 0 0 1 0 0 0 0 1 0 1 1
8650875 0 1 3 0 0 0 1 0 1 0 0 1 0 0 0
8712500 2 0 5 0 0 0 1 0 0 0 1 0 0 0 0
8806875 0 1 4 1 1 0 0 0 0 0 0 0 1 0 0
9028610 1 0 1 0 0 0 0 2 0 0 1 0 1 0 0
9094673 0 0 0 1 0 0 0 2 0 0 0 1 1 0 0
9160375 0 0 3 1 0 0 0 2 0 1 0 0 0 0 0
9312125 0 0 3 0 0 0 0 0 1 0 1 0 0 1 0
9329375 0 0 4 0 1 0 0 0 1 0 0 1 0 0 0
9559375 0 0 5 1 0 0 0 1 1 0 0 0 0 0 0
9764765 0 0 1 0 0 0 0 1 1 0 1 0 0 0 1
9788515 0 0 1 0 1 0 1 2 0 1 0 0 0 0 0
9897250 1 0 3 0 1 0 0 0 0 0 0 1 1 0 0
9931471 0 0 0 0 1 0 0 2 0 0 1 0 1 0 0
9968750 1 0 6 0 1 0 0 0 0 1 0 0 0 0 0
10153125 0 2 5 0 0 0 0 2 0 0 0 0 0 0 0
10171750 1 0 3 0 0 0 0 0 1 1 0 0 1 0 0
10273250 1 0 3 0 0 1 0 0 0 1 0 0 0 0 1
10403750 1 0 4 1 0 0 0 0 0 1 1 0 0 0 0
10784375 0 0 5 1 0 0 1 0 0 1 0 0 0 0 0
10820975 0 0 2 0 1 0 0 2 0 0 0 0 0 0 1
10892915 0 0 1 0 1 0 0 0 1 0 0 0 0 1 1
10941875 0 0 4 1 0 0 0 0 0 0 1 0 1 0 0
11293163 0 0 0 1 0 0 0 2 0 0 1 0 0 0 1
11535975 0 2 2 0 1 0 0 0 0 0 0 1 0 1 0
11642155 0 0 1 2 0 0 0 1 0 0 1 0 1 0 0
11659375 0 0 5 1 0 1 0 0 0 0 1 0 0 0 0
11853750 1 1 4 0 0 0 0 0 0 1 0 0 0 0 1
11879750 1 0 3 0 0 0 0 1 0 0 1 0 1 0 0
11970475 0 0 2 0 1 0 0 1 0 1 0 0 0 1 0
12107036 2 0 0 0 0 0 0 0 0 2 0 1 1 0 0
12168750 1 1 5 0 1 0 0 0 0 0 0 1 0 0 0
12235125 0 1 3 1 0 0 0 0 0 0 0 1 0 1 0
12236231 0 0 0 2 0 0 0 0 0 1 0 0 0 1 1
12255893 0 0 0 0 0 1 0 1 0 2 0 1 0 0 0
12314375 0 0 4 0 0 0 1 1 0 0 0 0 1 0 0
12491875 0 0 4 0 1 0 0 0 1 0 0 0 0 1 0
12580850 1 0 2 0 0 0 1 2 0 0 1 0 0 0 0
12652845 0 1 1 0 0 0 1 0 0 2 0 1 0 0 0
12658750 1 0 4 0 0 1 0 1 0 0 1 0 0 0 0
12684375 0 2 5 0 1 0 0 0 0 0 1 0 0 0 0
12721875 0 1 5 0 0 0 0 0 1 0 0 1 0 0 0
12787335 0 3 1 0 1 0 0 0 0 0 0 0 0 1 1
12825250 1 0 3 0 0 0 0 0 0 2 0 0 1 0 0
13098885 0 1 1 0 0 0 0 2 0 0 1 1 0 0 0
13183550 1 0 2 0 0 0 0 0 0 0 1 1 0 0 1
13497470 1 0 1 1 0 0 0 0 0 1 0 0 1 0 1
13625000 3 0 6 0 0 0 0 0 0 0 0 0 0 0 1
13625755 0 0 1 0 1 1 1 1 0 0 0 1 0 0 0
13765750 1 0 3 0 0 0 1 0 0 0 1 0 0 1 0
14107775 0 0 2 0 1 0 0 0 0 2 0 0 1 0 0
14240653 0 0 0 1 0 0 0 0 0 2 1 1 0 0 0
14487500 2 0 5 0 0 0 0 1 0 0 0 0 1 0 0
14664375 0 3 4 0 1 0 0 0 0 0 0 0 0 1 0
14723387 0 0 0 1 0 0 0 0 0 2 1 0 1 0 0
14734375 0 0 6 0 0 0 0 0 1 0 1 0 0 0 0
14845875 0 1 3 0 1 0 0 0 0 0 0 1 1 0 0
15059375 0 0 5 0 0 0 0 0 0 0 0 0 1 1 0
15112305 0 3 1 0 0 1 0 0 0 0 0 0 0 1 1
15385250 1 0 3 0 0 0 0 1 0 0 1 0 0 1 0
15406250 1 0 6 0 0 0 1 0 0 1 0 0 0 0 0
15435875 0 0 3 1 0 1 0 0 1 0 0 1 0 0 0
15441775 0 0 2 0 0 0 0 2 0 1 0 1 0 0 0
15936250 1 0 4 0 1 0 0 1 0 0 0 0 1 0 0
15948125 0 0 4 0 0 0 1 1 0 0 0 0 0 1 0
16071365 0 0 1 0 0 0 0 0 1 1 0 0 1 1 0
16126175 0 0 2 0 0 1 0 0 0 2 0 1 0 0 0
16200125 0 0 3 0 0 0 0 0 0 1 1 0 0 0 1
16209375 0 1 5 1 0 1 0 1 0 0 0 0 0 0 0
16674875 0 0 3 1 0 0 1 1 0 0 0 1 0 0 0
16794215 0 0 1 0 0 0 1 0 0 0 1 0 1 1 0
17145695 0 0 1 1 0 0 0 2 1 0 0 1 0 0 0
17269005 0 1 1 0 0 1 0 1 0 0 0 1 0 1 0
17291975 0 0 2 0 0 0 1 0 1 1 0 0 1 0 0
17417110 1 0 1 0 0 0 0 1 0 2 0 0 0 0 1
17442340 2 0 1 0 0 0 1 0 0 2 0 0 1 0 0
17469075 0 1 2 0 0 1 0 1 1 0 1 0 0 0 0
17609375 0 0 6 2 0 0 0 0 1 0 0 0 0 0 0
18132250 1 0 3 0 0 0 0 0 0 1 1 0 1 0 0
18254775 0 1 2 1 1 0 0 0 0 1 0 0 0 0 1
18284750 1 0 3 0 1 0 0 0 0 0 0 0 1 0 1
18501250 1 0 4 0 0 0 0 2 0 0 1 0 0 0 0
18694975 0 0 2 0 0 1 0 0 1 0 1 0 1 0 0
18833750 1 0 4 0 0 1 0 1 0 0 0 0 1 0 0
18871275 0 1 2 0 0 0 1 2 0 0 1 0 0 0 0
19342855 0 0 1 1 0 0 1 1 0 1 0 1 0 0 0
19487325 0 1 2 0 1 1 0 0 1 0 0 0 0 1 0
19519175 0 0 2 0 0 1 0 1 0 1 0 0 0 0 1
19723995 0 2 1 0 0 0 1 1 1 0 0 1 0 0 0
19933375 0 0 3 1 1 0 0 1 0 0 0 0 0 0 1
19945475 0 0 2 0 1 0 0 0 0 1 1 0 1 0 0
20123907 0 1 0 0 0 0 0 1 0 0 1 0 0 1 1
20145125 0 0 3 2 1 1 0 0 1 0 0 0 0 0 0
20343790 1 0 1 0 0 0 0 0 0 2 1 1 0 0 0
20466895 0 0 1 0 0 0 1 2 1 1 0 0 0 0 0
20482735 0 0 1 2 0 1 0 0 0 0 0 1 0 0 1
20628125 0 0 5 1 0 0 0 0 1 0 1 0 0 0 0
20984375 0 0 6 0 0 0 1 0 0 0 0 0 0 1 0
21018750 1 1 5 0 0 0 0 1 0 0 0 1 0 0 0
21033410 1 0 1 0 0 0 0 0 0 2 1 0 1 0 0
21383075 0 0 2 1 0 0 0 1 0 0 0 1 0 0 1
21592675 0 0 2 0 0 1 0 0 0 2 0 0 0 1 0
21790175 0 0 2 0 1 0 1 0 0 0 0 1 0 1 0
22004375 0 0 4 0 0 0 1 1 0 0 0 0 0 0 1
22139750 1 0 3 0 0 0 0 1 0 0 0 1 0 1 0
22367236 2 0 0 0 0 0 0 0 0 2 0 0 1 0 1
22481250 1 1 5 0 1 0 0 0 0 0 0 0 0 0 1
22615567 0 0 0 0 0 1 0 2 0 0 0 0 1 1 0
22763675 0 0 2 0 1 0 0 0 1 0 0 1 1 0 0
22783995 0 2 1 0 0 1 1 0 0 1 0 0 0 1 0
22890250 1 0 3 0 0 0 0 1 0 0 0 0 1 1 0
23312375 0 0 3 0 0 0 0 0 0 1 0 1 0 0 1
23483475 0 2 2 0 0 0 0 0 0 1 0 1 1 0 0
23528175 0 1 2 0 1 0 0 2 0 0 0 0 0 1 0
23598575 0 0 2 1 1 1 0 0 1 0 1 0 0 0 0
23695175 0 0 2 2 0 0 0 0 1 2 0 0 0 0 0
24002890 1 0 1 0 0 0 0 2 0 0 0 0 1 0 1
24343750 1 0 6 0 0 0 0 1 0 0 1 0 0 0 0
24634545 0 1 1 0 0 1 0 1 0 0 0 0 1 0 1
24697375 0 0 3 0 0 0 0 0 0 0 1 0 1 1 0
24984375 0 1 6 0 0 1 0 0 0 0 1 0 0 0 0
25208975 0 0 2 0 1 0 0 0 0 2 0 0 0 0 1
25554375 0 2 4 1 1 0 0 0 0 0 0 1 0 0 0
26135450 1 0 2 0 1 0 0 1 0 0 1 0 1 0 0
26203375 0 0 3 0 1 0 1 1 0 0 0 1 0 0 0
26264735 0 0 1 2 0 0 0 0 1 0 0 1 0 1 0
26281250 1 0 6 0 0 0 0 0 0 2 0 0 0 0 0
26427575 0 0 2 0 0 0 0 1 1 0 1 1 0 0 0
26917275 0 1 2 1 1 0 0 0 0 0 0 1 0 1 0
27260900 2 0 2 0 0 0 0 0 0 0 1 0 1 0 1
27327443 0 0 0 0 1 1 0 0 0 0 1 1 0 1 0
27439307 0 0 0 1 0 0 0 0 0 2 0 1 0 1 0
27751875 0 1 4 0 0 0 0 2 0 0 1 0 0 0 0
27792875 0 0 3 0 1 0 1 0 0 1 1 0 0 0 0
28143750 1 1 5 0 0 0 0 1 0 0 0 0 0 1 0
28393750 1 0 5 1 1 0 0 0 0 0 0 1 0 0 0
28648955 0 0 1 0 0 0 0 0 0 1 1 0 1 1 0
28981875 0 1 4 0 0 1 0 0 0 1 1 0 0 0 0
29093750 1 0 6 2 0 0 0 1 0 0 0 0 0 0 0
29555350 1 0 2 0 1 0 1 0 0 1 0 0 0 0 1
29954477 0 0 0 1 0 0 0 0 0 1 1 1 1 0 0
30480175 0 0 2 0 1 0 0 0 1 0 0 0 1 1 0
30759575 0 0 2 1 1 0 0 1 0 2 0 0 0 0 0
30958125 0 1 4 0 1 0 0 1 0 0 0 0 0 1 0
30967625 0 0 3 0 0 1 1 1 0 0 0 1 0 0 0
31343750 1 0 6 0 0 0 1 0 0 0 0 1 0 0 0
31588545 0 1 1 0 0 0 0 1 1 0 0 0 1 1 0
32192175 0 1 2 0 0 0 0 2 0 1 1 0 0 0 0
32480975 0 0 2 0 0 0 0 2 0 0 0 1 1 0 0
33122375 0 0 3 0 1 1 1 0 0 0 0 0 0 0 1
33309375 0 1 5 0 1 0 1 1 0 0 0 0 0 0 0
33618975 0 1 2 0 0 1 0 0 0 2 1 0 0 0 0
34142615 0 0 1 0 0 1 0 0 0 0 0 0 1 1 1
34190500 2 0 3 0 0 0 0 1 0 0 0 1 1 0 0
34914115 0 0 1 0 0 0 0 2 1 2 0 0 0 0 0
35434375 0 0 5 0 0 0 1 0 1 1 0 0 0 0 0
35477585 0 0 1 0 1 1 0 0 0 2 0 1 0 0 0
36515625 0 1 6 0 0 0 0 1 0 0 1 0 0 0 0
36529850 1 0 2 1 0 0 0 0 0 1 0 1 1 0 0
37140155 0 0 1 0 0 1 1 1 0 1 0 0 1 0 0
37228125 0 1 5 0 1 0 0 2 0 0 0 0 0 0 0
37609550 1 0 2 0 1 0 0 1 0 0 0 1 1 0 0
37704953 0 0 0 0 1 1 0 0 0 0 1 1 0 0 1
37814693 0 0 0 1 0 0 0 1 0 0 0 1 1 1 0
37859297 0 0 0 1 0 0 0 0 0 2 0 1 0 0 1
37899375 0 1 4 0 0 0 1 0 0 1 1 0 0 0 0
38135986 1 0 0 1 0 0 0 0 0 2 1 0 0 1 0
38356250 1 0 5 0 0 0 1 2 0 0 0 0 0 0 0
38634505 0 0 1 1 0 1 0 1 0 0 1 0 0 0 1
39142663 0 0 0 1 0 0 0 0 0 2 0 0 1 0 1
39484375 0 0 6 1 0 0 0 2 0 0 0 0 0 0 0
39829035 0 1 1 0 0 0 0 1 0 1 0 0 1 1 0
40551885 0 2 1 0 1 0 1 0 0 0 0 0 1 1 0
40734375 0 1 6 0 1 0 0 0 0 0 0 0 0 1 0
41384375 0 0 5 0 0 0 1 1 0 0 1 0 0 0 0
41660255 0 0 1 1 0 1 0 1 0 0 0 0 1 1 0
42191875 0 0 4 0 1 0 1 2 0 0 0 0 0 0 0
43118911 0 0 0 0 1 0 0 0 0 2 0 1 0 1 0
43457925 0 1 2 1 0 0 0 0 1 0 0 1 1 0 0
43844375 0 0 4 0 0 0 0 0 0 1 1 1 0 0 0
44061875 0 0 4 0 1 1 1 0 0 1 0 0 0 0 0
44648035 0 0 1 0 0 0 1 0 0 0 0 0 1 1 1
44768750 1 0 5 0 0 1 0 1 0 1 0 0 0 0 0
45561275 0 0 2 0 0 0 1 0 1 0 0 1 0 1 0
45801875 0 0 4 1 0 0 0 2 0 1 0 0 0 0 0
46893750 1 1 5 0 0 0 0 0 0 0 1 0 1 0 0
47201947 0 0 0 0 0 1 0 1 0 0 1 1 0 1 0
47236875 0 1 4 1 0 0 0 0 0 0 0 1 1 0 0
47309150 1 0 2 1 0 0 0 0 0 1 0 1 0 1 0
47537525 0 0 2 1 0 0 1 1 0 2 0 0 0 0 0
47750175 0 3 2 0 1 0 0 0 0 0 0 1 0 0 1
47796875 0 0 6 1 0 0 0 1 1 0 0 0 0 0 0
48436875 0 2 4 0 0 0 0 0 0 0 0 0 0 1 1
48682375 0 0 3 1 0 0 0 0 1 0 1 1 0 0 0
49306477 0 0 0 0 1 0 1 0 0 0 1 1 0 0 1
49657355 0 0 1 0 1 0 0 2 0 0 1 0 1 0 0
49743785 0 0 1 1 0 1 1 0 0 0 0 1 0 0 1
51201875 0 0 4 0 0 0 1 0 0 0 0 0 1 1 0
52119375 0 1 4 1 1 0 0 2 0 0 0 0 0 0 0
52189770 1 1 1 0 0 0 0 2 0 0 0 0 1 1 0
52709675 0 0 2 0 0 0 0 0 1 2 0 0 0 0 1
52742375 0 0 3 2 0 0 0 0 0 0 0 0 0 1 1
53069375 0 0 4 0 0 0 0 1 0 0 1 0 0 0 1
53848375 0 0 3 1 0 0 0 1 0 0 1 0 0 1 0
54899075 0 0 2 1 1 0 0 2 0 0 0 0 0 1 0
55411785 0 2 1 0 1 1 0 0 0 0 0 0 0 1 1
55951335 0 2 1 0 1 0 1 0 0 0 0 0 1 0 1
56203125 0 1 6 0 1 0 0 0 0 0 0 0 0 0 1
57225625 0 0 4 0 0 0 0 1 0 0 0 0 1 1 0
57534375 0 1 5 0 0 0 1 2 0 0 0 0 0 0 0
57717163 0 0 0 1 0 0 0 0 0 1 0 1 1 1 0
58078125 0 2 6 1 0 0 0 0 0 0 0 1 0 0 0
58574945 0 0 1 0 1 1 1 0 0 0 0 0 1 1 0
58963125 0 1 4 0 0 1 0 0 0 0 1 1 0 0 0
60484375 0 0 6 2 0 0 0 0 0 0 0 0 0 1 0
62549375 0 0 4 1 0 0 1 0 0 2 0 0 0 0 0
62651977 0 0 0 0 0 0 0 0 1 2 1 0 0 1 0
63264225 0 1 2 0 0 0 1 0 0 2 0 1 0 0 0
63293750 1 0 5 0 0 1 0 1 0 0 1 0 0 0 0
64483283 0 0 0 0 0 0 0 1 1 0 1 1 1 0 0
67010625 0 3 4 0 1 0 0 2 0 0 0 0 0 0 0
67624375 0 0 4 1 0 1 0 0 0 1 1 0 0 0 0
67747635 0 2 1 0 0 0 1 1 0 0 0 1 0 1 0
68329375 0 0 4 0 0 0 1 0 0 0 0 1 0 0 1
68828750 1 0 4 0 0 0 1 0 0 0 1 0 0 1 0
69059375 0 0 5 2 1 0 0 0 0 0 1 0 0 0 0
71410151 0 0 0 0 0 0 0 1 0 2 1 0 0 0 1
72693517 0 0 0 0 0 1 0 0 0 2 0 0 1 0 1
72828125 0 0 6 0 0 0 0 0 0 0 0 1 0 1 0
73415095 0 0 1 0 0 1 1 0 0 2 0 0 0 1 0
73779375 0 1 4 0 0 0 0 2 0 0 0 0 0 0 1
74665981 0 0 0 0 0 1 0 0 1 1 0 0 0 1 1
75668975 0 0 2 0 0 0 0 0 0 2 0 1 1 0 0
75717945 0 2 1 0 0 0 0 2 0 0 0 1 0 1 0
76368125 0 0 4 0 0 0 0 1 0 0 0 1 0 0 1
77068750 1 0 5 0 1 0 0 1 0 0 0 1 0 0 0
77722175 0 0 2 0 0 0 0 0 1 1 0 1 0 1 0
78092505 0 4 1 0 0 0 0 0 0 1 0 0 1 0 1
80419655 0 0 1 0 0 0 0 0 0 0 1 1 1 0 1
81113375 0 0 3 2 0 0 1 1 0 0 1 0 0 0 0
81775525 0 0 2 0 0 1 1 2 0 0 1 0 0 0 0
82921875 0 1 6 0 0 0 0 0 0 1 0 0 1 0 0
83208125 0 0 4 2 1 1 0 1 0 0 0 0 0 0 0
83766725 0 0 2 2 0 0 0 1 0 0 0 1 1 0 0
84131050 1 0 2 0 0 0 0 2 0 0 0 1 0 1 0
84256250 1 0 5 0 0 1 1 0 0 0 0 0 1 0 0
84371875 0 0 5 2 0 0 0 1 0 1 0 0 0 0 0
85626125 0 0 3 0 0 1 0 0 1 1 0 0 0 1 0
87203597 0 0 0 0 0 1 0 1 0 0 1 0 0 1 1
88551495 0 3 1 0 0 0 0 2 1 0 0 0 0 1 0
89121875 0 0 5 0 0 0 0 2 0 0 0 0 0 1 0
89442525 0 1 2 0 0 0 1 0 0 1 1 1 0 0 0
91427875 0 0 3 2 1 0 0 0 1 0 0 1 0 0 0
91474075 0 0 2 1 1 0 0 1 0 0 1 0 1 0 0
91835683 0 0 0 0 0 0 1 1 0 0 0 1 1 1 0
93213917 0 0 0 0 0 0 0 0 1 2 0 0 1 1 0
94053375 0 2 3 0 0 1 0 0 0 0 0 1 0 0 1
97911975 0 1 2 1 0 0 0 0 0 1 0 1 0 0 1
98421853 0 0 0 0 0 0 0 0 1 1 1 1 1 0 0
100231250 1 0 5 1 0 0 0 0 0 1 0 0 0 1 0
103404285 0 2 1 0 0 0 1 0 0 1 0 1 0 1 0
107236925 0 0 2 0 0 0 0 0 1 1 0 1 0 0 1
108013005 0 2 1 0 0 0 0 2 0 0 0 0 1 0 1
110021875 0 0 5 0 0 0 1 1 0 0 0 0 0 0 1
110872075 0 0 2 0 0 0 0 0 1 1 0 0 1 0 1
114311025 0 2 2 0 0 0 0 0 0 0 0 1 0 1 1
115224227 0 0 0 0 0 0 0 1 1 0 1 1 0 0 1
115603125 0 1 5 0 1 0 0 1 0 0 0 1 0 0 0
116079550 1 0 2 0 0 0 0 2 0 0 0 1 0 0 1
117676975 0 0 2 0 0 1 1 2 0 0 0 1 0 0 0
117859625 0 0 3 0 0 1 0 0 0 1 1 0 1 0 0
118037975 0 0 2 0 1 0 0 2 0 1 1 0 0 0 0
119643125 0 0 4 1 0 0 0 0 1 1 1 0 0 0 0
120014450 1 0 2 0 0 0 0 2 0 0 0 0 1 0 1
121709375 0 0 5 0 0 0 1 0 0 1 0 0 0 1 0
122474885 0 0 1 0 0 1 1 0 1 0 0 0 1 1 0
122609375 0 0 6 1 0 0 0 1 0 0 0 1 0 0 0
124845875 0 0 3 2 1 0 1 0 0 0 0 0 0 0 1
125243725 0 0 2 0 0 0 0 1 0 0 1 1 0 0 1
125488103 0 0 0 0 0 1 0 1 0 0 0 1 0 1 1
127451411 0 0 0 0 0 0 0 2 0 0 1 0 0 1 1
127464367 0 0 0 0 0 0 0 0 1 1 1 1 0 1 0
129888245 0 0 1 0 0 0 1 0 1 2 0 0 0 1 0
129989803 0 0 0 0 0 0 1 0 0 1 1 1 0 0 1
130914845 0 0 1 0 0 0 0 2 0 1 1 0 1 0 0
131828125 0 0 6 0 1 1 0 0 0 0 0 1 0 0 0
132015895 0 0 1 0 1 0 0 2 0 0 0 0 1 0 1
132584375 0 0 5 1 1 0 0 1 0 1 0 0 0 0 0
133184375 0 0 5 0 0 0 1 0 1 0 0 0 0 0 1
134406250 1 0 6 0 1 0 1 0 1 0 0 0 0 0 0
134512625 0 0 3 0 0 1 0 0 1 0 0 1 1 0 0
135909375 0 1 5 1 0 0 0 1 0 0 0 0 0 0 1
137867015 0 0 1 0 1 1 0 0 0 1 0 0 1 0 1
138759375 0 1 5 0 0 0 0 2 0 0 1 0 0 0 0
139713475 0 0 2 0 1 0 0 0 0 0 0 1 0 1 1
141578125 0 0 6 0 0 1 1 0 0 0 1 0 0 0 0
141968750 1 0 6 1 1 0 0 0 0 0 0 1 0 0 0
143157875 0 0 3 1 0 0 0 1 0 0 0 0 0 1 1
144859750 1 0 3 1 0 0 0 0 1 0 0 1 1 0 0
146656250 1 0 6 0 0 1 0 2 0 0 0 0 0 0 0
150583875 0 1 3 0 0 1 1 0 1 0 0 0 0 1 0
150639125 0 0 3 1 0 1 1 1 0 0 1 0 0 0 0
150752777 0 0 0 1 0 0 0 0 0 0 1 0 1 1 1
151329395 0 0 1 2 0 0 0 2 0 1 0 1 0 0 0
151543093 0 0 0 0 0 1 0 0 0 0 1 1 1 1 0
154424855 0 0 1 0 0 1 1 0 0 1 0 0 1 1 0
154838125 0 0 4 0 0 1 1 1 0 0 0 1 0 0 0
155555565 0 1 1 0 1 0 0 1 0 2 0 1 0 0 0
158234375 0 0 6 0 0 1 0 1 0 0 1 0 0 0 0
159593525 0 0 2 1 0 1 0 0 0 1 1 1 0 0 0
160419375 0 2 4 0 0 0 0 2 0 0 0 0 0 1 0
161456250 1 1 5 0 0 0 0 0 0 0 0 0 0 1 1
163945265 0 0 1 0 1 0 0 0 1 1 1 0 0 0 1
164665625 0 0 5 0 0 0 0 0 1 1 0 0 0 1 0
165003475 0 0 2 1 0 1 0 0 0 1 1 0 1 0 0
167028875 0 0 3 0 0 1 0 0 1 0 1 0 0 0 1
170062815 0 1 1 0 0 1 1 0 0 2 0 0 1 0 0
171084375 0 2 5 1 1 0 0 0 0 0 0 0 0 1 0
171879375 0 1 4 0 0 0 0 0 0 2 0 0 0 0 1
178783985 0 0 1 0 0 0 1 0 0 2 1 0 1 0 0
179759375 0 0 5 0 0 0 0 0 1 0 1 0 1 0 0
180287635 0 0 1 0 1 0 1 0 0 1 0 0 1 0 1
181284985 0 0 1 1 0 0 0 1 0 0 1 0 1 0 1
182375055 0 2 1 0 0 0 0 0 0 2 0 0 1 1 0
183551875 0 0 4 0 0 1 0 1 0 1 1 0 0 0 0
183596875 0 0 5 2 1 0 0 0 0 0 0 0 0 0 1
184559375 0 0 5 1 1 1 0 0 0 0 0 1 0 0 0
185012500 2 0 5 0 0 0 0 2 0 0 1 0 0 0 0
190273125 0 1 4 2 0 0 0 1 0 0 0 0 0 0 1
194531101 0 0 0 0 0 0 0 1 0 1 1 0 0 1 1
198557125 0 0 3 0 0 1 0 1 0 0 0 1 0 0 1
204359375 0 0 6 0 1 0 0 0 0 1 1 0 0 0 0
205279762 1 0 0 0 0 0 0 2 0 0 0 1 1 1 0
205952775 0 1 2 1 0 0 0 0 0 0 0 1 1 0 1
206962383 0 1 0 0 0 0 0 2 0 0 1 1 0 1 0
208197725 0 0 2 0 0 0 1 2 1 0 0 1 0 0 0
210454475 0 0 2 1 1 0 1 0 0 0 0 1 0 0 1
210593302 1 0 0 0 0 0 0 1 0 1 1 1 0 1 0
212031250 1 0 7 0 0 0 0 0 1 0 0 1 0 0 0
212920175 0 0 2 0 0 1 0 1 0 2 1 0 0 0 0
215490275 0 0 2 1 1 1 0 0 0 0 0 0 0 1 1
215594555 0 0 1 0 1 0 0 0 0 2 0 1 0 1 0
216588125 0 0 4 0 0 1 0 1 1 0 0 0 1 0 0
219221875 0 0 5 0 0 0 0 0 0 1 1 1 0 0 0
220909675 0 0 2 1 0 0 0 1 0 2 0 0 0 1 0
222017413 0 0 0 0 0 0 0 1 1 0 0 1 0 1 1
222151325 0 0 2 0 1 0 1 1 0 0 1 0 1 0 0
226301875 0 0 4 0 0 0 1 2 0 0 0 1 0 0 0
236184375 0 1 5 1 0 0 0 0 0 0 0 1 1 0 0
238879495 0 0 1 0 0 0 1 1 1 0 0 1 0 0 1
239159375 0 0 5 1 0 1 0 0 0 2 0 0 0 0 0
242184375 0 2 5 0 0 0 0 0 0 0 0 0 0 1 1
243001875 0 1 4 0 0 0 0 0 0 1 1 0 0 0 1
246261575 0 0 2 1 0 0 1 0 1 0 0 1 1 0 0
248780875 0 0 3 1 0 0 0 0 0 0 0 1 1 1 0
249671875 0 0 6 0 0 0 0 1 0 2 0 0 0 0 0
250468157 0 0 0 0 0 0 1 0 0 1 0 1 0 1 1
257150075 0 0 2 1 0 1 1 0 0 0 0 0 1 0 1
257915625 0 1 5 0 1 0 0 0 0 0 1 0 1 0 0
257984375 0 0 6 0 1 0 0 1 0 0 0 0 0 1 0
259259275 0 0 2 0 1 0 0 1 0 2 0 1 0 0 0
265650875 0 0 3 1 0 0 0 2 0 2 0 0 0 0 0
268268125 0 0 4 0 0 0 0 2 0 1 1 0 0 0 0
270790117 0 0 0 0 0 1 0 0 0 0 1 1 0 1 1
273426827 0 0 0 0 0 0 1 0 0 0 1 1 1 0 1
275767275 0 1 2 1 0 0 0 0 0 0 0 0 1 1 1
277632465 0 1 1 0 1 0 0 2 0 0 0 1 0 1 0
279969443 0 0 0 0 0 1 0 0 0 0 1 0 1 1 1
284051075 0 0 2 1 1 0 0 0 0 0 1 1 1 0 0
293534375 0 0 5 0 0 0 0 0 0 1 1 0 0 1 0
293992575 0 1 2 0 0 0 0 0 0 2 0 1 0 1 0
294458675 0 0 2 1 0 0 0 2 0 0 0 1 0 1 0
296993750 1 0 5 0 0 0 0 1 0 0 1 0 1 0 0
300036125 0 0 3 0 0 0 0 2 0 0 0 0 1 0 1
309491875 0 0 4 1 1 0 0 0 0 0 0 1 0 0 1
312148750 1 0 4 0 0 0 0 0 0 1 0 0 0 1 1
313840175 0 0 2 0 1 0 0 0 1 2 0 1 0 0 0
314000115 0 1 1 0 1 1 1 0 0 0 0 0 0 1 1
316551875 0 0 4 0 0 0 0 2 1 0 0 0 1 0 0
318046875 0 1 7 0 0 0 0 0 1 0 0 1 0 0 0
320728545 0 3 1 0 0 0 1 0 0 1 0 0 1 1 0
323259375 0 1 5 0 0 0 0 0 0 2 1 0 0 0 0
326852625 0 1 3 0 1 0 1 0 0 0 0 1 0 1 0
328343750 1 0 6 1 0 0 0 1 0 0 0 0 0 1 0
337885625 0 0 4 2 1 0 1 0 0 0 0 1 0 0 0
338868683 0 0 0 0 0 0 0 0 1 1 0 1 0 1 1
343363625 0 0 3 0 1 0 0 0 0 1 0 0 0 1 1
344862375 0 1 3 0 1 1 0 0 0 0 0 1 0 0 1
345973375 0 0 3 0 1 0 1 2 0 0 1 0 0 0 0
347143775 0 0 2 0 1 0 0 1 0 2 0 0 0 1 0
359010575 0 0 2 1 1 0 0 0 0 1 0 1 0 0 1
360453125 0 0 6 0 0 0 1 0 1 0 0 1 0 0 0
361178125 0 0 5 1 1 0 0 1 0 0 0 0 0 1 0
362264375 0 0 4 0 1 0 0 0 1 1 0 0 0 1 0
362547625 0 0 3 0 1 0 0 0 0 0 1 1 0 0 1
372390595 0 0 1 0 0 0 0 1 0 2 0 1 0 1 0
375821875 0 0 5 0 1 1 0 0 0 2 0 0 0 0 0
383884375 0 0 5 2 0 0 0 0 1 0 0 0 0 0 1
384631250 1 0 5 0 0 0 0 1 0 0 1 0 0 1 0
386280375 0 1 3 0 0 1 1 0 0 0 0 1 0 1 0
391884975 0 2 2 0 0 0 0 1 0 2 0 0 0 0 1
391934375 0 0 5 1 0 0 0 1 1 0 1 0 0 0 0
401784125 0 0 3 0 0 0 0 0 1 1 0 0 1 1 0
402882857 0 0 0 0 0 1 0 0 0 0 0 1 1 1 1
405157425 0 1 2 0 0 0 0 1 0 0 0 1 1 1 0
411986557 0 0 0 0 0 0 0 2 1 2 0 1 0 0 0
415644675 0 1 2 0 0 0 0 0 0 1 1 1 0 1 0
447594875 0 0 3 1 0 1 0 2 0 0 0 0 0 0 1
454484375 0 0 6 0 0 0 1 0 0 1 0 1 0 0 0
455406250 1 0 6 0 0 1 0 1 0 0 0 1 0 0 0
457370375 0 0 3 1 1 0 0 1 0 0 1 0 1 0 0
459265625 0 0 6 1 0 1 1 1 0 0 0 0 0 0 0
468223125 0 1 4 0 0 0 0 0 0 1 0 0 0 1 1
487214625 0 1 3 0 0 0 0 2 0 0 0 1 1 0 0
488796875 0 0 6 1 0 0 0 0 0 0 1 0 0 0 1
490633675 0 0 2 1 0 0 0 1 0 0 1 1 1 0 0
496943575 0 0 2 0 0 0 1 2 0 0 1 0 0 1 0
499282133 0 0 0 1 0 0 0 2 0 0 1 0 1 1 0
502491613 0 0 0 0 0 1 0 1 0 2 1 1 0 0 0
504501110 1 0 1 0 0 0 0 2 0 1 0 0 1 1 0
508784375 0 0 5 0 1 0 0 2 0 0 1 0 0 0 0
511923950 1 0 2 0 0 0 0 0 0 1 1 0 0 1 1
513734375 0 0 6 2 1 0 0 0 0 0 0 0 1 0 0
526846813 0 0 0 0 0 0 1 0 0 0 0 1 1 1 1
531221855 0 0 1 0 0 0 0 1 0 2 0 0 1 0 1
531462500 2 0 5 0 0 0 1 0 0 0 1 0 1 0 0
556703125 0 0 6 0 1 0 0 0 0 0 1 0 0 1 0
561009375 0 3 5 0 0 0 0 0 0 0 0 0 1 0 1
563116345 0 0 1 0 1 0 0 0 0 1 1 0 0 1 1
566056075 0 0 2 0 0 1 0 1 0 2 0 0 0 0 1
569091875 0 0 4 0 1 0 0 0 1 0 0 1 1 0 0
574770625 0 0 4 0 1 1 0 0 0 0 0 1 0 0 1
593924975 0 0 2 1 0 0 0 0 1 0 1 1 1 0 0
596421875 0 0 6 2 0 0 0 1 0 0 1 0 0 0 0
597609375 0 1 6 0 1 0 0 1 0 0 0 0 1 0 0
598810125 0 1 3 0 0 0 1 0 0 1 1 0 0 1 0
619324475 0 0 2 2 1 0 0 1 0 0 1 1 0 0 0
626668250 1 0 3 0 0 1 0 0 0 1 0 0 1 0 1
633112775 0 0 2 0 0 0 0 2 0 1 1 1 0 0 0
635734375 0 0 6 0 0 0 0 0 1 1 0 0 1 0 0
642418750 1 0 5 0 0 0 0 0 1 0 1 0 0 0 1
643456975 0 0 2 2 0 0 0 0 0 0 0 0 1 1 1
653335925 0 0 2 0 1 0 1 0 0 1 0 0 1 1 0
657921875 0 0 6 0 0 1 0 0 0 0 1 0 0 1 0
669258375 0 1 3 0 0 0 0 1 0 1 1 0 0 1 0
672931875 0 1 4 1 1 0 0 0 0 0 0 1 0 1 0
683293750 1 0 5 0 0 0 1 0 0 0 0 1 0 0 1
684418475 0 0 2 0 0 1 0 1 1 0 0 0 1 1 0
687390297 0 1 0 0 1 0 0 0 0 0 1 1 0 1 1
688111125 0 1 3 0 0 1 1 2 1 0 0 0 0 0 0
706265625 0 1 6 0 0 1 0 1 0 0 0 0 1 0 0
725099375 0 0 4 1 1 1 0 1 0 0 0 0 1 0 0
731940135 0 1 1 0 0 0 0 2 0 1 0 1 0 1 0
748511175 0 1 2 0 0 0 0 1 0 0 0 0 1 1 1
760615625 0 0 5 1 1 0 0 0 0 1 0 0 0 0 1
763189375 0 0 4 0 0 1 0 0 0 1 1 0 0 1 0
765770027 0 0 0 0 1 0 0 0 1 2 0 1 1 0 0
768989375 0 0 4 1 1 0 0 1 0 2 0 0 0 0 0
781353815 0 0 1 0 1 0 0 2 1 1 0 1 0 0 0
782869065 0 1 1 0 1 0 0 1 0 1 0 0 0 1 1
783304355 0 0 1 0 0 0 0 1 0 1 0 1 1 1 0
790003375 0 0 3 1 0 0 0 2 0 0 1 0 1 0 0
791540342 1 0 0 0 0 0 0 1 0 0 1 1 0 1 1
807281250 1 1 6 0 0 0 0 0 0 0 0 0 0 1 1
815263475 0 0 2 0 0 1 1 0 0 0 1 1 1 0 0
833618375 0 0 3 0 0 0 1 0 0 0 0 1 1 0 1
836066875 0 0 4 1 0 0 0 0 0 0 1 1 0 1 0
860846875 0 0 5 1 0 0 0 0 1 1 0 1 0 0 0
863348125 0 0 4 0 0 0 0 1 1 1 0 0 0 0 1
864192875 0 0 3 1 0 1 1 0 0 0 1 0 0 0 1
868525625 0 0 4 0 1 0 0 1 0 0 0 0 1 0 1
890912625 0 1 3 0 0 0 1 0 0 1 0 0 1 1 0
897785625 0 1 4 0 1 0 0 1 0 1 0 0 0 1 0
913891355 0 0 1 0 0 1 1 2 0 1 0 0 0 1 0
916334375 0 0 5 0 1 0 0 1 1 0 0 0 1 0 0
940751750 1 0 3 0 0 0 0 1 1 0 0 0 0 1 1
999086975 0 0 2 0 0 0 0 1 0 2 1 0 1 0 0
