# S35 n=420043610869434342608533926210000000 primes=[2, 3, 5, 7, 11, 13, 17, 19, 23, 29, 37, 41, 59, 61, 79, 89, 109, 149] exps=[7, 4, 7, 2, 1, 1, 1, 2, 1, 2, 1, 1, 1, 1, 1, 1, 1, 1]
2 1 0 0 0 0 0 0 0 0 0 0 0 0 0 0 0 0 0
3 0 1 0 0 0 0 0 0 0 0 0 0 0 0 0 0 0 0
7 0 0 0 1 0 0 0 0 0 0 0 0 0 0 0 0 0 0
11 0 0 0 0 1 0 0 0 0 0 0 0 0 0 0 0 0 0
13 0 0 0 0 0 1 0 0 0 0 0 0 0 0 0 0 0 0
17 0 0 0 0 0 0 1 0 0 0 0 0 0 0 0 0 0 0
20 2 0 1 0 0 0 0 0 0 0 0 0 0 0 0 0 0 0
23 0 0 0 0 0 0 0 0 1 0 0 0 0 0 0 0 0 0
30 1 1 1 0 0 0 0 0 0 0 0 0 0 0 0 0 0 0
37 0 0 0 0 0 0 0 0 0 0 1 0 0 0 0 0 0 0
38 1 0 0 0 0 0 0 1 0 0 0 0 0 0 0 0 0 0
57 0 1 0 0 0 0 0 1 0 0 0 0 0 0 0 0 0 0
58 1 0 0 0 0 0 0 0 0 1 0 0 0 0 0 0 0 0
82 1 0 0 0 0 0 0 0 0 0 0 1 0 0 0 0 0 0
87 0 1 0 0 0 0 0 0 0 1 0 0 0 0 0 0 0 0
110 1 0 1 0 1 0 0 0 0 0 0 0 0 0 0 0 0 0
133 0 0 0 1 0 0 0 1 0 0 0 0 0 0 0 0 0 0
150 1 1 2 0 0 0 0 0 0 0 0 0 0 0 0 0 0 0
158 1 0 0 0 0 0 0 0 0 0 0 0 0 0 1 0 0 0
178 1 0 0 0 0 0 0 0 0 0 0 0 0 0 0 1 0 0
183 0 1 0 0 0 0 0 0 0 0 0 0 0 1 0 0 0 0
200 3 0 2 0 0 0 0 0 0 0 0 0 0 0 0 0 0 0
203 0 0 0 1 0 0 0 0 0 1 0 0 0 0 0 0 0 0
218 1 0 0 0 0 0 0 0 0 0 0 0 0 0 0 0 1 0
236 2 0 0 0 0 0 0 0 0 0 0 0 1 0 0 0 0 0
237 0 1 0 0 0 0 0 0 0 0 0 0 0 0 1 0 0 0
245 0 0 1 2 0 0 0 0 0 0 0 0 0 0 0 0 0 0
247 0 0 0 0 0 1 0 1 0 0 0 0 0 0 0 0 0 0
287 0 0 0 1 0 0 0 0 0 0 0 1 0 0 0 0 0 0
298 1 0 0 0 0 0 0 0 0 0 0 0 0 0 0 0 0 1
323 0 0 0 0 0 0 1 1 0 0 0 0 0 0 0 0 0 0
327 0 1 0 0 0 0 0 0 0 0 0 0 0 0 0 0 1 0
370 1 0 1 0 0 0 0 0 0 0 1 0 0 0 0 0 0 0
377 0 0 0 0 0 1 0 0 0 1 0 0 0 0 0 0 0 0
380 2 0 1 0 0 0 0 1 0 0 0 0 0 0 0 0 0 0
427 0 0 0 1 0 0 0 0 0 0 0 0 0 1 0 0 0 0
437 0 0 0 0 0 0 0 1 1 0 0 0 0 0 0 0 0 0
447 0 1 0 0 0 0 0 0 0 0 0 0 0 0 0 0 0 1
451 0 0 0 0 1 0 0 0 0 0 0 1 0 0 0 0 0 0
455 0 0 1 1 0 1 0 0 0 0 0 0 0 0 0 0 0 0
488 3 0 0 0 0 0 0 0 0 0 0 0 0 1 0 0 0 0
493 0 0 0 0 0 0 1 0 0 1 0 0 0 0 0 0 0 0
531 0 2 0 0 0 0 0 0 0 0 0 0 1 0 0 0 0 0
551 0 0 0 0 0 0 0 1 0 1 0 0 0 0 0 0 0 0
553 0 0 0 1 0 0 0 0 0 0 0 0 0 0 1 0 0 0
570 1 1 1 0 0 0 0 1 0 0 0 0 0 0 0 0 0 0
590 1 0 1 0 0 0 0 0 0 0 0 0 1 0 0 0 0 0
615 0 1 1 0 0 0 0 0 0 0 0 1 0 0 0 0 0 0
623 0 0 0 1 0 0 0 0 0 0 0 0 0 0 0 1 0 0
650 1 0 2 0 0 1 0 0 0 0 0 0 0 0 0 0 0 0
671 0 0 0 0 1 0 0 0 0 0 0 0 0 1 0 0 0 0
675 0 3 2 0 0 0 0 0 0 0 0 0 0 0 0 0 0 0
703 0 0 0 0 0 0 0 1 0 0 1 0 0 0 0 0 0 0
767 0 0 0 0 0 1 0 0 0 0 0 0 1 0 0 0 0 0
790 1 0 1 0 0 0 0 0 0 0 0 0 0 0 1 0 0 0
793 0 0 0 0 0 1 0 0 0 0 0 0 0 1 0 0 0 0
826 1 0 0 1 0 0 0 0 0 0 0 0 1 0 0 0 0 0
870 1 1 1 0 0 0 0 0 0 1 0 0 0 0 0 0 0 0
943 0 0 0 0 0 0 0 0 1 0 0 1 0 0 0 0 0 0
1003 0 0 0 0 0 0 1 0 0 0 0 0 1 0 0 0 0 0
1037 0 0 0 0 0 0 1 0 0 0 0 0 0 1 0 0 0 0
1043 0 0 0 1 0 0 0 0 0 0 0 0 0 0 0 0 0 1
1125 0 2 3 0 0 0 0 0 0 0 0 0 0 0 0 0 0 0
1190 1 0 1 1 0 0 1 0 0 0 0 0 0 0 0 0 0 0
1250 1 0 4 0 0 0 0 0 0 0 0 0 0 0 0 0 0 0
1298 1 0 0 0 1 0 0 0 0 0 0 0 1 0 0 0 0 0
1330 1 0 1 1 0 0 0 1 0 0 0 0 0 0 0 0 0 0
1500 2 1 3 0 0 0 0 0 0 0 0 0 0 0 0 0 0 0
1501 0 0 0 0 0 0 0 1 0 0 0 0 0 0 1 0 0 0
1513 0 0 0 0 0 0 1 0 0 0 0 0 0 0 0 1 0 0
1517 0 0 0 0 0 0 0 0 0 0 1 1 0 0 0 0 0 0
1558 1 0 0 0 0 0 0 1 0 0 0 1 0 0 0 0 0 0
1575 0 2 2 1 0 0 0 0 0 0 0 0 0 0 0 0 0 0
1610 1 0 1 1 0 0 0 0 1 0 0 0 0 0 0 0 0 0
1691 0 0 0 0 0 0 0 1 0 0 0 0 0 0 0 1 0 0
1700 2 0 2 0 0 0 1 0 0 0 0 0 0 0 0 0 0 0
1817 0 0 0 0 0 0 0 0 1 0 0 0 0 0 1 0 0 0
1853 0 0 0 0 0 0 1 0 0 0 0 0 0 0 0 0 1 0
1937 0 0 0 0 0 1 0 0 0 0 0 0 0 0 0 0 0 1
1995 0 1 1 1 0 0 0 1 0 0 0 0 0 0 0 0 0 0
2000 4 0 3 0 0 0 0 0 0 0 0 0 0 0 0 0 0 0
2047 0 0 0 0 0 0 0 0 1 0 0 0 0 0 0 1 0 0
2071 0 0 0 0 0 0 0 1 0 0 0 0 0 0 0 0 1 0
2180 2 0 1 0 0 0 0 0 0 0 0 0 0 0 0 0 1 0
2183 0 0 0 0 0 0 0 0 0 0 1 0 1 0 0 0 0 0
2242 1 0 0 0 0 0 0 1 0 0 0 0 1 0 0 0 0 0
2257 0 0 0 0 0 0 0 0 0 0 1 0 0 1 0 0 0 0
2300 2 0 2 0 0 0 0 0 1 0 0 0 0 0 0 0 0 0
2318 1 0 0 0 0 0 0 1 0 0 0 0 0 1 0 0 0 0
2378 1 0 0 0 0 0 0 0 0 1 0 1 0 0 0 0 0 0
2450 1 0 2 2 0 0 0 0 0 0 0 0 0 0 0 0 0 0
2523 0 1 0 0 0 0 0 0 0 2 0 0 0 0 0 0 0 0
2533 0 0 0 0 0 0 1 0 0 0 0 0 0 0 0 0 0 1
2750 1 0 3 0 1 0 0 0 0 0 0 0 0 0 0 0 0 0
2765 0 0 1 1 0 0 0 0 0 0 0 0 0 0 1 0 0 0
2806 1 0 0 0 0 0 0 0 1 0 0 0 0 1 0 0 0 0
2831 0 0 0 0 0 0 0 1 0 0 0 0 0 0 0 0 0 1
2891 0 0 0 2 0 0 0 0 0 0 0 0 1 0 0 0 0 0
2900 2 0 2 0 0 0 0 0 0 1 0 0 0 0 0 0 0 0
2937 0 1 0 0 1 0 0 0 0 0 0 0 0 0 0 1 0 0
2950 1 0 2 0 0 0 0 0 0 0 0 0 1 0 0 0 0 0
2975 0 0 2 1 0 0 1 0 0 0 0 0 0 0 0 0 0 0
2980 2 0 1 0 0 0 0 0 0 0 0 0 0 0 0 0 0 1
3293 0 0 0 0 0 0 0 0 0 0 1 0 0 0 0 1 0 0
3335 0 0 1 0 0 0 0 0 1 1 0 0 0 0 0 0 0 0
3363 0 1 0 0 0 0 0 1 0 0 0 0 1 0 0 0 0 0
3471 0 1 0 0 0 1 0 0 0 0 0 0 0 0 0 1 0 0
3477 0 1 0 0 0 0 0 1 0 0 0 0 0 1 0 0 0 0
3500 2 0 3 1 0 0 0 0 0 0 0 0 0 0 0 0 0 0
3567 0 1 0 0 0 0 0 0 0 1 0 1 0 0 0 0 0 0
3800 3 0 2 0 0 0 0 1 0 0 0 0 0 0 0 0 0 0
3950 1 0 2 0 0 0 0 0 0 0 0 0 0 0 1 0 0 0
3971 0 0 0 0 1 0 0 2 0 0 0 0 0 0 0 0 0 0
4275 0 2 2 0 0 0 0 1 0 0 0 0 0 0 0 0 0 0
4470 1 1 1 0 0 0 0 0 0 0 0 0 0 0 0 0 0 1
4543 0 0 0 1 1 0 0 0 0 0 0 0 1 0 0 0 0 0
4575 0 1 2 0 0 0 0 0 0 0 0 0 0 1 0 0 0 0
4582 1 0 0 0 0 0 0 0 0 1 0 0 0 0 1 0 0 0
4693 0 0 0 0 0 1 0 2 0 0 0 0 0 0 0 0 0 0
4797 0 2 0 0 0 1 0 0 0 0 0 1 0 0 0 0 0 0
4838 1 0 0 0 0 0 0 0 0 0 0 1 1 0 0 0 0 0
5002 1 0 0 0 0 0 0 0 0 0 0 1 0 1 0 0 0 0
5251 0 0 0 0 0 0 0 0 0 0 0 0 1 0 0 1 0 0
5307 0 1 0 0 0 0 0 0 0 1 0 0 0 1 0 0 0 0
5341 0 0 0 2 0 0 0 0 0 0 0 0 0 0 0 0 1 0
5510 1 0 1 0 0 0 0 1 0 1 0 0 0 0 0 0 0 0
5513 0 0 0 0 0 0 0 0 0 0 1 0 0 0 0 0 0 1
5525 0 0 2 0 0 1 1 0 0 0 0 0 0 0 0 0 0 0
5775 0 1 2 1 1 0 0 0 0 0 0 0 0 0 0 0 0 0
5945 0 0 1 0 0 0 0 0 0 1 0 1 0 0 0 0 0 0
6273 0 2 0 0 0 0 1 0 0 0 0 1 0 0 0 0 0 0
6435 0 2 1 0 1 1 0 0 0 0 0 0 0 0 0 0 0 0
6478 1 0 0 0 0 0 0 0 0 0 0 1 0 0 1 0 0 0
6650 1 0 2 1 0 0 0 1 0 0 0 0 0 0 0 0 0 0
6710 1 0 1 0 1 0 0 0 0 0 0 0 0 1 0 0 0 0
6873 0 1 0 0 0 0 0 0 0 1 0 0 0 0 1 0 0 0
6885 0 4 1 0 0 0 1 0 0 0 0 0 0 0 0 0 0 0
7011 0 2 0 0 0 0 0 1 0 0 0 1 0 0 0 0 0 0
7031 0 0 0 0 0 0 0 0 0 0 0 0 0 0 1 1 0 0
7198 1 0 0 0 0 0 0 0 0 0 0 0 1 1 0 0 0 0
7215 0 1 1 0 0 1 0 0 0 0 1 0 0 0 0 0 0 0
7220 2 0 1 0 0 0 0 2 0 0 0 0 0 0 0 0 0 0
7250 1 0 3 0 0 0 0 0 0 1 0 0 0 0 0 0 0 0
7257 0 1 0 0 0 0 0 0 0 0 0 1 1 0 0 0 0 0
7503 0 1 0 0 0 0 0 0 0 0 0 1 0 1 0 0 0 0
7630 1 0 1 1 0 0 0 0 0 0 0 0 0 0 0 0 1 0
7695 0 4 1 0 0 0 0 1 0 0 0 0 0 0 0 0 0 0
7700 2 0 2 1 1 0 0 0 0 0 0 0 0 0 0 0 0 0
7847 0 0 0 1 0 0 0 1 0 0 0 0 1 0 0 0 0 0
7930 1 0 1 0 0 1 0 0 0 0 0 0 0 1 0 0 0 0
8113 0 0 0 1 0 0 0 1 0 0 0 0 0 1 0 0 0 0
8195 0 0 1 0 1 0 0 0 0 0 0 0 0 0 0 0 0 1
8200 3 0 2 0 0 0 0 0 0 0 0 1 0 0 0 0 0 0
8393 0 0 0 1 1 0 0 0 0 0 0 0 0 0 0 0 1 0
8415 0 2 1 0 1 0 1 0 0 0 0 0 0 0 0 0 0 0
8642 1 0 0 0 0 0 0 0 0 1 0 0 0 0 0 0 0 1
8645 0 0 1 1 0 1 0 1 0 0 0 0 0 0 0 0 0 0
8900 2 0 2 0 0 0 0 0 0 0 0 0 0 0 0 1 0 0
8938 1 0 0 0 0 0 0 0 0 0 0 1 0 0 0 0 1 0
9250 1 0 3 0 0 0 0 0 0 0 1 0 0 0 0 0 0 0
9251 0 0 0 0 1 0 0 0 0 2 0 0 0 0 0 0 0 0
9500 2 0 3 0 0 0 0 1 0 0 0 0 0 0 0 0 0 0
9638 1 0 0 0 0 0 0 0 0 0 0 0 0 1 1 0 0 0
9975 0 1 2 1 0 0 0 1 0 0 0 0 0 0 0 0 0 0
10370 1 0 1 0 0 0 1 0 0 0 0 0 0 1 0 0 0 0
10395 0 3 1 1 1 0 0 0 0 0 0 0 0 0 0 0 0 0
10797 0 1 0 0 0 0 0 0 0 0 0 0 1 1 0 0 0 0
10858 1 0 0 0 0 0 0 0 0 0 0 0 0 1 0 1 0 0
10925 0 0 2 0 0 0 0 1 1 0 0 0 0 0 0 0 0 0
10933 0 0 0 0 0 1 0 0 0 2 0 0 0 0 0 0 0 0
11165 0 0 1 1 1 0 0 0 0 1 0 0 0 0 0 0 0 0
11210 1 0 1 0 0 0 0 1 0 0 0 0 1 0 0 0 0 0
11297 0 0 0 0 1 1 0 0 0 0 0 0 0 0 1 0 0 0
11385 0 2 1 0 1 0 0 0 1 0 0 0 0 0 0 0 0 0
11500 2 0 3 0 0 0 0 0 1 0 0 0 0 0 0 0 0 0
11655 0 2 1 1 0 0 0 0 0 0 1 0 0 0 0 0 0 0
11771 0 0 0 0 0 0 0 0 0 0 0 0 0 0 1 0 0 1
11990 1 0 1 0 1 0 0 0 0 0 0 0 0 0 0 0 1 0
12075 0 1 2 1 0 0 0 0 1 0 0 0 0 0 0 0 0 0
12095 0 0 1 0 0 0 0 0 0 0 0 1 1 0 0 0 0 0
12155 0 0 1 0 1 1 1 0 0 0 0 0 0 0 0 0 0 0
12250 1 0 3 2 0 0 0 0 0 0 0 0 0 0 0 0 0 0
12331 0 0 0 0 1 0 0 1 0 0 0 0 1 0 0 0 0 0
12535 0 0 1 0 0 0 0 0 1 0 0 0 0 0 0 0 1 0
12635 0 0 1 1 0 0 0 2 0 0 0 0 0 0 0 0 0 0
12727 0 0 0 0 1 1 0 0 0 0 0 0 0 0 0 1 0 0
12750 1 1 3 0 0 0 1 0 0 0 0 0 0 0 0 0 0 0
12963 0 1 0 0 0 0 0 0 0 1 0 0 0 0 0 0 0 1
13243 0 0 0 0 0 0 1 1 0 0 0 1 0 0 0 0 0 0
13298 1 0 0 0 0 0 0 0 0 0 0 0 0 1 0 0 1 0
13357 0 0 0 0 0 0 0 2 0 0 1 0 0 0 0 0 0 0
13475 0 0 2 2 1 0 0 0 0 0 0 0 0 0 0 0 0 0
14152 3 0 0 0 0 0 0 0 0 1 0 0 0 1 0 0 0 0
14170 1 0 1 0 0 1 0 0 0 0 0 0 0 0 0 0 1 0
14297 0 0 0 0 0 0 1 0 0 2 0 0 0 0 0 0 0 0
14375 0 0 4 0 0 0 0 0 1 0 0 0 0 0 0 0 0 0
14457 0 1 0 0 0 0 0 0 0 0 0 0 0 1 1 0 0 0
14573 0 0 0 0 0 1 0 1 0 0 0 0 1 0 0 0 0 0
14615 0 0 1 0 0 0 0 0 0 0 1 0 0 0 1 0 0 0
14773 0 0 0 0 1 0 1 0 0 0 0 0 0 0 1 0 0 0
15375 0 1 3 0 0 0 0 0 0 0 0 1 0 0 0 0 0 0
15457 0 0 0 0 0 1 0 0 0 1 0 1 0 0 0 0 0 0
15580 2 0 1 0 0 0 0 1 0 0 0 1 0 0 0 0 0 0
15587 0 0 0 0 1 1 0 0 0 0 0 0 0 0 0 0 1 0
15725 0 0 2 0 0 0 1 0 0 0 1 0 0 0 0 0 0 0
16350 1 1 2 0 0 0 0 0 0 0 0 0 0 0 0 0 1 0
16933 0 0 0 1 0 0 0 0 0 0 0 1 1 0 0 0 0 0
17255 0 0 1 1 0 0 1 0 0 1 0 0 0 0 0 0 0 0
17507 0 0 0 1 0 0 0 0 0 0 0 1 0 1 0 0 0 0
17775 0 2 2 0 0 0 0 0 0 0 0 0 0 0 1 0 0 0
17995 0 0 1 0 0 0 0 0 0 0 0 0 1 1 0 0 0 0
18050 1 0 2 0 0 0 0 2 0 0 0 0 0 0 0 0 0 0
18315 0 2 1 0 1 0 0 0 0 0 1 0 0 0 0 0 0 0
18375 0 1 3 2 0 0 0 0 0 0 0 0 0 0 0 0 0 0
18821 0 0 0 0 1 0 0 0 0 1 0 0 1 0 0 0 0 0
19175 0 0 2 0 0 1 0 0 0 0 0 0 1 0 0 0 0 0
19293 0 1 0 0 0 0 0 0 0 0 0 0 1 0 0 0 1 0
19343 0 0 0 0 0 0 0 0 1 2 0 0 0 0 0 0 0 0
19575 0 3 2 0 0 0 0 0 0 1 0 0 0 0 0 0 0 0
19703 0 0 0 0 0 0 1 1 0 0 0 0 0 1 0 0 0 0
19947 0 1 0 0 0 0 0 0 0 0 0 0 0 1 0 0 1 0
20025 0 2 2 0 0 0 0 0 0 0 0 0 0 0 0 1 0 0
20213 0 0 0 0 0 0 1 0 0 1 0 1 0 0 0 0 0 0
20900 2 0 2 0 1 0 0 1 0 0 0 0 0 0 0 0 0 0
21350 1 0 2 1 0 0 0 0 0 0 0 0 0 1 0 0 0 0
21375 0 2 3 0 0 0 0 1 0 0 0 0 0 0 0 0 0 0
21800 3 0 2 0 0 0 0 0 0 0 0 0 0 0 0 0 1 0
22570 1 0 1 0 0 0 0 0 0 0 1 0 0 1 0 0 0 0
22591 0 0 0 0 0 0 0 1 0 1 0 1 0 0 0 0 0 0
22875 0 1 3 0 0 0 0 0 0 0 0 0 0 1 0 0 0 0
22910 1 0 1 0 0 0 0 0 0 1 0 0 0 0 1 0 0 0
22997 0 0 0 0 0 1 0 0 0 1 0 0 0 1 0 0 0 0
23925 0 1 2 0 1 0 0 0 0 1 0 0 0 0 0 0 0 0
24030 1 3 1 0 0 0 0 0 0 0 0 0 0 0 0 1 0 0
24035 0 0 1 0 1 0 0 1 1 0 0 0 0 0 0 0 0 0
24375 0 1 4 0 0 1 0 0 0 0 0 0 0 0 0 0 0 0
24395 0 0 1 1 0 0 1 0 0 0 0 1 0 0 0 0 0 0
24605 0 0 1 1 0 0 0 1 0 0 1 0 0 0 0 0 0 0
25230 1 1 1 0 0 0 0 0 0 2 0 0 0 0 0 0 0 0
25330 1 0 1 0 0 0 1 0 0 0 0 0 0 0 0 0 0 1
25783 0 0 0 0 0 0 0 1 1 0 0 0 1 0 0 0 0 0
25900 2 0 2 1 0 0 0 0 0 0 1 0 0 0 0 0 0 0
25925 0 0 2 0 0 0 1 0 0 0 0 0 0 1 0 0 0 0
26373 0 1 0 0 0 0 0 0 0 0 0 0 1 0 0 0 0 1
26657 0 0 0 0 0 0 0 1 1 0 0 0 0 1 0 0 0 0
27115 0 0 1 0 1 0 1 0 0 1 0 0 0 0 0 0 0 0
27183 0 1 0 0 0 1 1 0 0 0 0 1 0 0 0 0 0 0
27267 0 1 0 0 0 0 0 0 0 0 0 0 0 1 0 0 0 1
27347 0 0 0 0 0 0 0 0 1 1 0 1 0 0 0 0 0 0
27511 0 0 0 0 1 0 0 0 0 0 0 1 0 1 0 0 0 0
27550 1 0 2 0 0 0 0 1 0 1 0 0 0 0 0 0 0 0
27565 0 0 1 0 0 0 0 0 0 0 1 0 0 0 0 0 0 1
28175 0 0 2 2 0 0 0 0 1 0 0 0 0 0 0 0 0 0
28215 0 3 1 0 1 0 0 1 0 0 0 0 0 0 0 0 0 0
28231 0 0 0 1 0 0 0 0 0 0 1 0 0 0 0 0 1 0
28700 2 0 2 1 0 0 0 0 0 0 0 1 0 0 0 0 0 0
28875 0 1 3 1 1 0 0 0 0 0 0 0 0 0 0 0 0 0
29087 0 0 0 0 0 0 1 0 0 1 0 0 1 0 0 0 0 0
29103 0 1 0 0 0 0 0 0 0 0 0 0 0 0 0 1 1 0
29315 0 0 1 0 1 1 0 0 0 0 0 1 0 0 0 0 0 0
29325 0 1 2 0 0 0 1 0 1 0 0 0 0 0 0 0 0 0
29435 0 0 1 1 0 0 0 0 0 2 0 0 0 0 0 0 0 0
29500 2 0 3 0 0 0 0 0 0 0 0 0 1 0 0 0 0 0
29783 0 0 0 0 0 1 0 0 0 1 0 0 0 0 1 0 0 0
30247 0 0 0 1 0 0 0 0 0 1 0 0 0 0 0 0 0 1
30975 0 1 2 1 0 0 0 0 0 0 0 0 1 0 0 0 0 0
31150 1 0 2 1 0 0 0 0 0 0 0 0 0 0 0 1 0 0
31283 0 0 0 1 0 0 0 0 0 0 0 1 0 0 0 0 1 0
32375 0 0 3 1 0 0 0 0 0 0 1 0 0 0 0 0 0 0
32390 1 0 1 0 0 0 0 0 0 0 0 1 0 0 1 0 0 0
32513 0 0 0 0 0 1 0 0 0 0 0 1 0 1 0 0 0 0
32591 0 0 0 0 0 1 0 0 1 0 0 0 0 0 0 0 1 0
32627 0 0 0 1 0 0 0 0 0 0 0 0 1 0 1 0 0 0
33250 1 0 3 1 0 0 0 1 0 0 0 0 0 0 0 0 0 0
33350 1 0 2 0 0 0 0 0 1 1 0 0 0 0 0 0 0 0
33553 0 0 0 0 0 1 0 0 0 1 0 0 0 0 0 1 0 0
33611 0 0 0 0 0 0 0 1 0 1 0 0 0 1 0 0 0 0
33733 0 0 0 1 0 0 0 0 0 0 0 0 0 1 1 0 0 0
34335 0 2 1 1 0 0 0 0 0 0 0 0 0 0 0 0 1 0
34515 0 2 1 0 0 1 0 0 0 0 0 0 1 0 0 0 0 0
34710 1 1 1 0 0 1 0 0 0 0 0 0 0 0 0 1 0 0
34771 0 0 0 0 1 0 0 0 0 1 0 0 0 0 0 0 1 0
34850 1 0 2 0 0 0 1 0 0 0 0 1 0 0 0 0 0 0
35931 0 1 0 1 0 0 0 0 0 1 0 0 1 0 0 0 0 0
36045 0 4 1 0 0 0 0 0 0 0 0 0 0 0 0 1 0 0
36356 2 0 0 0 0 0 0 0 0 0 0 0 0 1 0 0 0 1
37697 0 0 0 0 1 0 0 0 1 0 0 0 0 0 0 0 0 1
37845 0 2 1 0 0 0 0 0 0 2 0 0 0 0 0 0 0 0
39353 0 0 0 0 0 0 0 0 1 1 0 0 1 0 0 0 0 0
39375 0 2 4 1 0 0 0 0 0 0 0 0 0 0 0 0 0 0
39500 2 0 3 0 0 0 0 0 0 0 0 0 0 0 1 0 0 0
39710 1 0 1 0 1 0 0 2 0 0 0 0 0 0 0 0 0 0
39783 0 1 0 0 0 0 0 0 0 0 0 0 0 0 0 1 0 1
39875 0 0 3 0 1 0 0 0 0 1 0 0 0 0 0 0 0 0
40221 0 2 0 0 0 0 0 0 0 0 0 1 0 0 0 0 1 0
40250 1 0 3 1 0 0 0 0 1 0 0 0 0 0 0 0 0 0
40365 0 3 1 0 0 1 0 0 1 0 0 0 0 0 0 0 0 0
41000 3 0 3 0 0 0 0 0 0 0 0 1 0 0 0 0 0 0
41055 0 1 1 1 0 0 1 0 1 0 0 0 0 0 0 0 0 0
41123 0 0 0 0 0 0 1 0 0 0 0 1 1 0 0 0 0 0
42050 1 0 2 0 0 0 0 0 0 2 0 0 0 0 0 0 0 0
42090 1 1 1 0 0 0 0 0 1 0 0 0 0 1 0 0 0 0
42598 1 0 0 0 0 0 0 2 0 0 0 0 1 0 0 0 0 0
42763 0 0 0 1 0 0 0 0 0 0 0 1 0 0 0 0 0 1
42845 0 0 1 0 1 0 0 1 0 0 0 1 0 0 0 0 0 0
42883 0 0 0 0 0 0 0 1 0 0 1 0 0 1 0 0 0 0
43210 1 0 1 0 0 0 0 0 0 1 0 0 0 0 0 0 0 1
43225 0 0 2 1 0 1 0 1 0 0 0 0 0 0 0 0 0 0
43750 1 0 5 1 0 0 0 0 0 0 0 0 0 0 0 0 0 0
43993 0 0 0 0 0 0 0 0 0 1 1 1 0 0 0 0 0 0
44055 0 2 1 0 1 0 0 0 0 0 0 0 0 0 0 1 0 0
44250 1 1 3 0 0 0 0 0 0 0 0 0 1 0 0 0 0 0
44500 2 0 3 0 0 0 0 0 0 0 0 0 0 0 0 1 0 0
46875 0 1 6 0 0 0 0 0 0 0 0 0 0 0 0 0 0 0
46935 0 2 1 1 0 0 0 0 0 0 0 0 0 0 0 0 0 1
47531 0 0 0 0 1 0 0 0 0 1 0 0 0 0 0 0 0 1
48425 0 0 2 0 0 1 0 0 0 0 0 0 0 0 0 0 0 1
49691 0 0 0 0 0 0 1 0 0 0 1 0 0 0 1 0 0 0
49875 0 1 3 1 0 0 0 1 0 0 0 0 0 0 0 0 0 0
50020 2 0 1 0 0 0 0 0 0 0 0 1 0 1 0 0 0 0
50895 0 3 1 0 0 1 0 0 0 1 0 0 0 0 0 0 0 0
51271 0 0 0 0 1 0 0 0 0 0 0 0 1 0 1 0 0 0
52250 1 0 3 0 1 0 0 1 0 0 0 0 0 0 0 0 0 0
52693 0 0 0 0 0 0 0 0 1 1 0 0 0 0 1 0 0 0
53375 0 0 3 1 0 0 0 0 0 0 0 0 0 1 0 0 0 0
54530 1 0 1 1 0 0 0 1 0 0 0 1 0 0 0 0 0 0
54981 0 2 0 0 0 0 0 0 0 0 0 1 0 0 0 0 0 1
56782 1 0 0 0 1 0 0 0 0 1 0 0 0 0 0 1 0 0
57523 0 0 0 0 0 0 0 0 1 0 0 1 0 1 0 0 0 0
60375 0 1 3 1 0 0 0 0 1 0 0 0 0 0 0 0 0 0
61090 1 0 1 0 0 0 0 0 0 0 0 1 0 0 0 0 0 1
61537 0 0 0 1 0 0 0 0 0 0 0 0 1 0 0 0 0 1
61750 1 0 3 0 0 1 0 1 0 0 0 0 0 0 0 0 0 0
62033 0 0 0 0 0 0 1 0 0 0 0 1 0 0 0 1 0 0
62675 0 0 2 0 0 0 0 0 1 0 0 0 0 0 0 0 1 0
63175 0 0 2 1 0 0 0 2 0 0 0 0 0 0 0 0 0 0
63307 0 0 0 0 0 0 0 0 0 1 1 0 1 0 0 0 0 0
63825 0 1 2 0 0 0 0 0 1 0 1 0 0 0 0 0 0 0
63897 0 1 0 0 0 0 0 2 0 0 0 0 1 0 0 0 0 0
64310 1 0 1 0 0 0 0 0 0 0 0 0 1 0 0 0 1 0
65018 1 0 0 0 0 0 0 1 0 1 0 0 1 0 0 0 0 0
65453 0 0 0 0 0 0 0 0 0 1 1 0 0 1 0 0 0 0
65975 0 0 2 1 0 1 0 0 0 1 0 0 0 0 0 0 0 0
66215 0 0 1 0 0 0 1 1 0 0 0 1 0 0 0 0 0 0
67795 0 0 1 1 0 1 0 0 0 0 0 0 0 0 0 0 0 1
69687 0 3 0 0 0 0 0 0 0 1 0 0 0 0 0 1 0 0
70310 1 0 1 0 0 0 0 0 0 0 0 0 0 0 1 1 0 0
70395 0 1 1 0 0 1 0 2 0 0 0 0 0 0 0 0 0 0
70775 0 0 2 0 0 0 0 1 0 0 0 0 0 0 0 0 0 1
70850 1 0 2 0 0 1 0 0 0 0 0 0 0 0 0 0 1 0
71750 1 0 3 1 0 0 0 0 0 0 0 1 0 0 0 0 0 0
75030 1 1 1 0 0 0 0 0 0 0 0 1 0 1 0 0 0 0
76095 0 2 1 0 0 0 0 1 0 0 0 0 0 0 0 1 0 0
76125 0 1 3 1 0 0 0 0 0 1 0 0 0 0 0 0 0 0
76995 0 2 1 0 0 0 0 0 0 1 0 0 1 0 0 0 0 0
77875 0 0 3 1 0 0 0 0 0 0 0 0 0 0 0 1 0 0
78125 0 0 7 0 0 0 0 0 0 0 0 0 0 0 0 0 0 0
78375 0 1 3 0 1 0 0 1 0 0 0 0 0 0 0 0 0 0
79237 0 0 0 0 0 0 1 0 0 0 0 0 1 0 1 0 0 0
80750 1 0 3 0 0 0 1 1 0 0 0 0 0 0 0 0 0 0
80975 0 0 2 0 0 0 0 0 0 0 0 1 0 0 1 0 0 0
81750 1 1 3 0 0 0 0 0 0 0 0 0 0 0 0 0 1 0
81923 0 0 0 0 0 0 1 0 0 0 0 0 0 1 1 0 0 0
83030 1 0 1 0 0 0 0 2 1 0 0 0 0 0 0 0 0 0
83375 0 0 3 0 0 0 0 0 1 1 0 0 0 0 0 0 0 0
83927 0 0 0 0 0 0 0 0 1 0 0 1 0 0 0 1 0 0
84075 0 1 2 0 0 0 0 1 0 0 0 0 1 0 0 0 0 0
84767 0 0 0 0 0 0 0 0 0 1 1 0 0 0 1 0 0 0
86775 0 1 2 0 0 1 0 0 0 0 0 0 0 0 0 1 0 0
87910 1 0 1 0 0 0 0 0 0 0 0 0 1 0 0 0 0 1
88450 1 0 2 0 0 0 0 0 0 1 0 0 0 1 0 0 0 0
90250 1 0 3 0 0 0 0 2 0 0 0 0 0 0 0 0 0 0
91195 0 0 1 0 0 1 0 0 1 0 0 0 0 1 0 0 0 0
92055 0 1 1 0 0 0 1 2 0 0 0 0 0 0 0 0 0 0
92510 1 0 1 0 1 0 0 0 0 2 0 0 0 0 0 0 0 0
94875 0 1 3 0 1 0 0 0 1 0 0 0 0 0 0 0 0 0
95038 1 0 0 0 0 0 0 1 0 0 0 1 0 1 0 0 0 0
95497 0 0 0 0 0 0 0 0 0 1 1 0 0 0 0 1 0 0
95625 0 2 4 0 0 0 1 0 0 0 0 0 0 0 0 0 0 0
96380 2 0 1 0 0 0 0 0 0 0 0 0 0 1 1 0 0 0
96701 0 0 0 0 1 0 0 0 0 0 0 0 1 0 0 0 0 1
97010 1 0 1 0 0 0 0 0 0 0 0 0 0 0 0 1 1 0
97527 0 1 0 0 0 0 0 1 0 1 0 0 1 0 0 0 0 0
97750 1 0 3 0 0 0 1 0 1 0 0 0 0 0 0 0 0 0
98750 1 0 4 0 0 0 0 0 0 0 0 0 0 0 1 0 0 0
99935 0 0 1 0 1 0 0 0 1 0 0 0 0 0 1 0 0 0
100825 0 0 2 0 0 0 0 0 0 0 1 0 0 0 0 0 1 0
101475 0 2 2 0 1 0 0 0 0 0 0 1 0 0 0 0 0 0
102787 0 0 0 0 0 0 0 0 1 0 0 1 0 0 0 0 1 0
102795 0 1 1 1 1 0 0 0 0 0 0 0 0 0 0 1 0 0
103853 0 0 0 0 0 0 1 0 0 0 0 1 0 0 0 0 0 1
104690 1 0 1 0 0 0 0 2 0 1 0 0 0 0 0 0 0 0
105125 0 0 3 0 0 0 0 0 0 2 0 0 0 0 0 0 0 0
106275 0 1 2 0 0 1 0 0 0 0 0 0 0 0 0 0 1 0
106375 0 0 3 0 0 0 0 0 1 0 1 0 0 0 0 0 0 0
110635 0 0 1 1 0 0 0 0 0 1 0 0 0 0 0 0 1 0
111750 1 1 3 0 0 0 0 0 0 0 0 0 0 0 0 0 0 1
111943 0 0 0 0 0 1 0 0 0 0 0 0 0 0 1 0 1 0
112665 0 1 1 1 0 0 0 0 0 1 1 0 0 0 0 0 0 0
112955 0 0 1 0 0 0 0 1 0 1 0 1 0 0 0 0 0 0
113033 0 0 0 0 0 0 1 0 0 0 0 0 0 1 0 0 1 0
113475 0 1 2 0 0 0 1 0 0 0 0 0 0 0 0 1 0 0
114550 1 0 2 0 0 0 0 0 0 1 0 0 0 0 1 0 0 0
115900 2 0 2 0 0 0 0 1 0 0 0 0 0 1 0 0 0 0
117875 0 0 3 0 0 0 0 0 1 0 0 1 0 0 0 0 0 0
118370 1 0 1 1 0 0 0 1 0 0 0 0 0 0 0 1 0 0
119843 0 0 0 0 0 0 0 0 0 0 1 1 0 0 1 0 0 0
120950 1 0 2 0 0 0 0 0 0 0 0 1 1 0 0 0 0 0
122000 4 0 3 0 0 0 0 0 0 0 0 0 0 1 0 0 0 0
125000 3 0 6 0 0 0 0 0 0 0 0 0 0 0 0 0 0 0
126113 0 0 0 0 0 1 0 0 0 0 0 0 0 0 0 1 1 0
126321 0 1 0 0 0 1 0 0 0 0 0 1 0 0 1 0 0 0
126331 0 0 0 0 0 0 0 1 0 0 0 0 0 1 0 0 1 0
127395 0 2 1 0 0 0 0 1 0 0 0 0 0 0 0 0 0 1
127490 1 0 1 0 1 0 0 1 0 0 0 0 0 1 0 0 0 0
132675 0 1 2 0 0 0 0 0 0 1 0 0 0 1 0 0 0 0
133163 0 0 0 0 0 0 0 0 0 0 1 0 1 1 0 0 0 0
135405 0 3 1 0 0 0 1 0 0 0 0 0 1 0 0 0 0 0
139751 0 0 0 0 0 0 0 0 0 1 0 0 0 1 1 0 0 0
140415 0 1 1 0 1 0 0 0 1 0 1 0 0 0 0 0 0 0
142557 0 1 0 0 0 0 0 1 0 0 0 1 0 1 0 0 0 0
142970 1 0 1 0 0 0 1 0 0 2 0 0 0 0 0 0 0 0
144375 0 1 4 1 1 0 0 0 0 0 0 0 0 0 0 0 0 0
146205 0 4 1 0 0 0 0 2 0 0 0 0 0 0 0 0 0 0
146850 1 1 2 0 1 0 0 0 0 0 0 0 0 0 0 1 0 0
147315 0 1 1 1 0 0 0 0 1 0 0 0 0 1 0 0 0 0
148857 0 1 0 0 0 0 0 0 0 2 0 0 1 0 0 0 0 0
148925 0 0 2 1 0 0 0 0 1 0 1 0 0 0 0 0 0 0
149093 0 0 0 1 0 0 0 2 0 0 0 0 1 0 0 0 0 0
150535 0 0 1 1 1 0 1 0 1 0 0 0 0 0 0 0 0 0
151700 2 0 2 0 0 0 0 0 0 0 1 1 0 0 0 0 0 0
152500 2 0 4 0 0 0 0 0 0 0 0 0 0 1 0 0 0 0
152927 0 0 0 0 0 0 0 0 1 0 0 0 0 1 0 0 1 0
159877 0 0 0 0 0 0 0 0 0 1 1 0 0 0 0 0 0 1
160950 1 1 2 0 0 0 0 0 0 1 1 0 0 0 0 0 0 0
162500 2 0 5 0 0 1 0 0 0 0 0 0 0 0 0 0 0 0
165495 0 1 1 0 1 0 1 0 0 0 0 0 1 0 0 0 0 0
167750 1 0 3 0 1 0 0 0 0 0 0 0 0 1 0 0 0 0
171675 0 2 2 1 0 0 0 0 0 0 0 0 0 0 0 0 1 0
171825 0 1 2 0 0 0 0 0 0 1 0 0 0 0 1 0 0 0
172691 0 0 0 0 0 0 0 1 0 0 0 0 0 1 0 0 0 1
174250 1 0 3 0 0 0 1 0 0 0 0 1 0 0 0 0 0 0
174291 0 1 0 0 0 1 0 0 0 0 0 1 0 0 0 0 1 0
176351 0 0 0 2 0 0 0 0 0 0 0 0 1 1 0 0 0 0
177555 0 1 1 1 0 0 0 1 0 0 0 0 0 0 0 1 0 0
177650 1 0 2 0 1 0 1 1 0 0 0 0 0 0 0 0 0 0
178303 0 0 0 0 0 0 0 0 0 0 1 0 0 1 1 0 0 0
179157 0 1 0 0 1 0 0 0 0 0 0 0 0 1 0 1 0 0
179170 1 0 1 0 0 0 0 1 1 0 0 1 0 0 0 0 0 0
180375 0 1 3 0 0 1 0 0 0 0 1 0 0 0 0 0 0 0
181220 2 0 1 0 0 1 1 0 0 0 0 1 0 0 0 0 0 0
182525 0 0 2 2 0 0 0 0 0 0 0 0 0 0 0 0 0 1
183195 0 3 1 0 0 0 0 0 1 0 0 0 1 0 0 0 0 0
183338 1 0 0 0 0 0 0 0 0 2 0 0 0 0 0 0 1 0
184875 0 1 3 0 0 0 1 0 0 1 0 0 0 0 0 0 0 0
185625 0 3 4 0 1 0 0 0 0 0 0 0 0 0 0 0 0 0
188955 0 2 1 0 0 1 1 1 0 0 0 0 0 0 0 0 0 0
198476 2 0 0 0 0 0 0 0 0 2 0 0 1 0 0 0 0 0
200355 0 1 1 0 0 0 0 2 0 0 1 0 0 0 0 0 0 0
202475 0 0 2 1 0 1 0 0 0 0 0 0 0 0 0 1 0 0
206302 1 0 0 0 0 0 0 1 0 0 0 0 0 1 0 1 0 0
207993 0 1 0 0 0 0 0 1 0 0 0 1 0 0 0 1 0 0
210453 0 1 0 0 0 0 0 0 0 1 0 1 1 0 0 0 0 0
211133 0 0 0 0 0 1 0 0 0 0 0 0 0 0 0 0 1 1
212175 0 2 2 0 0 0 0 0 1 0 0 1 0 0 0 0 0 0
213422 1 0 0 0 1 0 0 0 0 0 0 0 0 0 0 1 1 0
213875 0 0 3 0 0 0 0 0 0 1 0 0 1 0 0 0 0 0
214415 0 0 1 0 0 0 0 1 0 0 1 0 0 1 0 0 0 0
215050 1 0 2 0 1 0 1 0 1 0 0 0 0 0 0 0 0 0
215291 0 0 0 0 0 0 0 0 0 0 0 1 1 0 0 1 0 0
217455 0 1 1 1 0 0 0 1 0 0 0 0 0 0 0 0 1 0
218000 4 0 3 0 0 0 0 0 0 0 0 0 0 0 0 0 1 0
226033 0 0 0 0 0 0 0 0 0 0 1 1 0 0 0 0 0 1
227563 0 0 0 1 0 0 0 1 0 1 0 0 1 0 0 0 0 0
229215 0 1 1 1 0 0 0 0 0 0 1 0 1 0 0 0 0 0
238251 0 1 0 0 0 1 0 0 0 0 0 1 0 0 0 0 0 1
239855 0 0 1 2 1 0 0 0 0 0 0 0 0 0 0 1 0 0
242535 0 1 1 0 0 0 0 1 1 0 1 0 0 0 0 0 0 0
243750 1 1 5 0 0 1 0 0 0 0 0 0 0 0 0 0 0 0
244305 0 2 1 0 0 0 0 0 0 0 0 0 0 1 0 1 0 0
245195 0 0 1 0 0 0 0 1 0 1 0 0 0 0 0 1 0 0
245295 0 3 1 0 0 0 0 0 1 0 0 0 0 0 1 0 0 0
245795 0 0 1 0 1 0 0 0 0 0 0 1 0 0 0 0 1 0
250618 1 0 0 0 0 0 0 0 0 2 0 0 0 0 0 0 0 1
256355 0 0 1 0 1 0 0 0 0 0 0 0 1 0 1 0 0 0
258115 0 0 1 0 1 1 0 2 0 0 0 0 0 0 0 0 0 0
261250 1 0 4 0 1 0 0 1 0 0 0 0 0 0 0 0 0 0
265677 0 1 0 0 0 0 0 1 0 0 0 0 1 0 1 0 0 0
265965 0 1 1 1 0 0 1 0 0 0 0 0 0 0 0 0 0 1
269230 1 0 1 0 0 1 0 1 0 0 0 0 0 0 0 0 1 0
269775 0 2 2 0 1 0 0 0 0 0 0 0 0 0 0 0 1 0
270338 1 0 0 0 0 0 0 0 0 1 0 0 1 0 1 0 0 0
271005 0 1 1 1 0 0 0 0 0 1 0 0 0 0 0 1 0 0
271450 1 0 2 0 0 0 0 0 0 0 0 0 0 1 0 1 0 0
271875 0 1 5 0 0 0 0 0 0 1 0 0 0 0 0 0 0 0
272650 1 0 2 1 0 0 0 1 0 0 0 1 0 0 0 0 0 0
275110 1 0 1 0 1 0 0 0 0 0 0 1 0 1 0 0 0 0
275650 1 0 2 0 0 0 0 0 0 0 1 0 0 0 0 0 0 1
277123 0 0 0 1 1 0 0 0 0 0 0 0 1 1 0 0 0 0
279015 0 1 1 0 1 0 0 1 0 0 0 0 0 0 0 1 0 0
280250 1 0 3 0 0 0 0 1 0 0 0 0 1 0 0 0 0 0
283910 1 0 1 0 1 0 0 0 0 1 0 0 0 0 0 1 0 0
284163 0 1 0 0 1 0 0 0 0 0 0 0 0 0 1 0 1 0
286273 0 0 0 0 0 1 0 2 0 0 0 0 0 1 0 0 0 0
287615 0 0 1 0 0 0 0 0 1 0 0 1 0 1 0 0 0 0
287651 0 0 0 1 0 1 0 0 0 1 0 0 0 0 0 0 1 0
289275 0 1 2 1 0 0 0 1 0 1 0 0 0 0 0 0 0 0
291742 1 0 0 0 1 0 0 0 0 0 0 0 0 0 0 1 0 1
292125 0 1 3 0 0 0 0 1 0 0 0 1 0 0 0 0 0 0
295118 1 0 0 0 0 0 0 0 0 0 0 1 1 1 0 0 0 0
297250 1 0 3 0 0 0 0 0 0 1 0 1 0 0 0 0 0 0
309575 0 0 2 1 0 0 0 0 0 1 0 0 0 1 0 0 0 0
310821 0 1 0 1 0 0 0 2 0 0 0 1 0 0 0 0 0 0
312835 0 0 1 0 0 0 0 1 0 0 1 0 0 0 0 1 0 0
313113 0 1 0 0 0 0 0 0 0 1 0 0 1 1 0 0 0 0
315875 0 0 3 1 0 0 0 2 0 0 0 0 0 0 0 0 0 0
316100 2 0 2 0 0 0 0 0 0 1 0 0 0 0 0 0 1 0
316535 0 0 1 0 0 0 0 0 0 1 1 0 1 0 0 0 0 0
318750 1 1 5 0 0 0 1 0 0 0 0 0 0 0 0 0 0 0
321165 0 4 1 0 0 1 0 0 0 0 0 0 0 1 0 0 0 0
321290 1 0 1 0 0 0 0 2 0 0 0 0 0 0 0 1 0 0
321550 1 0 2 0 0 0 0 0 0 0 0 0 1 0 0 0 1 0
322335 0 2 1 0 0 1 0 1 0 1 0 0 0 0 0 0 0 0
324075 0 1 2 0 0 0 0 0 0 1 0 0 0 0 0 0 0 1
329875 0 0 3 1 0 1 0 0 0 1 0 0 0 0 0 0 0 0
335750 1 0 3 0 0 0 1 0 0 0 0 0 0 0 1 0 0 0
340423 0 0 0 0 0 0 0 2 1 0 0 1 0 0 0 0 0 0
341315 0 0 1 0 0 1 0 0 0 0 0 0 1 0 0 1 0 0
341715 0 1 1 0 1 0 0 1 0 0 0 0 0 0 0 0 1 0
343125 0 2 4 0 0 0 0 0 0 0 0 0 0 1 0 0 0 0
347990 1 0 1 0 0 0 1 0 1 0 0 0 0 0 0 1 0 0
348213 0 1 0 0 0 0 0 1 0 0 0 1 0 0 0 0 0 1
358937 0 0 0 0 0 0 0 0 0 0 1 0 0 0 0 1 1 0
359775 0 3 2 0 0 1 0 0 0 0 0 1 0 0 0 0 0 0
360195 0 1 1 0 1 0 0 0 0 0 1 0 1 0 0 0 0 0
361251 0 2 0 0 1 0 0 0 0 0 0 1 0 0 0 1 0 0
361340 2 0 1 1 0 0 0 0 0 1 0 0 0 0 0 1 0 0
362083 0 0 0 0 0 0 1 2 0 0 0 0 1 0 0 0 0 0
362425 0 0 2 1 0 0 0 1 0 0 0 0 0 0 0 0 1 0
365375 0 0 3 0 0 0 0 0 0 0 1 0 0 0 1 0 0 0
367125 0 1 3 0 1 0 0 0 0 0 0 0 0 0 0 1 0 0
371875 0 0 5 1 0 0 1 0 0 0 0 0 0 0 0 0 0 0
372998 1 0 0 0 0 0 0 0 0 1 0 0 1 0 0 0 1 0
373543 0 0 0 0 0 0 0 0 1 0 0 0 0 0 0 0 1 1
374357 0 0 0 0 0 0 1 2 0 0 0 0 0 1 0 0 0 0
375550 1 0 2 1 0 0 0 0 0 1 1 0 0 0 0 0 0 0
382755 0 1 1 0 0 0 1 1 0 0 0 0 0 0 1 0 0 0
386650 1 0 2 0 1 0 0 1 0 0 1 0 0 0 0 0 0 0
392291 0 0 0 0 0 0 0 0 0 0 0 0 1 1 0 0 1 0
393125 0 0 4 0 0 0 1 0 0 0 1 0 0 0 0 0 0 0
393965 0 0 1 0 1 1 0 1 0 1 0 0 0 0 0 0 0 0
396825 0 1 2 0 1 1 0 0 0 0 1 0 0 0 0 0 0 0
397830 1 1 1 0 0 0 0 0 0 0 0 0 0 0 0 1 0 1
398905 0 0 1 0 0 1 1 2 0 0 0 0 0 0 0 0 0 0
403845 0 1 1 0 0 1 0 1 0 0 0 0 0 0 0 0 1 0
405650 1 0 2 1 0 0 0 1 0 0 0 0 0 1 0 0 0 0
406250 1 0 6 0 0 1 0 0 0 0 0 0 0 0 0 0 0 0
408975 0 1 2 1 0 0 0 1 0 0 0 1 0 0 0 0 0 0
415935 0 4 1 0 0 1 0 0 0 0 0 0 0 0 1 0 0 0
419195 0 0 1 2 0 0 0 0 0 1 0 0 1 0 0 0 0 0
419650 1 0 2 1 1 0 0 0 0 0 0 0 0 0 0 0 1 0
425865 0 1 1 0 1 0 0 0 0 1 0 0 0 0 0 1 0 0
428090 1 0 1 0 0 1 0 0 0 0 1 0 0 0 0 1 0 0
431375 0 0 3 1 0 0 1 0 0 1 0 0 0 0 0 0 0 0
439550 1 0 2 0 0 0 0 0 0 0 0 0 1 0 0 0 0 1
440115 0 1 1 0 0 1 0 0 0 0 1 0 0 1 0 0 0 0
447557 0 0 0 0 1 0 0 0 1 1 0 0 0 1 0 0 0 0
453705 0 1 1 1 0 0 0 0 0 1 0 0 0 0 0 0 0 1
460275 0 1 2 0 0 0 1 2 0 0 0 0 0 0 0 0 0 0
462685 0 0 1 0 0 0 0 0 0 0 1 1 0 1 0 0 0 0
475190 1 0 1 0 0 0 0 1 0 0 0 1 0 1 0 0 0 0
476595 0 2 1 1 0 0 1 0 0 0 0 0 0 0 0 1 0 0
477485 0 0 1 0 0 0 0 0 0 1 1 0 0 0 0 1 0 0
482885 0 0 1 0 0 1 1 1 1 0 0 0 0 0 0 0 0 0
484462 1 0 0 0 1 0 0 2 0 0 0 0 0 1 0 0 0 0
486475 0 0 2 0 1 0 0 0 0 1 0 0 0 1 0 0 0 0
491057 0 0 0 1 0 0 0 0 0 1 0 1 1 0 0 0 0 0
491175 0 2 2 0 0 0 0 0 0 0 1 0 1 0 0 0 0 0
495567 0 2 0 0 0 0 1 0 0 0 0 1 0 0 1 0 0 0
498845 0 0 1 0 0 0 0 1 0 0 0 0 1 0 0 1 0 0
499895 0 0 1 0 1 0 0 0 0 0 0 0 0 1 0 0 0 1
503295 0 1 1 0 0 1 0 0 0 1 0 0 0 0 0 1 0 0
504125 0 0 3 0 0 0 0 0 0 0 1 0 0 0 0 0 1 0
507703 0 0 0 1 0 0 0 0 0 1 0 1 0 1 0 0 0 0
509675 0 0 2 0 0 0 0 1 0 1 1 0 0 0 0 0 0 0
509878 1 0 0 0 0 0 0 0 0 1 0 0 1 0 0 0 0 1
511973 0 0 0 1 1 0 0 0 0 0 0 0 0 1 0 0 1 0
521500 2 0 3 1 0 0 0 0 0 0 0 0 0 0 0 0 0 1
523735 0 0 1 0 0 0 0 1 0 0 1 0 0 0 0 0 0 1
527162 1 0 0 0 0 0 0 0 0 1 0 0 0 1 0 0 0 1
531135 0 2 1 0 1 0 0 0 0 1 1 0 0 0 0 0 0 0
531483 0 1 0 0 0 0 0 0 0 1 0 1 0 0 0 0 0 1
537225 0 1 2 0 0 1 0 1 0 1 0 0 0 0 0 0 0 0
537890 1 0 1 0 0 0 0 2 0 0 0 0 0 0 0 0 0 1
539695 0 0 1 0 0 1 0 2 1 0 0 0 0 0 0 0 0 0
545218 1 0 0 0 0 0 0 0 0 0 0 1 0 1 0 0 1 0
552045 0 1 1 0 0 1 0 1 0 0 0 0 0 0 0 0 0 1
559497 0 1 0 0 0 0 0 0 0 1 0 0 1 0 0 0 1 0
562725 0 2 2 0 0 0 0 0 0 0 0 1 0 1 0 0 0 0
563325 0 1 2 1 0 0 0 0 0 1 1 0 0 0 0 0 0 0
571415 0 0 1 0 0 1 0 0 0 0 0 0 1 0 0 0 0 1
572750 1 0 3 0 0 0 0 0 0 1 0 0 0 0 1 0 0 0
577885 0 0 1 1 1 0 0 1 0 0 0 0 0 0 1 0 0 0
580970 1 0 1 0 0 1 0 0 0 0 0 1 0 0 0 0 1 0
589225 0 0 2 2 0 1 0 0 0 0 1 0 0 0 0 0 0 0
590625 0 3 5 1 0 0 0 0 0 0 0 0 0 0 0 0 0 0
591850 1 0 2 1 0 0 0 1 0 0 0 0 0 0 0 1 0 0
600917 0 0 0 0 0 0 0 0 0 0 1 0 0 0 0 0 1 1
605625 0 1 4 0 0 0 1 1 0 0 0 0 0 0 0 0 0 0
613125 0 2 4 0 0 0 0 0 0 0 0 0 0 0 0 0 1 0
615125 0 0 3 1 0 0 0 1 0 0 1 0 0 0 0 0 0 0
616550 1 0 2 0 1 0 0 1 0 0 0 0 1 0 0 0 0 0
618750 1 2 5 0 1 0 0 0 0 0 0 0 0 0 0 0 0 0
619913 0 0 0 1 0 0 0 1 0 0 0 0 1 0 1 0 0 0
620330 1 0 1 0 0 0 1 0 0 0 0 1 0 0 0 1 0 0
636230 1 0 1 1 0 0 0 0 0 0 0 0 0 1 0 0 0 1
636350 1 0 2 0 1 1 0 0 0 0 0 0 0 0 0 1 0 0
641875 0 0 4 0 0 1 0 0 0 0 0 0 0 0 1 0 0 0
642135 0 1 1 0 0 1 0 0 0 0 1 0 0 0 0 1 0 0
643218 1 1 0 0 0 0 0 0 1 0 0 0 1 0 1 0 0 0
645047 0 0 0 0 0 1 0 0 0 2 0 0 1 0 0 0 0 0
652935 0 1 1 0 0 0 0 1 0 1 0 0 0 0 1 0 0 0
654530 1 0 1 0 0 0 0 0 0 1 1 0 0 1 0 0 0 0
655785 0 2 1 0 0 1 0 1 0 0 0 0 1 0 0 0 0 0
658735 0 0 1 1 1 0 0 0 0 1 0 0 1 0 0 0 0 0
659325 0 1 2 0 0 0 0 0 0 0 0 0 1 0 0 0 0 1
663047 0 0 0 1 1 0 0 0 0 0 0 0 0 0 1 0 1 0
666995 0 0 1 1 0 0 1 1 0 0 0 0 1 0 0 0 0 0
671715 0 2 1 0 1 0 0 0 1 0 0 0 1 0 0 0 0 0
674975 0 0 2 2 0 0 0 1 0 1 0 0 0 0 0 0 0 0
680485 0 0 1 0 0 1 0 2 0 1 0 0 0 0 0 0 0 0
689117 0 0 0 0 1 1 0 0 0 0 0 0 0 1 1 0 0 0
689661 0 3 0 1 0 0 0 0 0 0 0 1 0 0 0 1 0 0
694666 1 0 0 1 0 0 0 0 0 2 0 0 1 0 0 0 0 0
705770 1 0 1 0 0 1 0 0 0 0 0 0 0 1 0 1 0 0
707750 1 0 3 0 0 0 0 1 0 0 0 0 0 0 0 0 0 1
708500 2 0 3 0 0 1 0 0 0 0 0 0 0 0 0 0 1 0
710955 0 2 1 1 0 0 0 0 0 0 1 0 0 1 0 0 0 0
712785 0 1 1 0 0 0 0 1 0 0 0 1 0 1 0 0 0 0
727575 0 1 2 0 0 0 0 0 0 0 0 0 0 0 0 1 1 0
730845 0 2 1 0 0 0 0 0 0 0 0 0 0 0 0 0 1 1
740747 0 0 0 1 0 0 0 0 0 1 0 1 0 0 0 1 0 0
745298 1 0 0 0 0 0 0 0 0 0 0 1 0 1 0 0 0 1
749157 0 1 0 0 0 0 0 0 0 1 0 0 0 0 1 0 1 0
759730 1 0 1 0 0 0 1 0 0 0 0 1 0 0 0 0 1 0
760375 0 0 3 1 1 0 0 0 0 0 0 0 0 0 1 0 0 0
762500 2 0 5 0 0 0 0 0 0 0 0 0 0 1 0 0 0 0
781337 0 0 0 0 0 0 1 1 0 0 0 1 1 0 0 0 0 0
790743 0 1 0 0 0 0 0 0 0 1 0 0 0 1 0 0 0 1
793063 0 0 0 0 0 0 0 0 1 2 0 1 0 0 0 0 0 0
802575 0 3 2 0 0 0 0 0 0 1 0 1 0 0 0 0 0 0
806055 0 1 1 0 0 0 1 0 0 1 0 0 0 0 0 0 1 0
807415 0 0 1 1 0 0 1 0 1 0 0 0 1 0 0 0 0 0
808565 0 0 1 0 0 0 0 0 1 0 0 0 0 0 1 1 0 0
808772 2 0 0 0 0 0 0 0 1 0 0 0 1 0 0 0 0 1
814055 0 0 1 0 1 0 0 2 0 0 0 1 0 0 0 0 0 0
827475 0 1 2 0 1 0 1 0 0 0 0 0 1 0 0 0 0 0
843523 0 0 0 0 0 0 1 0 0 2 0 0 1 0 0 0 0 0
849110 1 0 1 0 0 0 0 1 0 0 0 1 0 0 0 0 1 0
867750 1 1 3 0 0 1 0 0 0 0 0 0 0 0 0 1 0 0
871250 1 0 4 0 0 0 1 0 0 0 0 1 0 0 0 0 0 0
877540 2 0 1 0 0 0 1 0 0 1 0 0 0 0 0 1 0 0
878845 0 0 1 0 1 0 0 1 0 2 0 0 0 0 0 0 0 0
880175 0 0 2 0 0 0 1 1 0 0 0 0 0 0 0 0 1 0
885625 0 0 4 0 0 1 0 0 0 0 0 0 0 0 0 0 1 0
887775 0 1 2 1 0 0 0 1 0 0 0 0 0 0 0 1 0 0
888953 0 0 0 0 0 1 0 1 0 0 0 0 1 1 0 0 0 0
900885 0 1 1 0 0 0 0 1 0 1 0 0 0 0 0 0 1 0
901303 0 0 0 0 0 1 0 1 0 0 0 1 0 0 0 1 0 0
903350 1 0 2 1 0 0 0 0 0 1 0 0 0 0 0 1 0 0
907125 0 1 3 0 0 0 0 0 0 0 0 1 1 0 0 0 0 0
908900 2 0 2 0 0 0 0 0 0 0 0 0 0 1 0 0 0 1
911950 1 0 2 0 0 1 0 0 1 0 0 0 0 1 0 0 0 0
916690 1 0 1 0 0 0 0 0 0 2 0 0 0 0 0 0 1 0
919633 0 0 0 0 1 1 0 0 0 0 0 0 1 0 0 0 1 0
924375 0 1 4 0 0 0 1 0 0 1 0 0 0 0 0 0 0 0
925925 0 0 2 1 1 1 0 0 0 0 1 0 0 0 0 0 0 0
928125 0 3 5 0 1 0 0 0 0 0 0 0 0 0 0 0 0 0
932495 0 0 1 0 0 0 0 0 0 1 0 0 1 0 0 0 1 0
941978 1 0 0 0 0 0 0 0 0 1 0 0 0 0 0 0 1 1
949875 0 1 3 0 0 0 1 0 0 0 0 0 0 0 0 0 0 1
950075 0 0 2 1 0 0 0 0 0 0 0 0 0 1 0 1 0 0
955821 0 1 0 0 0 0 0 0 0 0 1 0 0 0 1 0 1 0
964775 0 0 2 1 0 0 0 0 0 0 1 0 0 0 0 0 0 1
968461 0 0 0 0 0 1 0 0 1 0 0 1 0 0 1 0 0 0
977625 0 2 3 0 1 0 0 0 0 0 0 0 0 0 1 0 0 0
992380 2 0 1 0 0 0 0 0 0 2 0 0 1 0 0 0 0 0
993225 0 1 2 0 0 0 1 1 0 0 0 1 0 0 0 0 0 0
994575 0 1 2 0 0 0 0 0 0 0 0 0 0 0 0 1 0 1
1025000 3 0 5 0 0 0 0 0 0 0 0 1 0 0 0 0 0 0
1035391 0 0 0 1 0 0 0 0 1 0 0 0 1 0 0 0 1 0
1050542 1 0 0 0 0 0 0 0 0 0 0 0 0 1 1 0 1 0
1058655 0 1 1 0 0 1 0 0 0 0 0 0 0 1 0 1 0 0
1060675 0 0 2 1 1 0 0 1 0 1 0 0 0 0 0 0 0 0
1069375 0 0 4 0 0 0 0 0 0 1 0 0 1 0 0 0 0 0
1073295 0 2 1 0 0 0 1 0 1 0 0 0 0 1 0 0 0 0
1101050 1 0 2 0 0 0 0 2 0 0 0 0 0 1 0 0 0 0
1106350 1 0 2 1 0 0 0 0 0 1 0 0 0 0 0 0 1 0
1115615 0 0 1 0 0 0 0 0 1 0 0 0 0 0 0 1 1 0
1119430 1 0 1 0 0 1 0 0 0 0 0 0 0 0 1 0 1 0
1124515 0 0 1 1 0 0 0 2 0 0 0 0 0 0 0 1 0 0
1125750 1 1 3 0 0 0 0 1 0 0 0 0 0 0 1 0 0 0
1128500 2 0 3 0 0 0 0 0 0 0 1 0 0 1 0 0 0 0
1129463 0 0 0 0 0 0 1 0 0 2 0 0 0 0 1 0 0 0
1129550 1 0 2 0 0 0 0 1 0 1 0 1 0 0 0 0 0 0
1134750 1 1 3 0 0 0 1 0 0 0 0 0 0 0 0 1 0 0
1139050 1 0 2 0 1 0 0 1 0 0 0 0 0 0 0 0 1 0
1141875 0 2 4 1 0 0 0 0 0 1 0 0 0 0 0 0 0 0
1143750 1 1 5 0 0 0 0 0 0 0 0 0 0 1 0 0 0 0
1145375 0 0 3 2 1 0 1 0 0 0 0 0 0 0 0 0 0 0
1156250 1 0 6 0 0 0 0 0 0 0 1 0 0 0 0 0 0 0
1159275 0 1 2 0 0 1 0 0 0 1 0 1 0 0 0 0 0 0
1174355 0 0 1 1 0 1 0 0 0 1 0 0 0 0 0 1 0 0
1178627 0 0 0 0 0 0 1 1 0 0 0 1 0 0 0 1 0 0
1188275 0 0 2 0 1 0 0 0 0 1 0 0 0 0 0 0 0 1
1192567 0 0 0 0 0 0 1 0 0 1 0 1 1 0 0 0 0 0
1197495 0 2 1 0 0 1 0 0 1 0 0 0 0 0 0 1 0 0
1199450 1 0 2 1 0 0 0 0 1 0 0 0 0 0 0 0 0 1
1199565 0 2 1 0 0 0 0 1 1 0 0 0 0 1 0 0 0 0
1202597 0 0 0 0 1 0 1 0 0 0 0 0 1 0 0 0 1 0
1207125 0 2 3 0 0 0 0 0 0 1 1 0 0 0 0 0 0 0
1211155 0 0 1 0 1 0 0 2 0 0 0 0 0 1 0 0 0 0
1215117 0 2 0 0 0 0 0 0 0 0 1 1 0 0 0 1 0 0
1221103 0 0 0 0 0 1 0 0 0 1 0 1 0 0 1 0 0 0
1221185 0 0 1 1 0 0 0 0 1 0 1 1 0 0 0 0 0 0
1225975 0 0 2 0 0 0 0 1 0 1 0 0 0 0 0 1 0 0
1232993 0 0 0 0 0 0 1 0 0 1 0 1 0 1 0 0 0 0
1239875 0 0 3 1 0 1 0 0 0 0 0 0 0 0 0 0 1 0
1240127 0 0 0 1 0 0 0 0 0 1 0 1 0 0 0 0 0 1
1250557 0 0 0 1 1 0 0 0 0 0 0 0 0 0 0 0 1 1
1275797 0 0 0 0 0 0 0 0 0 2 1 1 0 0 0 0 0 0
1280695 0 0 1 0 0 1 1 1 0 0 0 0 0 1 0 0 0 0
1281250 1 0 6 0 0 0 0 0 0 0 0 1 0 0 0 0 0 0
1305493 0 0 0 1 0 0 0 0 0 1 0 0 1 0 0 0 1 0
1309635 0 3 1 0 0 0 0 0 0 0 0 0 0 0 0 1 1 0
1334375 0 0 5 1 0 0 0 0 0 0 0 0 0 1 0 0 0 0
1339005 0 1 1 0 0 0 1 0 0 0 0 0 1 0 0 1 0 0
1375035 0 1 1 0 0 0 0 0 0 2 0 0 0 0 0 0 1 0
1378125 0 2 5 2 0 0 0 0 0 0 0 0 0 0 0 0 0 0
1386371 0 0 0 1 0 0 0 0 1 0 0 0 0 0 1 0 1 0
1386620 2 0 1 0 0 0 0 1 0 0 0 1 0 0 0 1 0 0
1393150 1 0 2 0 1 0 1 0 0 0 0 0 0 0 0 0 0 1
1397510 1 0 1 0 0 0 0 0 0 1 0 0 0 1 1 0 0 0
1412967 0 1 0 0 0 0 0 0 0 1 0 0 0 0 0 0 1 1
1431365 0 0 1 0 0 1 0 2 0 0 0 0 0 1 0 0 0 0
1437500 2 0 6 0 0 0 0 0 1 0 0 0 0 0 0 0 0 0
1450725 0 1 2 0 0 0 0 0 1 2 0 0 0 0 0 0 0 0
1452425 0 0 2 0 0 1 0 0 0 0 0 1 0 0 0 0 1 0
1466135 0 0 1 0 1 0 0 1 1 0 0 0 0 1 0 0 0 0
1468125 0 4 4 0 0 0 0 0 0 1 0 0 0 0 0 0 0 0
1484075 0 0 2 0 0 0 0 0 1 1 0 0 0 0 0 1 0 0
1512350 1 0 2 1 0 0 0 0 0 1 0 0 0 0 0 0 0 1
1520441 0 0 0 0 0 1 0 0 0 1 1 0 0 0 0 0 1 0
1528097 0 0 0 0 0 0 0 0 1 2 0 0 0 0 1 0 0 0
1558123 0 0 0 1 0 0 0 0 0 0 0 1 0 1 0 1 0 0
1558373 0 0 0 0 0 0 1 0 0 2 0 0 0 0 0 0 1 0
1564695 0 2 1 0 1 0 0 0 0 1 0 0 0 0 0 0 1 0
1576875 0 1 4 0 0 0 0 0 0 2 0 0 0 0 0 0 0 0
1610257 0 0 0 0 1 0 1 0 0 0 0 0 0 0 1 0 1 0
1610573 0 0 0 0 0 0 0 1 0 1 1 0 0 0 1 0 0 0
1624100 2 0 2 0 0 0 0 0 0 0 0 0 0 0 0 0 1 1
1631103 0 1 0 0 0 0 0 0 0 0 0 1 0 0 0 1 0 1
1671705 0 3 1 1 0 0 0 0 0 1 0 0 0 1 0 0 0 0
1682621 0 0 0 0 0 0 0 2 0 0 0 0 1 0 1 0 0 0
1684375 0 0 5 2 1 0 0 0 0 0 0 0 0 0 0 0 0 0
1696250 1 0 4 0 0 0 0 0 1 0 0 0 1 0 0 0 0 0
1726605 0 2 1 0 0 0 1 0 0 0 1 0 0 1 0 0 0 0
1731851 0 0 0 0 1 0 0 0 0 1 0 0 0 1 0 1 0 0
1741711 0 0 0 0 0 0 0 1 0 2 0 0 0 0 0 0 1 0
1768125 0 1 4 0 0 0 0 0 1 0 0 1 0 0 0 0 0 0
1792905 0 1 1 0 0 0 1 0 0 0 0 0 0 0 1 1 0 0
1793750 1 0 5 1 0 0 0 0 0 0 0 1 0 0 0 0 0 0
1819935 0 3 1 0 0 1 1 0 0 0 0 0 0 1 0 0 0 0
1824500 2 0 3 0 0 0 0 0 0 0 0 1 0 0 0 1 0 0
1825250 1 0 3 2 0 0 0 0 0 0 0 0 0 0 0 0 0 1
1832075 0 0 2 1 0 0 0 2 0 1 0 0 0 0 0 0 0 0
1832835 0 1 1 0 0 0 0 1 0 0 0 0 1 0 0 0 1 0
1835015 0 0 1 1 0 1 0 0 0 0 1 0 0 0 0 0 1 0
1835903 0 0 0 0 0 0 0 0 0 2 1 0 1 0 0 0 0 0
1845067 0 0 0 1 0 0 0 0 0 1 0 0 0 1 0 0 0 1
1849185 0 2 1 0 0 1 0 0 0 1 0 0 0 0 0 0 1 0
1863245 0 0 1 0 0 0 0 0 0 0 0 1 0 1 0 0 0 1
1882615 0 0 1 1 0 0 0 2 0 0 0 0 0 0 0 0 0 1
1906250 1 0 6 0 0 0 0 0 0 0 0 0 0 1 0 0 0 0
1908263 0 0 0 1 0 0 0 0 0 0 0 1 0 1 0 0 1 0
1915675 0 0 2 0 0 0 0 1 0 0 1 0 0 0 0 0 1 0
1915725 0 1 2 1 0 0 0 0 0 0 0 1 0 0 0 1 0 0
1924130 1 0 1 0 0 1 0 2 0 0 0 1 0 0 0 0 0 0
1930775 0 0 2 1 1 0 1 0 0 0 0 0 1 0 0 0 0 0
1932125 0 0 3 0 0 1 0 0 0 1 0 1 0 0 0 0 0 0
1934415 0 3 1 1 0 0 0 0 1 0 0 0 0 0 0 1 0 0
1944375 0 1 4 0 0 0 1 0 0 0 0 0 0 1 0 0 0 0
1953045 0 3 1 0 0 0 1 0 1 0 1 0 0 0 0 0 0 0
1969303 0 0 0 1 0 0 0 0 0 1 0 0 0 0 0 1 1 0
2039065 0 0 1 1 0 0 1 0 1 0 0 0 0 0 0 0 0 1
2063875 0 0 3 0 1 0 0 1 0 0 0 0 0 0 1 0 0 0
2090075 0 0 2 0 0 1 0 0 0 0 0 0 1 0 0 0 1 0
2090165 0 0 1 1 1 0 0 0 0 0 0 0 0 1 0 1 0 0
2095975 0 0 2 2 0 0 0 0 0 1 0 0 1 0 0 0 0 0
2098250 1 0 3 1 1 0 0 0 0 0 0 0 0 0 0 0 1 0
2104375 0 0 4 1 0 1 0 0 0 0 1 0 0 0 0 0 0 0
2108387 0 0 0 0 0 0 0 0 1 2 0 0 0 0 0 0 1 0
2111330 1 0 1 0 0 1 0 0 0 0 0 0 0 0 0 0 1 1
2122775 0 0 2 0 0 0 0 1 0 0 0 1 0 0 0 0 1 0
2130253 0 0 0 0 0 0 1 0 0 2 0 0 0 0 0 0 0 1
2138150 1 0 2 1 0 0 0 0 0 0 0 1 0 0 0 0 0 1
2164195 0 0 1 0 1 0 0 2 0 0 0 0 0 0 0 0 1 0
2173125 0 1 4 0 0 0 0 1 0 0 0 0 0 1 0 0 0 0
2188375 0 0 3 1 0 0 0 0 0 0 0 1 0 1 0 0 0 0
2226805 0 0 1 2 0 0 0 0 0 0 0 0 0 1 0 0 0 1
2228985 0 3 1 0 1 0 0 1 0 0 0 0 0 0 1 0 0 0
2231075 0 0 2 1 1 0 0 1 0 0 0 0 0 1 0 0 0 0
2241941 0 0 0 0 0 1 0 0 0 0 1 0 1 0 1 0 0 0
2245470 1 1 1 0 0 0 0 0 0 2 0 0 0 0 0 1 0 0
2278575 0 2 2 0 0 1 0 1 0 0 0 1 0 0 0 0 0 0
2321591 0 0 0 0 0 0 0 2 0 0 0 0 1 0 0 0 1 0
2331875 0 0 4 1 0 1 0 0 0 0 0 1 0 0 0 0 0 0
2354495 0 0 1 0 1 1 0 0 0 0 1 0 0 0 0 1 0 0
2356965 0 3 1 0 0 1 1 0 0 0 0 0 0 0 1 0 0 0
2371875 0 1 5 0 1 0 0 0 1 0 0 0 0 0 0 0 0 0
2396147 0 0 0 0 0 1 0 1 0 0 0 0 0 0 0 1 1 0
2409675 0 1 2 0 0 0 0 2 0 0 0 0 0 0 0 1 0 0
2436150 1 1 2 0 0 0 0 0 0 0 0 0 0 0 0 0 1 1
2454135 0 1 1 0 0 0 0 1 0 0 0 0 0 0 1 0 1 0
2486055 0 1 1 0 1 1 0 1 0 0 0 0 0 1 0 0 0 0
2501000 3 0 3 0 0 0 0 0 0 0 0 1 0 1 0 0 0 0
2501975 0 0 2 1 0 0 1 0 0 2 0 0 0 0 0 0 0 0
2505435 0 1 1 0 0 0 0 1 0 0 0 0 1 0 0 0 0 1
2506673 0 0 0 0 0 1 0 0 0 1 0 0 0 1 0 0 1 0
2530097 0 0 0 0 0 0 0 1 0 0 1 0 1 1 0 0 0 0
2559375 0 2 5 1 0 1 0 0 0 0 0 0 0 0 0 0 0 0
2586855 0 1 1 0 0 0 0 0 0 0 1 0 1 0 1 0 0 0
2613545 0 0 1 0 1 0 0 1 0 0 0 1 0 1 0 0 0 0
2619777 0 1 0 0 0 0 0 2 0 0 0 1 1 0 0 0 0 0
2626965 0 3 1 0 1 0 0 0 0 1 0 0 0 1 0 0 0 0
2632875 0 1 3 1 0 0 1 0 0 0 0 0 1 0 0 0 0 0
2663375 0 0 3 0 1 1 0 0 0 0 0 0 0 0 0 0 0 1
2674175 0 0 2 2 0 0 0 0 0 0 1 0 1 0 0 0 0 0
2681945 0 0 1 1 0 0 0 1 0 0 1 0 0 0 0 0 1 0
2706143 0 0 0 0 1 0 0 0 0 0 1 0 0 1 0 0 1 0
2707215 0 1 1 1 0 0 0 1 1 0 0 0 1 0 0 0 0 0
2708583 0 1 0 0 0 0 0 2 0 0 0 1 0 1 0 0 0 0
2714500 2 0 3 0 0 0 0 0 0 0 0 0 0 1 0 1 0 0
2726685 0 2 1 0 0 1 0 0 0 0 0 0 1 0 1 0 0 0
2747925 0 4 2 0 0 0 0 0 1 0 0 0 1 0 0 0 0 0
2767787 0 0 0 0 1 0 1 2 0 0 0 1 0 0 0 0 0 0
2809730 1 0 1 1 1 0 0 0 0 0 0 1 0 0 0 1 0 0
2857167 0 3 0 0 0 0 0 0 0 1 0 1 0 0 0 1 0 0
2912525 0 0 2 1 1 0 1 0 0 0 0 0 0 0 0 1 0 0
2916975 0 1 2 0 0 0 0 1 1 0 0 0 0 0 0 1 0 0
2951475 0 1 2 0 0 0 0 0 1 1 0 0 1 0 0 0 0 0
2953925 0 0 2 0 0 1 0 0 0 0 0 0 0 1 0 0 0 1
2980823 0 0 0 0 0 0 0 0 1 1 0 1 0 0 0 0 1 0
3011737 0 0 0 0 0 0 1 0 0 1 0 1 0 0 0 0 0 1
3013850 1 0 2 1 0 0 0 0 0 0 0 0 0 0 1 0 1 0
3059375 0 0 5 0 1 0 0 0 0 0 0 0 0 0 0 1 0 0
3078955 0 0 1 0 1 0 1 0 0 0 1 0 0 0 0 1 0 0
3081975 0 1 2 0 0 1 0 0 0 1 0 0 0 0 0 0 1 0
3085790 1 0 1 0 0 0 0 1 0 0 0 0 0 0 0 0 1 1
3128300 2 0 2 1 0 0 0 0 0 0 0 1 0 0 0 0 1 0
3147375 0 1 3 1 1 0 0 0 0 0 0 0 0 0 0 0 1 0
3148820 2 0 1 0 0 0 0 0 0 1 0 0 0 1 0 1 0 0
3158750 1 0 4 1 0 0 0 2 0 0 0 0 0 0 0 0 0 0
3216825 0 2 2 0 0 0 1 0 0 2 0 0 0 0 0 0 0 0
3226250 1 0 4 0 0 0 0 0 0 1 0 0 0 0 0 1 0 0
3254086 1 0 0 0 1 0 0 0 1 0 0 0 1 0 0 0 1 0
3290775 0 1 2 0 0 0 1 0 0 1 0 0 0 0 0 1 0 0
3299475 0 1 2 0 0 0 0 0 0 1 1 1 0 0 0 0 0 0
3314207 0 0 0 0 0 1 0 0 0 1 0 0 1 0 0 0 0 1
3316875 0 1 4 0 0 0 0 0 0 1 0 0 0 1 0 0 0 0
3321950 1 0 2 0 0 0 0 0 0 2 0 0 0 0 1 0 0 0
3324500 2 0 3 0 0 0 0 0 0 0 0 0 0 1 0 0 1 0
3330225 0 2 2 0 0 0 0 2 0 0 0 1 0 0 0 0 0 0
3334975 0 0 2 1 0 0 1 1 0 0 0 0 1 0 0 0 0 0
3358575 0 2 2 0 1 0 0 0 1 0 0 0 1 0 0 0 0 0
3384535 0 0 1 1 1 0 0 0 0 0 0 0 1 0 0 0 0 1
3391753 0 0 0 0 0 0 0 0 0 2 1 0 0 0 0 0 1 0
3395350 1 0 2 1 0 0 0 0 0 0 0 0 0 0 0 1 1 0
3404230 1 0 1 0 0 0 0 2 1 0 0 1 0 0 0 0 0 0
3408125 0 0 4 1 0 0 0 1 0 0 0 1 0 0 0 0 0 0
3425835 0 1 1 2 0 0 0 0 0 0 0 0 1 0 1 0 0 0
3427125 0 1 3 0 0 1 0 1 0 0 1 0 0 0 0 0 0 0
3459375 0 3 5 0 0 0 0 0 0 0 0 1 0 0 0 0 0 0
3496066 1 0 0 1 0 0 0 0 0 1 0 0 0 0 1 0 1 0
3504677 0 0 0 0 1 0 0 0 0 0 1 0 0 0 1 0 1 0
3507837 0 1 0 0 0 0 0 2 0 0 0 1 0 0 1 0 0 0
3547375 0 0 3 0 0 1 0 0 0 0 1 0 1 0 0 0 0 0
3595275 0 2 2 0 0 0 0 1 0 2 0 0 0 0 0 0 0 0
3599915 0 0 1 0 1 0 0 0 0 1 1 0 0 1 0 0 0 0
3610285 0 0 1 1 0 0 0 1 0 0 0 0 0 1 0 1 0 0
3621143 0 0 0 0 0 0 0 0 1 1 0 0 0 1 0 1 0 0
3626450 1 0 2 0 0 0 0 0 0 1 0 1 0 1 0 0 0 0
3714975 0 2 2 0 1 0 0 1 0 0 0 0 0 0 1 0 0 0
3736175 0 0 2 0 0 0 1 0 0 0 0 0 1 0 0 0 0 1
3743570 1 0 1 0 0 0 1 2 0 0 0 0 0 1 0 0 0 0
3746990 1 0 1 0 0 1 0 1 0 0 1 1 0 0 0 0 0 0
3762135 0 2 1 0 0 1 0 0 0 0 0 0 1 0 0 0 1 0
3763375 0 0 3 1 1 0 1 0 1 0 0 0 0 0 0 0 0 0
3766750 1 0 3 0 0 1 0 1 0 0 0 0 0 1 0 0 0 0
3770855 0 0 1 0 1 0 1 0 0 0 1 0 0 0 0 0 1 0
3801875 0 0 4 1 1 0 0 0 0 0 0 0 0 0 1 0 0 0
3825575 0 0 2 0 0 1 0 0 0 0 0 0 0 0 1 0 0 1
3855375 0 2 3 0 0 0 0 0 1 0 0 0 0 0 0 0 0 1
3931250 1 0 5 0 0 0 1 0 0 0 1 0 0 0 0 0 0 0
3987500 2 0 5 0 1 0 0 0 0 1 0 0 0 0 0 0 0 0
3990315 0 1 1 2 0 0 0 0 0 0 0 0 0 1 0 1 0 0
3999375 0 4 4 0 0 0 0 0 0 0 0 0 0 0 1 0 0 0
4030565 0 0 1 1 1 0 0 2 0 1 0 0 0 0 0 0 0 0
4059855 0 3 1 0 0 0 1 0 0 1 0 0 0 1 0 0 0 0
4068758 1 0 0 0 0 0 0 0 0 2 0 1 1 0 0 0 0 0
4087500 2 1 5 0 0 0 0 0 0 0 0 0 0 0 0 0 1 0
4089135 0 1 1 0 0 0 0 0 0 0 0 1 0 1 0 0 1 0
4236375 0 1 3 0 1 1 0 0 0 0 0 0 0 0 1 0 0 0
4245223 0 0 0 0 0 0 1 0 0 1 0 0 0 0 1 0 1 0
4254195 0 1 1 0 1 0 0 1 1 0 0 0 1 0 0 0 0 0
4393750 1 0 5 0 0 0 0 1 0 0 1 0 0 0 0 0 0 0
4395500 2 0 3 0 0 0 0 0 0 0 0 0 1 0 0 0 0 1
4434883 0 0 0 0 0 0 0 0 1 1 0 0 0 1 0 0 1 0
4469000 3 0 3 0 0 0 0 0 0 0 0 1 0 0 0 0 1 0
4476875 0 0 4 0 0 1 0 1 0 1 0 0 0 0 0 0 0 0
4505625 0 4 4 0 0 0 0 0 0 0 0 0 0 0 0 1 0 0
4509375 0 1 5 0 0 1 0 0 0 0 1 0 0 0 0 0 0 0
4536875 0 0 4 1 0 0 1 0 0 0 0 0 0 1 0 0 0 0
4571875 0 0 5 1 1 0 0 1 0 0 0 0 0 0 0 0 0 0
4634353 0 0 0 0 0 0 1 0 0 0 0 1 0 1 0 0 1 0
4638875 0 0 3 0 0 0 1 0 0 0 1 0 1 0 0 0 0 0
4658705 0 0 1 0 0 0 0 2 0 1 0 0 0 0 0 1 0 0
4705635 0 1 1 0 1 0 0 2 0 0 0 0 0 0 1 0 0 0
4752945 0 3 1 0 0 0 1 1 0 0 0 0 0 0 0 0 1 0
4765625 0 0 7 0 0 0 0 0 0 0 0 0 0 1 0 0 0 0
4782593 0 0 0 0 0 0 1 0 0 1 0 0 0 0 0 1 1 0
4791875 0 0 4 0 1 0 1 0 0 0 0 1 0 0 0 0 0 0
4878250 1 0 3 0 0 1 0 1 0 0 0 0 0 0 1 0 0 0
4900607 0 0 0 0 0 0 1 0 0 0 0 1 0 0 1 1 0 0
4998950 1 0 2 0 1 0 0 0 0 0 0 0 0 1 0 0 0 1
5010733 0 0 0 1 0 1 1 0 0 0 0 1 0 0 1 0 0 0
5017375 0 0 3 0 1 0 0 0 0 0 0 1 0 0 0 1 0 0
5031250 1 0 6 1 0 0 0 0 1 0 0 0 0 0 0 0 0 0
5042175 0 1 2 0 0 0 0 0 1 0 1 0 0 0 1 0 0 0
5054825 0 0 2 0 0 0 0 0 1 0 0 0 1 0 0 0 0 1
5064830 1 0 1 0 0 0 0 2 1 0 0 0 0 1 0 0 0 0
5119547 0 0 0 0 0 0 0 0 1 0 0 1 0 1 0 1 0 0
5165625 0 1 5 0 0 0 0 1 0 1 0 0 0 0 0 0 0 0
5166205 0 0 1 0 1 0 0 0 0 1 0 1 0 0 1 0 0 0
5170633 0 0 0 0 0 1 0 0 0 0 0 1 0 0 0 1 1 0
5189375 0 0 4 0 0 0 0 2 1 0 0 0 0 0 0 0 0 0
5243625 0 2 3 0 0 0 0 0 0 0 0 0 1 0 1 0 0 0
5291050 1 0 2 0 0 0 0 0 0 1 0 1 0 0 0 1 0 0
5382275 0 0 2 0 0 0 0 0 0 0 0 1 1 0 0 1 0 0
5408975 0 0 2 0 1 1 1 0 0 0 0 0 0 0 0 1 0 0
5431250 1 0 5 0 1 0 0 0 0 0 0 0 0 0 1 0 0 0
5464685 0 0 1 0 0 0 0 1 1 0 0 1 0 1 0 0 0 0
5474525 0 0 2 2 0 0 0 0 0 0 0 1 0 0 0 0 1 0
5562500 2 0 6 0 0 0 0 0 0 0 0 0 0 0 0 1 0 0
5622575 0 0 2 1 0 0 0 2 0 0 0 0 0 0 0 1 0 0
5634323 0 0 0 0 0 0 0 0 0 1 1 0 1 0 0 1 0 0
5662447 0 0 0 1 0 0 0 0 0 0 0 0 0 1 0 1 0 1
5665625 0 0 5 2 0 0 0 0 0 0 1 0 0 0 0 0 0 0
5668250 1 0 3 1 0 0 0 0 0 0 0 1 0 0 1 0 0 0
5709725 0 0 2 2 0 0 0 0 0 0 0 0 1 0 1 0 0 0
5767250 1 0 3 0 0 0 1 0 1 0 0 0 1 0 0 0 0 0
5768535 0 1 1 0 0 0 0 0 0 1 0 0 0 0 0 1 0 1
5772095 0 0 1 1 0 0 1 0 0 0 0 0 0 0 0 1 1 0
5781796 2 0 0 0 0 0 0 0 0 0 0 0 0 0 0 1 1 1
5800762 1 0 0 0 1 0 0 0 0 0 0 1 1 0 0 0 1 0
5840625 0 1 5 1 0 0 0 0 0 0 0 0 0 0 0 1 0 0
5893750 1 0 5 0 0 0 0 0 1 0 0 1 0 0 0 0 0 0
6014385 0 3 1 0 0 1 0 0 1 0 0 0 0 0 0 0 0 1
6020850 1 1 2 0 1 0 0 0 0 0 0 1 0 0 0 1 0 0
6056250 1 1 5 0 0 0 1 1 0 0 0 0 0 0 0 0 0 0
6096035 0 0 1 0 1 0 0 0 1 0 0 0 0 1 1 0 0 0
6103137 0 1 0 0 0 0 0 0 0 2 0 1 1 0 0 0 0 0
6105515 0 0 1 0 0 1 0 0 0 1 0 1 0 0 1 0 0 0
6131250 1 2 5 0 0 0 0 0 0 0 0 0 0 0 0 0 1 0
6143375 0 0 3 2 0 0 1 0 0 0 0 0 1 0 0 0 0 0
6212525 0 0 2 0 1 0 0 1 0 1 0 1 0 0 0 0 0 0
6222435 0 1 1 0 0 0 0 0 0 0 0 0 1 0 1 1 0 0
6276125 0 0 3 0 0 0 0 0 1 0 1 0 1 0 0 0 0 0
6286475 0 0 2 0 0 1 0 0 1 2 0 0 0 0 0 0 0 0
6310023 0 1 0 0 0 0 0 0 0 2 0 1 0 1 0 0 0 0
6330885 0 1 1 0 1 0 1 0 0 0 1 0 0 1 0 0 0 0
6343750 1 0 6 1 0 0 0 0 0 1 0 0 0 0 0 0 0 0
6387975 0 2 2 0 1 0 0 0 0 1 0 0 0 0 0 1 0 0
6470567 0 0 0 0 0 0 0 0 1 1 0 0 0 0 0 1 1 0
6497890 1 0 1 2 0 0 0 0 0 0 0 0 0 0 0 1 0 1
6599327 0 0 0 1 0 0 0 1 0 2 0 0 1 0 0 0 0 0
6624475 0 0 2 0 1 1 1 0 0 0 0 0 0 0 0 0 1 0
6644295 0 3 1 1 0 0 0 0 0 0 0 0 0 0 1 1 0 0
6664250 1 0 3 0 0 0 0 1 1 0 0 0 0 1 0 0 0 0
6750445 0 0 1 0 0 1 1 0 0 0 0 1 0 0 0 0 0 1
6761597 0 0 0 0 0 0 1 0 0 0 0 1 0 0 0 1 1 0
6768750 1 1 5 0 0 0 0 2 0 0 0 0 0 0 0 0 0 0
6828523 0 0 0 0 0 1 0 0 0 0 0 0 0 1 1 0 1 0
6841875 0 1 4 0 0 0 0 0 0 0 0 1 0 0 0 1 0 0
6843705 0 1 1 0 1 0 0 1 0 0 1 0 1 0 0 0 0 0
6852555 0 2 1 0 0 0 0 0 0 1 0 0 1 0 0 1 0 0
6933100 2 0 2 0 0 0 0 1 0 0 0 1 0 0 0 1 0 0
6934907 0 0 0 1 0 0 0 0 0 0 0 0 0 1 0 0 1 1
6968195 0 0 1 0 0 1 0 0 1 0 0 0 1 0 1 0 0 0
6969375 0 3 4 1 0 0 0 0 0 0 0 0 1 0 0 0 0 0
7064835 0 1 1 0 0 0 0 0 0 1 0 0 0 0 0 0 1 1
7104075 0 1 2 0 1 0 0 0 0 0 0 0 0 0 1 0 1 0
7205750 1 0 3 0 0 0 0 1 0 0 1 1 0 0 0 0 0 0
7232687 0 0 0 1 1 0 0 0 0 1 0 1 0 0 1 0 0 0
7275750 1 1 3 0 0 0 0 0 0 0 0 0 0 0 0 1 1 0
7279565 0 0 1 0 0 0 0 2 0 0 1 0 0 0 0 0 1 0
7303125 0 1 5 0 0 0 0 1 0 0 0 1 0 0 0 0 0 0
7310423 0 0 0 0 0 0 0 0 0 0 1 1 0 1 1 0 0 0
7317375 0 1 3 0 0 1 0 1 0 0 0 0 0 0 1 0 0 0
7356875 0 0 4 0 0 0 0 0 0 0 0 0 0 0 1 0 0 1
7358750 1 0 4 1 0 0 0 0 0 2 0 0 0 0 0 0 0 0
7544615 0 0 1 0 0 1 0 1 0 0 0 1 0 0 0 0 0 1
7561875 0 1 4 0 0 0 0 0 0 0 1 0 0 0 0 0 1 0
7597245 0 1 1 0 0 0 0 2 1 0 0 0 0 1 0 0 0 0
7645125 0 1 3 0 0 0 0 1 0 1 1 0 0 0 0 0 0 0
7647875 0 0 3 0 0 0 1 0 0 0 0 0 1 1 0 0 0 0
7661875 0 0 4 0 0 1 0 0 1 0 0 1 0 0 0 0 0 0
7671950 1 0 2 0 1 1 0 0 0 1 1 0 0 0 0 0 0 0
7679595 0 1 1 1 1 0 0 0 0 0 0 0 0 1 0 0 1 0
7686305 0 0 1 0 1 0 0 0 0 1 0 0 0 1 1 0 0 0
7743750 1 1 5 1 0 0 0 0 0 0 0 0 1 0 0 0 0 0
7771095 0 2 1 0 0 0 0 1 0 0 0 0 0 1 0 0 0 1
7788975 0 1 2 0 0 0 1 0 0 0 0 1 0 0 0 0 0 1
7859145 0 1 1 1 0 0 0 0 0 2 0 0 0 0 0 1 0 0
7872050 1 0 2 0 0 0 0 0 0 1 0 0 0 1 0 1 0 0
8070033 0 1 0 0 0 0 0 0 1 1 1 0 0 0 0 0 1 0
8106875 0 0 4 1 0 0 1 0 0 0 0 0 0 0 0 0 1 0
8120173 0 0 0 0 0 0 0 0 1 0 0 1 0 0 1 0 1 0
8120500 2 0 3 0 0 0 0 0 0 0 0 0 0 0 0 0 1 1
8204387 0 0 0 0 0 0 1 0 0 0 0 1 0 0 1 0 0 1
8208160 5 0 1 0 0 0 0 0 0 2 0 0 0 1 0 0 0 0
8256735 0 4 1 0 0 0 0 1 0 1 1 0 0 0 0 0 0 0
8257875 0 1 3 0 0 0 0 2 0 0 0 0 0 1 0 0 0 0
8297625 0 1 3 1 0 0 0 0 0 1 0 0 0 0 0 0 1 0
8379375 0 1 4 0 0 0 0 0 0 0 0 1 0 0 0 0 1 0
8388975 0 1 2 1 0 0 0 1 0 2 0 0 0 0 0 0 0 0
8395725 0 1 2 0 0 1 0 0 0 0 0 0 0 0 1 0 1 0
8409375 0 2 5 0 0 1 0 0 1 0 0 0 0 0 0 0 0 0
8443125 0 2 4 0 0 0 0 1 0 0 0 0 0 0 1 0 0 0
8464690 1 0 1 0 0 1 0 1 1 0 0 0 0 0 0 0 0 1
8542875 0 1 3 0 1 0 0 1 0 0 0 0 0 0 0 0 1 0
8570927 0 0 0 0 0 0 0 0 1 0 0 1 0 1 0 0 0 1
8612975 0 0 2 2 0 0 0 0 0 0 0 0 0 0 1 1 0 0
8626095 0 4 1 0 0 0 0 2 0 0 0 0 1 0 0 0 0 0
8636833 0 0 0 0 0 0 1 0 0 0 0 0 1 0 1 0 1 0
8650875 0 1 3 0 0 0 1 0 1 0 0 0 1 0 0 0 0 0
8699750 1 0 3 0 0 0 1 0 1 0 0 0 0 0 0 1 0 0
8710875 0 3 3 0 0 0 0 0 0 1 0 0 0 0 0 1 0 0
8712500 2 0 5 0 0 0 1 0 0 0 0 1 0 0 0 0 0 0
8742915 0 2 1 0 0 0 0 0 0 0 1 0 1 0 0 1 0 0
8806875 0 1 4 1 1 0 0 0 0 0 0 0 0 1 0 0 0 0
8858050 1 0 2 0 0 0 0 0 0 1 0 1 0 0 0 0 0 1
8948791 0 0 0 0 0 0 0 1 0 1 0 0 0 0 0 0 1 1
9004875 0 1 3 0 1 0 0 0 0 0 1 0 1 0 0 0 0 0
9028610 1 0 1 0 0 0 0 2 0 0 0 1 0 1 0 0 0 0
9089000 3 0 3 0 0 0 0 0 0 0 0 0 0 1 0 0 0 1
9094673 0 0 0 1 0 0 0 2 0 0 0 0 1 1 0 0 0 0
9160375 0 0 3 1 0 0 0 2 0 1 0 0 0 0 0 0 0 0
9175455 0 2 1 0 0 0 0 0 0 1 0 0 0 0 1 1 0 0
9206427 0 1 0 0 0 0 0 0 0 2 0 1 0 0 0 1 0 0
9226875 0 1 4 1 0 0 0 1 0 0 1 0 0 0 0 0 0 0
9227075 0 0 2 0 1 1 0 0 0 1 0 0 0 0 0 1 0 0
9239603 0 0 0 0 0 0 0 0 0 1 1 0 0 0 1 0 1 0
9312125 0 0 3 0 0 0 0 0 1 0 0 1 0 0 1 0 0 0
9329375 0 0 4 0 1 0 0 0 1 0 0 0 1 0 0 0 0 0
9490685 0 0 1 0 0 0 0 0 0 2 1 0 0 1 0 0 0 0
9509925 0 1 2 0 0 0 0 0 1 0 1 0 0 0 0 0 0 1
9559375 0 0 5 1 0 0 0 1 1 0 0 0 0 0 0 0 0 0
9582190 1 0 1 0 0 0 0 0 0 0 0 0 1 0 0 0 1 1
9687682 1 0 0 0 0 0 0 1 0 1 0 0 1 0 0 0 0 1
9730370 1 0 1 0 0 1 0 0 0 2 0 0 0 0 0 1 0 0
9743855 0 0 1 0 1 0 0 0 0 1 0 1 0 0 0 0 0 1
9764765 0 0 1 0 0 0 0 1 1 0 0 1 0 0 0 0 1 0
9788515 0 0 1 0 1 0 1 2 0 1 0 0 0 0 0 0 0 0
9790755 0 1 1 0 0 1 0 0 1 0 1 0 1 0 0 0 0 0
9874375 0 0 4 1 0 0 0 0 0 0 1 0 0 1 0 0 0 0
9897250 1 0 3 0 1 0 0 0 0 0 0 0 1 1 0 0 0 0
9931471 0 0 0 0 1 0 0 2 0 0 0 1 0 1 0 0 0 0
9954917 0 0 0 1 0 0 0 1 0 2 0 0 0 0 0 1 0 0
9968750 1 0 6 0 1 0 0 0 0 1 0 0 0 0 0 0 0 0
10043345 0 0 1 0 0 1 1 0 0 0 0 0 0 1 0 0 0 1
10153125 0 2 5 0 0 0 0 2 0 0 0 0 0 0 0 0 0 0
10171750 1 0 3 0 0 0 0 0 1 1 0 0 0 1 0 0 0 0
10194950 1 0 2 0 0 0 0 0 0 1 0 0 0 0 1 1 0 0
10262375 0 0 3 0 0 0 0 1 0 1 0 0 0 0 0 0 0 1
10273250 1 0 3 0 0 1 0 0 0 1 0 0 0 0 0 0 1 0
10344645 0 3 1 0 0 0 0 1 0 0 1 0 0 0 0 0 1 0
10403750 1 0 4 1 0 0 0 0 0 1 0 1 0 0 0 0 0 0
10409173 0 0 0 0 0 0 0 0 0 1 1 0 0 0 0 1 1 0
10429375 0 0 4 0 1 0 0 0 0 0 1 1 0 0 0 0 0 0
10595875 0 0 3 0 0 0 0 0 0 1 1 0 0 0 1 0 0 0
10659530 1 0 1 1 0 0 0 0 0 1 0 0 1 0 0 1 0 0
10739007 0 3 0 0 0 0 0 0 0 0 0 1 0 0 0 1 1 0
10784375 0 0 5 1 0 0 1 0 0 1 0 0 0 0 0 0 0 0
10820975 0 0 2 0 1 0 0 2 0 0 0 0 0 0 0 0 1 0
10892915 0 0 1 0 1 0 0 0 1 0 0 0 0 0 1 0 1 0
10913625 0 2 3 0 0 0 0 0 0 0 0 0 0 0 0 1 1 0
10941875 0 0 4 1 0 0 0 0 0 0 0 1 0 1 0 0 0 0
11048015 0 0 1 0 1 0 0 0 0 0 1 0 0 1 0 1 0 0
11152501 0 0 0 0 0 0 0 0 0 2 0 0 0 0 0 1 0 1
11293163 0 0 0 1 0 0 0 2 0 0 0 1 0 0 0 0 1 0
11319977 0 0 0 0 0 0 1 0 0 0 0 1 0 0 0 0 1 1
11476105 0 0 1 0 0 0 1 0 0 0 1 1 0 0 0 1 0 0
11535975 0 2 2 0 1 0 0 0 0 0 0 0 1 0 1 0 0 0
11642155 0 0 1 2 0 0 0 1 0 0 0 1 0 1 0 0 0 0
11659375 0 0 5 1 0 1 0 0 0 0 0 1 0 0 0 0 0 0
11853750 1 1 4 0 0 0 0 0 0 1 0 0 0 0 0 0 1 0
11879750 1 0 3 0 0 0 0 1 0 0 0 1 0 1 0 0 0 0
11943095 0 0 1 0 0 0 1 0 1 0 0 1 0 0 0 0 0 1
11970475 0 0 2 0 1 0 0 1 0 1 0 0 0 0 1 0 0 0
12048375 0 1 3 0 0 0 0 2 0 0 0 0 0 0 0 1 0 0
12098075 0 0 2 0 1 0 0 0 0 1 1 1 0 0 0 0 0 0
12101775 0 1 2 2 0 0 0 0 0 0 1 0 0 0 0 1 0 0
12107036 2 0 0 0 0 0 0 0 0 2 0 0 1 1 0 0 0 0
12168750 1 1 5 0 1 0 0 0 0 0 0 0 1 0 0 0 0 0
12235125 0 1 3 1 0 0 0 0 0 0 0 0 1 0 1 0 0 0
12236231 0 0 0 2 0 0 0 0 0 1 0 0 0 0 1 0 1 0
12255893 0 0 0 0 0 1 0 1 0 2 0 0 1 0 0 0 0 0
12314375 0 0 4 0 0 0 1 1 0 0 0 0 0 1 0 0 0 0
12491875 0 0 4 0 1 0 0 0 1 0 0 0 0 0 1 0 0 0
12496935 0 1 1 0 1 0 0 0 1 0 1 0 0 0 0 1 0 0
12515625 0 2 6 0 0 0 0 0 0 0 0 0 0 0 0 1 0 0
12527175 0 1 2 0 0 0 0 1 0 0 0 0 1 0 0 0 0 1
12580850 1 0 2 0 0 0 1 2 0 0 0 1 0 0 0 0 0 0
12652845 0 1 1 0 0 0 1 0 0 2 0 0 1 0 0 0 0 0
12658750 1 0 4 0 0 1 0 1 0 0 0 1 0 0 0 0 0 0
12684375 0 2 5 0 1 0 0 0 0 0 0 1 0 0 0 0 0 0
12721875 0 1 5 0 0 0 0 0 1 0 0 0 1 0 0 0 0 0
12787335 0 3 1 0 1 0 0 0 0 0 0 0 0 0 1 0 1 0
12825250 1 0 3 0 0 0 0 0 0 2 0 0 0 1 0 0 0 0
12910162 1 0 0 0 0 0 0 0 0 1 0 1 0 1 0 1 0 0
13062887 0 0 0 0 0 0 0 0 0 0 1 1 0 0 1 0 1 0
13098885 0 1 1 0 0 0 0 2 0 0 0 1 1 0 0 0 0 0
13183125 0 1 4 0 0 0 0 0 0 0 0 0 0 0 1 1 0 0
13183550 1 0 2 0 0 0 0 0 0 0 0 1 1 0 0 0 1 0
13237305 0 1 1 0 0 0 1 0 1 0 1 0 0 1 0 0 0 0
13497470 1 0 1 1 0 0 0 0 0 1 0 0 0 1 0 0 1 0
13610503 0 0 0 0 0 0 0 0 1 0 0 0 0 1 0 1 1 0
13625000 3 0 6 0 0 0 0 0 0 0 0 0 0 0 0 0 1 0
13625755 0 0 1 0 1 1 1 1 0 0 0 0 1 0 0 0 0 0
13658681 0 0 0 0 0 0 0 0 0 2 0 0 0 0 0 0 1 1
13697367 0 1 0 0 0 0 0 0 0 2 0 0 0 1 0 1 0 0
13716195 0 1 1 0 0 0 1 2 0 0 0 0 0 0 0 0 0 1
13765750 1 0 3 0 0 0 1 0 0 0 0 1 0 0 1 0 0 0
14055005 0 0 1 0 0 0 1 0 0 0 1 1 0 0 0 0 1 0
14107775 0 0 2 0 1 0 0 0 0 2 0 0 0 1 0 0 0 0
14184375 0 1 5 0 0 0 1 0 0 0 0 0 0 0 0 1 0 0
14229053 0 0 0 0 0 0 0 0 0 1 1 0 0 0 0 1 0 1
14240653 0 0 0 1 0 0 0 0 0 2 0 1 1 0 0 0 0 0
14468285 0 0 1 0 0 1 0 0 0 0 0 1 0 1 0 1 0 0
14487500 2 0 5 0 0 0 0 1 0 0 0 0 0 1 0 0 0 0
14508875 0 0 3 0 0 0 0 1 0 0 0 1 0 0 0 0 0 1
14564750 1 0 3 0 0 0 1 0 1 0 0 0 0 0 0 0 0 1
14649382 1 0 0 0 1 0 0 0 0 0 0 1 0 0 0 0 1 1
14664375 0 3 4 0 1 0 0 0 0 0 0 0 0 0 1 0 0 0
14716417 0 0 0 0 0 0 0 0 0 0 1 1 0 0 0 1 1 0
14723387 0 0 0 1 0 0 0 0 0 2 0 1 0 1 0 0 0 0
14734375 0 0 6 0 0 0 0 0 1 0 0 1 0 0 0 0 0 0
14769625 0 0 3 0 0 1 0 0 0 0 0 0 0 1 0 0 0 1
14780575 0 0 2 0 0 0 0 1 0 2 1 0 0 0 0 0 0 0
14845875 0 1 3 0 1 0 0 0 0 0 0 0 1 1 0 0 0 0
15018750 1 3 5 0 0 0 0 0 0 0 0 0 0 0 0 1 0 0
15059375 0 0 5 0 0 0 0 0 0 0 0 0 0 1 1 0 0 0
15081495 0 1 1 0 1 1 0 0 0 0 0 0 0 0 1 1 0 0
15112305 0 3 1 0 0 1 0 0 0 0 0 0 0 0 1 0 1 0
15272675 0 0 2 0 1 0 0 1 0 0 1 0 0 0 1 0 0 0
15362735 0 0 1 0 0 0 0 1 1 0 0 0 0 0 1 1 0 0
15385250 1 0 3 0 0 0 0 1 0 0 0 1 0 0 1 0 0 0
15406250 1 0 6 0 0 0 1 0 0 1 0 0 0 0 0 0 0 0
15435875 0 0 3 1 0 1 0 0 1 0 0 0 1 0 0 0 0 0
15441775 0 0 2 0 0 0 0 2 0 1 0 0 1 0 0 0 0 0
15516875 0 0 4 0 1 0 0 0 0 0 1 0 0 1 0 0 0 0
15764125 0 0 3 0 0 1 0 0 0 0 0 0 0 0 0 1 1 0
15828045 0 1 1 0 0 0 0 2 0 0 1 0 0 0 1 0 0 0
15867755 0 0 1 0 0 0 0 2 0 0 0 0 1 0 0 0 0 1
15936250 1 0 4 0 1 0 0 1 0 0 0 0 0 1 0 0 0 0
15948125 0 0 4 0 0 0 1 1 0 0 0 0 0 0 1 0 0 0
15989295 0 1 1 1 0 0 0 0 0 1 0 0 1 0 0 1 0 0
16071365 0 0 1 0 0 0 0 0 1 1 0 0 0 1 1 0 0 0
16126175 0 0 2 0 0 1 0 0 0 2 0 0 1 0 0 0 0 0
16200125 0 0 3 0 0 0 0 0 0 1 0 1 0 0 0 0 1 0
16209375 0 1 5 1 0 1 0 1 0 0 0 0 0 0 0 0 0 0
16453875 0 1 3 0 0 0 1 0 0 1 0 0 0 0 0 1 0 0
16603815 0 1 1 0 0 0 1 1 1 0 0 0 0 0 0 0 0 1
16674875 0 0 3 1 0 0 1 1 0 0 0 0 1 0 0 0 0 0
16679507 0 0 0 0 0 1 0 0 0 0 0 0 0 0 1 0 1 1
16750690 1 0 1 0 1 0 0 0 0 1 0 0 1 0 0 1 0 0
16794215 0 0 1 0 0 0 1 0 0 0 0 1 0 1 1 0 0 0
16871075 0 0 2 0 0 1 0 0 1 0 1 0 0 1 0 0 0 0
17145695 0 0 1 1 0 0 0 2 1 0 0 0 1 0 0 0 0 0
17269005 0 1 1 0 0 1 0 1 0 0 0 0 1 0 1 0 0 0
17291975 0 0 2 0 0 0 1 0 1 1 0 0 0 1 0 0 0 0
17417110 1 0 1 0 0 0 0 1 0 2 0 0 0 0 0 0 1 0
17442340 2 0 1 0 0 0 1 0 0 2 0 0 0 1 0 0 0 0
17469075 0 1 2 0 0 1 0 1 1 0 0 1 0 0 0 0 0 0
17584531 0 0 0 0 0 0 0 0 0 0 0 1 0 1 1 1 0 0
17609375 0 0 6 2 0 0 0 0 1 0 0 0 0 0 0 0 0 0
17627725 0 0 2 0 0 0 1 1 0 0 1 0 1 0 0 0 0 0
17768995 0 0 1 0 0 0 1 0 1 0 0 0 0 1 0 0 0 1
17788875 0 1 3 0 0 1 0 0 0 0 0 1 0 0 0 1 0 0
17995177 0 0 0 0 0 0 0 0 1 0 0 0 1 0 0 1 0 1
18132250 1 0 3 0 0 0 0 0 0 1 0 1 0 1 0 0 0 0
18254775 0 1 2 1 1 0 0 0 0 1 0 0 0 0 0 0 1 0
18263156 2 0 0 0 0 0 0 0 0 2 0 0 0 1 0 1 0 0
18284750 1 0 3 0 1 0 0 0 0 0 0 0 0 1 0 0 1 0
18501250 1 0 4 0 0 0 0 2 0 0 0 1 0 0 0 0 0 0
18680875 0 0 3 0 0 0 1 0 0 0 0 0 1 0 0 0 0 1
18694975 0 0 2 0 0 1 0 0 1 0 0 1 0 1 0 0 0 0
18697025 0 0 2 0 0 0 1 0 0 1 1 1 0 0 0 0 0 0
18830077 0 0 0 1 0 0 0 0 1 1 1 0 0 0 0 0 1 0
18833750 1 0 4 0 0 1 0 1 0 0 0 0 0 1 0 0 0 0
18871275 0 1 2 0 0 0 1 2 0 0 0 1 0 0 0 0 0 0
19127875 0 0 3 0 0 1 0 0 0 0 0 0 0 0 1 0 0 1
19308635 0 0 1 0 0 0 0 0 0 1 1 0 1 1 0 0 0 0
19342855 0 0 1 1 0 0 1 1 0 1 0 0 1 0 0 0 0 0
19365243 0 1 0 0 0 0 0 0 0 1 0 1 0 1 0 1 0 0
19448125 0 0 4 0 0 0 0 0 0 2 1 0 0 0 0 0 0 0
19468750 1 0 6 1 0 0 0 0 0 0 0 0 0 0 0 1 0 0
19487325 0 1 2 0 1 1 0 0 1 0 0 0 0 0 1 0 0 0
19519175 0 0 2 0 0 1 0 1 0 1 0 0 0 0 0 0 1 0
19723995 0 2 1 0 0 0 1 1 1 0 0 0 1 0 0 0 0 0
19933375 0 0 3 1 1 0 0 1 0 0 0 0 0 0 0 0 1 0
19945475 0 0 2 0 1 0 0 0 0 1 0 1 0 1 0 0 0 0
20116937 0 0 0 0 0 0 0 0 0 0 1 1 0 0 0 1 0 1
20123907 0 1 0 0 0 0 0 1 0 0 0 1 0 0 1 0 1 0
20145125 0 0 3 2 1 1 0 0 1 0 0 0 0 0 0 0 0 0
20225495 0 0 1 0 0 0 1 0 0 0 1 0 1 0 0 0 1 0
20236286 1 0 0 1 0 0 0 0 0 0 0 0 0 0 0 1 1 1
20343790 1 0 1 0 0 0 0 0 0 2 0 1 1 0 0 0 0 0
20400135 0 1 1 1 0 0 0 0 0 0 1 0 1 0 0 1 0 0
20466895 0 0 1 0 0 0 1 2 1 1 0 0 0 0 0 0 0 0
20467330 1 0 1 0 0 1 0 0 0 1 0 0 0 1 0 1 0 0
20482735 0 0 1 2 0 1 0 0 0 0 0 0 1 0 0 0 1 0
20628125 0 0 5 1 0 0 0 0 1 0 0 1 0 0 0 0 0 0
20859255 0 3 1 0 0 0 1 0 0 0 0 0 0 1 0 0 0 1
20904998 1 0 0 0 0 0 0 0 0 1 0 1 1 0 0 0 0 1
20984375 0 0 6 0 0 0 1 0 0 0 0 0 0 0 1 0 0 0
21011375 0 0 3 1 1 0 0 0 0 0 1 0 1 0 0 0 0 0
21018750 1 1 5 0 0 0 0 1 0 0 0 0 1 0 0 0 0 0
21033410 1 0 1 0 0 0 0 0 0 2 0 1 0 1 0 0 0 0
21064875 0 1 3 0 0 1 0 0 0 1 0 0 0 0 0 0 0 1
21099675 0 1 2 0 0 0 0 0 0 1 0 0 0 0 0 1 1 0
21151295 0 0 1 0 1 0 0 0 0 1 0 0 0 0 0 1 0 1
21383075 0 0 2 1 0 0 0 1 0 0 0 0 1 0 0 0 1 0
21409395 0 1 1 1 0 0 0 0 0 1 0 0 0 0 1 1 0 0
21481663 0 0 0 1 0 0 0 0 0 2 0 1 0 0 0 1 0 0
21592675 0 0 2 0 0 1 0 0 0 2 0 0 0 0 1 0 0 0
21790175 0 0 2 0 1 0 1 0 0 0 0 0 1 0 1 0 0 0
21795422 1 0 0 0 1 0 0 0 0 0 0 0 0 1 0 0 1 1
21968750 1 0 6 0 0 0 0 1 0 0 1 0 0 0 0 0 0 0
22004375 0 0 4 0 0 0 1 1 0 0 0 0 0 0 0 0 1 0
22139750 1 0 3 0 0 0 0 1 0 0 0 0 1 0 1 0 0 0
22188335 0 0 1 0 0 1 0 0 0 1 0 0 0 0 1 0 0 1
22194375 0 1 4 1 0 0 0 1 0 0 0 0 0 0 0 1 0 0
22367236 2 0 0 0 0 0 0 0 0 2 0 0 0 1 0 0 1 0
22481250 1 1 5 0 1 0 0 0 0 0 0 0 0 0 0 0 1 0
22615567 0 0 0 0 0 1 0 2 0 0 0 0 0 1 1 0 0 0
22741125 0 1 3 0 1 0 0 0 0 0 1 0 0 0 0 0 0 1
22763675 0 0 2 0 1 0 0 0 1 0 0 0 1 1 0 0 0 0
22783995 0 2 1 0 0 1 1 0 0 1 0 0 0 0 1 0 0 0
22806615 0 1 1 0 0 1 0 0 0 1 1 0 0 0 0 0 1 0
22890250 1 0 3 0 0 0 0 1 0 0 0 0 0 1 1 0 0 0
22908750 1 1 4 0 0 0 0 0 0 0 0 1 0 0 0 0 0 1
23141335 0 0 1 1 0 0 1 1 1 0 0 0 0 0 0 1 0 0
23305835 0 0 1 1 0 0 0 0 0 0 0 1 0 0 0 0 1 1
23312375 0 0 3 0 0 0 0 0 0 1 0 0 1 0 0 0 1 0
23349951 0 4 0 0 0 0 0 0 0 0 0 1 0 0 1 1 0 0
23483475 0 2 2 0 0 0 0 0 0 1 0 0 1 1 0 0 0 0
23528175 0 1 2 0 1 0 0 2 0 0 0 0 0 0 1 0 0 0
23598575 0 0 2 1 1 1 0 0 1 0 0 1 0 0 0 0 0 0
23627275 0 0 2 1 0 0 0 0 0 0 1 1 0 0 0 1 0 0
23695175 0 0 2 2 0 0 0 0 1 2 0 0 0 0 0 0 0 0
23809725 0 2 2 0 0 0 0 0 0 1 0 1 0 0 0 1 0 0
24002890 1 0 1 0 0 0 0 2 0 0 0 0 0 1 0 0 1 0
24343750 1 0 6 0 0 0 0 1 0 0 0 1 0 0 0 0 0 0
24417375 0 1 3 0 0 0 0 1 1 0 0 0 0 0 0 0 0 1
24475623 0 1 0 0 0 0 0 0 0 2 0 0 0 0 0 1 1 0
24544875 0 1 3 0 0 0 0 0 0 1 1 0 0 1 0 0 0 0
24634545 0 1 1 0 0 1 0 1 0 0 0 0 0 1 0 0 1 0
24697375 0 0 3 0 0 0 0 0 0 0 0 1 0 1 1 0 0 0
24942250 1 0 3 0 0 0 0 1 0 0 0 0 1 0 0 1 0 0
24984375 0 1 6 0 0 1 0 0 0 0 0 1 0 0 0 0 0 0
24984435 0 1 1 1 0 0 0 0 0 0 1 0 1 0 0 0 1 0
25208975 0 0 2 0 1 0 0 0 0 2 0 0 0 0 0 0 1 0
25478297 0 0 0 0 0 1 0 2 0 0 0 0 0 1 0 1 0 0
25487375 0 0 3 0 0 0 0 0 0 1 0 0 0 0 1 1 0 0
25554375 0 2 4 1 1 0 0 0 0 0 0 0 1 0 0 0 0 0
25597735 0 0 1 0 0 0 0 0 1 0 0 1 0 1 0 1 0 0
25773275 0 0 2 0 1 0 1 0 0 0 1 0 0 0 0 0 0 1
25923125 0 0 4 0 0 0 0 1 0 0 1 0 1 0 0 0 0 0
26135450 1 0 2 0 1 0 0 1 0 0 0 1 0 1 0 0 0 0
26203375 0 0 3 0 1 0 1 1 0 0 0 0 1 0 0 0 0 0
26264735 0 0 1 2 0 0 0 0 1 0 0 0 1 0 1 0 0 0
26281250 1 0 6 0 0 0 0 0 0 2 0 0 0 0 0 0 0 0
26421875 0 0 6 0 0 0 0 1 0 0 0 0 0 0 0 1 0 0
26427575 0 0 2 0 0 0 0 1 1 0 0 1 1 0 0 0 0 0
26455695 0 1 1 1 0 0 0 1 0 0 0 0 0 0 0 1 0 1
26543605 0 0 1 0 1 0 0 0 0 0 0 1 0 0 1 0 0 1
26768595 0 1 1 1 0 0 0 0 0 1 0 0 1 0 0 0 0 1
26812550 1 0 2 0 0 0 0 0 0 0 0 0 1 1 0 0 0 1
26917275 0 1 2 1 1 0 0 0 0 0 0 0 1 0 1 0 0 0
27006250 1 0 5 0 0 0 0 0 0 1 0 0 0 0 0 0 0 1
27173925 0 2 2 0 0 0 0 0 1 0 0 0 1 0 0 1 0 0
27260900 2 0 2 0 0 0 0 0 0 0 0 1 0 1 0 0 1 0
27296055 0 3 1 0 0 0 0 0 1 0 0 0 1 0 0 0 0 1
27327443 0 0 0 0 1 1 0 0 0 0 0 1 1 0 1 0 0 0
27439307 0 0 0 1 0 0 0 0 0 2 0 0 1 0 1 0 0 0
27751875 0 1 4 0 0 0 0 2 0 0 0 1 0 0 0 0 0 0
27792875 0 0 3 0 1 0 1 0 0 1 0 1 0 0 0 0 0 0
28132900 2 0 2 0 0 0 0 0 0 1 0 0 0 0 0 1 1 0
28143750 1 1 5 0 0 0 0 1 0 0 0 0 0 0 1 0 0 0
28328125 0 0 6 2 0 0 0 0 0 0 1 0 0 0 0 0 0 0
28393750 1 0 5 1 1 0 0 0 0 0 0 0 1 0 0 0 0 0
28617950 1 0 2 0 0 0 0 0 0 0 0 0 1 0 0 1 1 0
28648955 0 0 1 0 0 0 0 0 0 1 0 1 0 1 1 0 0 0
28860475 0 0 2 1 0 0 1 0 0 0 0 0 0 0 0 1 1 0
28981875 0 1 4 0 0 1 0 0 0 1 0 1 0 0 0 0 0 0
29093750 1 0 6 2 0 0 0 1 0 0 0 0 0 0 0 0 0 0
29133225 0 2 2 0 1 0 0 0 0 0 0 0 0 0 1 0 0 1
29334375 0 2 5 1 0 0 0 0 0 0 0 0 0 0 0 0 0 1
29493805 0 0 1 0 1 0 0 0 0 0 0 0 1 1 0 0 0 1
29555350 1 0 2 0 1 0 1 0 0 1 0 0 0 0 0 0 1 0
29913790 1 0 1 0 0 0 0 1 0 1 0 0 0 1 0 1 0 0
29954477 0 0 0 1 0 0 0 0 0 1 0 1 1 1 0 0 0 0
30297647 0 0 0 0 0 0 0 2 1 0 0 1 0 0 0 1 0 0
30480175 0 0 2 0 1 0 0 0 1 0 0 0 0 1 1 0 0 0
30700995 0 1 1 0 0 1 0 0 0 1 0 0 0 1 0 1 0 0
30759575 0 0 2 1 1 0 0 1 0 2 0 0 0 0 0 0 0 0
30887045 0 0 1 1 0 0 1 0 1 0 1 0 0 1 0 0 0 0
30912637 0 0 0 1 0 0 0 0 0 2 0 0 1 0 0 1 0 0
30958125 0 1 4 0 1 0 0 1 0 0 0 0 0 0 1 0 0 0
30967625 0 0 3 0 0 1 1 1 0 0 0 0 1 0 0 0 0 0
31102558 1 0 0 0 0 0 0 0 0 1 0 0 1 1 0 0 0 1
31216750 1 0 3 0 0 0 0 0 1 0 0 0 0 1 0 1 0 0
31343750 1 0 6 0 0 0 1 0 0 0 0 0 1 0 0 0 0 0
31369715 0 0 1 0 0 1 0 0 0 0 0 1 0 0 1 0 0 1
31588545 0 1 1 0 0 0 0 1 1 0 0 0 0 1 1 0 0 0
31830227 0 0 0 0 1 1 0 0 0 0 0 1 0 1 0 1 0 0
31953795 0 1 1 0 0 0 1 0 0 2 0 0 0 0 0 0 0 1
32192175 0 1 2 0 0 0 0 2 0 1 0 1 0 0 0 0 0 0
32400795 0 1 1 1 0 0 0 1 0 0 0 0 0 0 0 0 1 1
32480975 0 0 2 0 0 0 0 2 0 0 0 0 1 1 0 0 0 0
32811290 1 0 1 0 0 0 0 2 0 0 0 0 0 1 0 0 0 1
32869925 0 0 2 0 1 0 1 0 0 0 0 0 0 0 1 1 0 0
33122375 0 0 3 0 1 1 1 0 0 0 0 0 0 0 0 0 1 0
33128875 0 0 3 0 0 1 0 1 0 1 1 0 0 0 0 0 0 0
33211755 0 3 1 0 0 0 0 0 0 0 1 0 0 1 0 0 1 0
33245625 0 1 4 1 0 0 1 0 0 0 0 0 0 0 0 0 0 1
33290750 1 0 3 0 0 0 0 0 0 0 1 0 1 1 0 0 0 0
33309375 0 1 5 0 1 0 1 1 0 0 0 0 0 0 0 0 0 0
33618975 0 1 2 0 0 1 0 0 0 2 0 1 0 0 0 0 0 0
33643335 0 1 1 0 1 0 0 0 0 1 0 0 0 0 1 1 0 0
34142615 0 0 1 0 0 1 0 0 0 0 0 0 0 1 1 0 1 0
34190500 2 0 3 0 0 0 0 1 0 0 0 0 1 1 0 0 0 0
34322138 1 0 0 0 0 0 0 0 0 1 0 0 0 1 0 1 1 0
34367795 0 0 1 1 1 0 1 0 0 0 0 0 1 0 0 1 0 0
34543125 0 3 4 0 0 0 0 0 1 0 0 0 0 0 0 1 0 0
34869725 0 0 2 0 1 0 0 0 1 0 1 0 0 0 0 0 0 1
34914115 0 0 1 0 0 0 0 2 1 2 0 0 0 0 0 0 0 0
35324175 0 1 2 0 0 0 0 0 0 1 0 0 0 0 0 0 1 1
35387500 2 0 5 0 0 0 0 1 0 0 0 0 0 0 0 0 0 1
35434375 0 0 5 0 0 0 1 0 1 1 0 0 0 0 0 0 0 0
35477585 0 0 1 0 1 1 0 0 0 2 0 0 1 0 0 0 0 0
35811375 0 1 3 0 0 0 0 0 0 1 1 0 0 0 0 1 0 0
35963683 0 0 0 1 0 0 0 0 0 2 0 1 0 0 0 0 0 1
36025975 0 0 2 0 0 0 1 0 0 1 1 0 0 0 1 0 0 0
36292375 0 0 3 1 0 0 0 1 0 0 1 0 1 0 0 0 0 0
36515625 0 1 6 0 0 0 0 1 0 0 0 1 0 0 0 0 0 0
36529850 1 0 2 1 0 0 0 0 0 1 0 0 1 1 0 0 0 0
36666665 0 0 1 1 0 0 0 0 0 0 0 0 0 0 1 1 0 1
36784375 0 0 5 0 0 0 0 0 0 0 0 0 0 0 1 0 0 1
37140155 0 0 1 0 0 1 1 1 0 1 0 0 0 1 0 0 0 0
37208131 0 0 0 0 0 0 0 0 0 1 0 0 0 0 1 0 1 1
37228125 0 1 5 0 1 0 0 2 0 0 0 0 0 0 0 0 0 0
37609550 1 0 2 0 1 0 0 1 0 0 0 0 1 1 0 0 0 0
37704953 0 0 0 0 1 1 0 0 0 0 0 1 1 0 0 0 1 0
37814693 0 0 0 1 0 0 0 1 0 0 0 0 1 1 1 0 0 0
37859297 0 0 0 1 0 0 0 0 0 2 0 0 1 0 0 0 1 0
37899375 0 1 4 0 0 0 1 0 0 1 0 1 0 0 0 0 0 0
37901875 0 0 4 0 1 0 0 0 0 0 1 0 0 0 0 0 0 1
38135986 1 0 0 1 0 0 0 0 0 2 0 1 0 0 1 0 0 0
38356250 1 0 5 0 0 0 1 2 0 0 0 0 0 0 0 0 0 0
38621098 1 0 0 0 0 0 0 0 0 1 0 1 0 0 0 0 1 1
38628250 1 0 3 0 0 0 1 0 0 0 0 0 0 1 0 0 0 1
38634505 0 0 1 1 0 1 0 1 0 0 0 1 0 0 0 0 1 0
39142663 0 0 0 1 0 0 0 0 0 2 0 0 0 1 0 0 1 0
39197380 2 0 1 0 0 0 0 2 0 0 0 0 0 1 0 1 0 0
39484375 0 0 6 1 0 0 0 2 0 0 0 0 0 0 0 0 0 0
39829035 0 1 1 0 0 0 0 1 0 1 0 0 0 1 1 0 0 0
39894517 0 0 0 0 0 1 0 0 0 2 0 1 0 0 0 1 0 0
40428250 1 0 3 0 0 0 0 0 1 0 0 0 0 0 1 1 0 0
40551885 0 2 1 0 1 0 1 0 0 0 0 0 0 1 1 0 0 0
40734375 0 1 6 0 1 0 0 0 0 0 0 0 0 0 1 0 0 0
41384375 0 0 5 0 0 0 1 1 0 0 0 1 0 0 0 0 0 0
41660255 0 0 1 1 0 1 0 1 0 0 0 0 0 1 1 0 0 0
41918021 0 0 0 0 0 0 0 0 0 1 0 0 0 0 0 1 1 1
41993315 0 0 1 1 0 1 1 0 0 0 0 0 0 1 0 1 0 0
42191875 0 0 4 0 1 0 1 2 0 0 0 0 0 0 0 0 0 0
42928695 0 2 1 0 0 0 0 1 1 0 1 0 1 0 0 0 0 0
43038175 0 0 2 0 0 0 0 0 1 2 0 0 0 0 0 1 0 0
43090385 0 0 1 0 0 1 0 1 1 0 1 1 0 0 0 0 0 0
43118911 0 0 0 0 1 0 0 0 0 2 0 0 1 0 1 0 0 0
43119855 0 2 1 0 0 0 0 0 0 0 0 0 1 0 0 0 1 1
43457925 0 1 2 1 0 0 0 0 1 0 0 0 1 1 0 0 0 0
43844375 0 0 4 0 0 0 0 0 0 1 0 1 1 0 0 0 0 0
43955000 3 0 4 0 0 0 0 0 0 0 0 0 1 0 0 0 0 1
44061875 0 0 4 0 1 1 1 0 0 1 0 0 0 0 0 0 0 0
44225435 0 0 1 0 0 0 0 0 1 1 0 0 0 0 0 1 0 1
44234375 0 0 6 0 0 0 0 1 0 0 0 0 0 0 0 0 0 1
44648035 0 0 1 0 0 0 1 0 0 0 0 0 0 1 1 0 1 0
44768750 1 0 5 0 0 1 0 1 0 1 0 0 0 0 0 0 0 0
45561275 0 0 2 0 0 0 1 0 1 0 0 0 1 0 1 0 0 0
45801875 0 0 4 1 0 0 0 2 0 1 0 0 0 0 0 0 0 0
45877275 0 2 2 0 0 0 0 0 0 1 0 0 0 0 1 1 0 0
46653837 0 1 0 0 0 0 0 0 0 1 0 0 1 1 0 0 0 1
46692875 0 0 3 0 0 0 0 0 1 0 0 0 0 0 0 0 1 1
46893750 1 1 5 0 0 0 0 0 0 0 0 1 0 1 0 0 0 0
46917418 1 0 0 0 0 0 0 0 0 1 0 0 0 1 0 1 0 1
46943750 1 0 5 1 0 0 0 0 0 1 1 0 0 0 0 0 0 0
47201947 0 0 0 0 0 1 0 1 0 0 0 1 1 0 1 0 0 0
47236875 0 1 4 1 0 0 0 0 0 0 0 0 1 1 0 0 0 0
47309150 1 0 2 1 0 0 0 0 0 1 0 0 1 0 1 0 0 0
47472443 0 0 0 0 0 0 0 0 0 0 1 0 0 0 1 0 1 1
47537525 0 0 2 1 0 0 1 1 0 2 0 0 0 0 0 0 0 0
47699817 0 1 0 0 1 0 0 0 0 0 0 0 0 0 0 1 1 1
47750175 0 3 2 0 1 0 0 0 0 0 0 0 1 0 0 0 1 0
47796875 0 0 6 1 0 0 0 1 1 0 0 0 0 0 0 0 0 0
47848625 0 0 3 0 1 0 1 0 1 0 0 0 0 0 0 1 0 0
48436875 0 2 4 0 0 0 0 0 0 0 0 0 0 0 1 0 1 0
48651850 1 0 2 0 0 1 0 0 0 2 0 0 0 0 0 1 0 0
48682375 0 0 3 1 0 0 0 0 1 0 0 1 1 0 0 0 0 0
49232575 0 0 2 1 0 0 0 0 0 1 0 0 0 0 0 1 1 0
49306477 0 0 0 0 1 0 1 0 0 0 0 1 1 0 0 0 1 0
49657355 0 0 1 0 1 0 0 2 0 0 0 1 0 1 0 0 0 0
49717625 0 0 3 0 0 0 0 0 0 0 0 1 0 0 0 1 1 0
49743785 0 0 1 1 0 1 1 0 0 0 0 0 1 0 0 0 1 0
50262170 1 0 1 1 0 0 0 0 0 0 0 0 0 1 1 0 0 1
51201875 0 0 4 0 0 0 1 0 0 0 0 0 0 1 1 0 0 0
51398295 0 1 1 0 0 1 0 0 0 1 0 0 0 1 0 0 0 1
51853625 0 0 3 0 0 0 0 0 0 0 0 0 1 0 1 1 0 0
52119375 0 1 4 1 1 0 0 2 0 0 0 0 0 0 0 0 0 0
52146875 0 0 5 0 1 0 0 0 0 0 1 1 0 0 0 0 0 0
52189770 1 1 1 0 0 0 0 2 0 0 0 0 0 1 1 0 0 0
52530915 0 1 1 0 0 0 0 2 0 0 0 0 0 0 0 1 1 0
52709675 0 0 2 0 0 0 0 0 1 2 0 0 0 0 0 0 1 0
52742375 0 0 3 2 0 0 0 0 0 0 0 0 0 0 1 0 1 0
53069375 0 0 4 0 0 0 0 1 0 0 0 1 0 0 0 0 1 0
53428925 0 0 2 0 1 0 0 0 0 0 1 0 1 0 0 1 0 0
53506943 0 0 0 1 0 0 0 0 0 2 0 0 0 1 0 0 0 1
53517035 0 0 1 0 1 1 0 0 0 2 0 0 0 0 0 1 0 0
53848375 0 0 3 1 0 0 0 1 0 0 0 1 0 0 1 0 0 0
54488555 0 0 1 0 1 0 0 0 0 0 0 0 0 1 0 0 1 1
54899075 0 0 2 1 1 0 0 2 0 0 0 0 0 0 1 0 0 0
54927062 1 0 0 0 0 0 0 1 0 0 0 0 0 0 0 1 1 1
55013783 0 0 0 0 1 0 0 0 0 1 1 0 1 0 1 0 0 0
55411785 0 2 1 0 1 1 0 0 0 0 0 0 0 0 1 0 1 0
55484275 0 0 2 1 1 0 0 1 0 0 1 1 0 0 0 0 0 0
55791875 0 0 4 0 0 0 1 0 0 0 0 0 1 0 0 1 0 0
55811455 0 0 1 1 0 0 0 1 1 0 0 1 0 0 0 1 0 0
55951335 0 2 1 0 1 0 1 0 0 0 0 0 0 1 0 0 1 0
56203125 0 1 6 0 1 0 0 0 0 0 0 0 0 0 0 0 1 0
56359250 1 0 3 0 0 0 1 0 0 0 0 0 0 0 0 1 0 1
56548375 0 0 3 0 0 1 1 0 1 0 0 0 0 0 0 1 0 0
57088605 0 1 1 1 0 0 0 0 0 0 0 1 0 0 0 1 0 1
57225625 0 0 4 0 0 0 0 1 0 0 0 0 0 1 1 0 0 0
57380525 0 0 2 0 0 0 1 0 0 0 1 1 0 0 0 1 0 0
57534375 0 1 5 0 0 0 1 2 0 0 0 0 0 0 0 0 0 0
57717163 0 0 0 1 0 0 0 0 0 1 0 0 1 1 1 0 0 0
57736755 0 2 1 0 0 0 0 0 0 0 0 0 0 0 1 0 1 1
58078125 0 2 6 1 0 0 0 0 0 0 0 0 1 0 0 0 0 0
58574945 0 0 1 0 1 1 1 0 0 0 0 0 0 1 1 0 0 0
58963125 0 1 4 0 0 1 0 0 0 0 0 1 1 0 0 0 0 0
60286875 0 1 4 0 1 0 0 0 0 0 1 0 0 0 1 0 0 0
60484375 0 0 6 2 0 0 0 0 0 0 0 0 0 0 1 0 0 0
60669075 0 1 2 0 0 0 0 0 0 0 0 0 0 1 0 1 0 1
61032635 0 0 1 0 0 0 1 0 0 0 0 0 0 1 1 0 0 1
61298750 1 0 4 0 0 0 0 1 0 1 0 0 0 0 0 1 0 0
61456075 0 0 2 0 0 0 0 0 0 2 1 0 0 0 1 0 0 0
62549375 0 0 4 1 0 0 1 0 0 2 0 0 0 0 0 0 0 0
62651977 0 0 0 0 0 0 0 0 1 2 0 1 0 0 1 0 0 0
62812195 0 0 1 0 0 0 1 2 1 0 0 0 0 0 0 1 0 0
63264225 0 1 2 0 0 0 1 0 0 2 0 0 1 0 0 0 0 0
63293750 1 0 5 0 0 1 0 1 0 0 0 1 0 0 0 0 0 0
63478125 0 2 5 0 0 0 0 0 0 0 1 0 0 1 0 0 0 0
64483283 0 0 0 0 0 0 0 1 1 0 0 1 1 1 0 0 0 0
64908125 0 0 4 0 0 0 1 0 0 0 0 1 0 0 0 0 0 1
65213575 0 0 2 1 0 0 0 0 0 0 0 1 0 1 0 0 0 1
65283725 0 0 2 0 0 1 0 0 0 0 1 0 0 1 0 1 0 0
65382515 0 0 1 0 1 0 0 2 0 0 1 0 0 0 0 1 0 0
66331522 1 0 0 0 0 0 0 0 0 0 0 1 0 1 0 1 0 1
66435375 0 1 3 0 0 0 0 0 0 1 0 1 0 0 0 0 0 1
66584375 0 0 5 0 1 1 0 0 0 0 0 0 0 0 0 0 0 1
66685993 0 0 0 0 1 0 0 0 1 1 0 0 0 1 0 0 0 1
66854375 0 0 4 2 0 0 0 0 0 0 1 0 1 0 0 0 0 0
67010625 0 3 4 0 1 0 0 2 0 0 0 0 0 0 0 0 0 0
67513798 1 0 0 0 1 0 0 0 0 2 0 1 0 0 0 1 0 0
67624375 0 0 4 1 0 1 0 0 0 1 0 1 0 0 0 0 0 0
67747635 0 2 1 0 0 0 1 1 0 0 0 0 1 0 1 0 0 0
68329375 0 0 4 0 0 0 1 0 0 0 0 0 1 0 0 0 1 0
68828750 1 0 4 0 0 0 1 0 0 0 0 1 0 0 1 0 0 0
69059375 0 0 5 2 1 0 0 0 0 0 0 1 0 0 0 0 0 0
69992715 0 1 1 0 0 1 0 0 0 0 1 0 0 0 0 1 1 0
71005891 0 0 0 0 1 0 0 0 0 1 0 1 0 1 0 1 0 0
71410151 0 0 0 0 0 0 0 1 0 2 0 1 0 0 0 0 1 0
71635655 0 0 1 1 0 1 0 0 0 1 0 0 0 1 0 1 0 0
71738895 0 1 1 0 0 0 1 0 0 1 0 0 0 0 0 1 1 0
72034375 0 0 5 1 0 0 0 0 0 0 1 0 0 0 0 1 0 0
72693517 0 0 0 0 0 1 0 0 0 2 0 0 0 1 0 0 1 0
72828125 0 0 6 0 0 0 0 0 0 0 0 0 1 0 1 0 0 0
73166450 1 0 2 1 0 0 0 0 1 0 0 0 0 1 0 0 0 1
73415095 0 0 1 0 0 1 1 0 0 2 0 0 0 0 1 0 0 0
73768750 1 0 5 0 1 0 0 0 0 1 1 0 0 0 0 0 0 0
73779375 0 1 4 0 0 0 0 2 0 0 0 0 0 0 0 0 1 0
74302575 0 1 2 0 0 0 0 0 0 0 0 0 0 1 0 0 1 1
74648750 1 0 4 0 1 0 0 0 0 0 0 0 0 1 0 1 0 0
74665981 0 0 0 0 0 1 0 0 1 1 0 0 0 0 1 0 1 0
74965625 0 0 5 1 0 0 0 0 1 0 0 0 0 0 0 0 0 1
75668975 0 0 2 0 0 0 0 0 0 2 0 0 1 1 0 0 0 0
75717945 0 2 1 0 0 0 0 2 0 0 0 0 1 0 1 0 0 0
76368125 0 0 4 0 0 0 0 1 0 0 0 0 1 0 0 0 1 0
76438490 1 0 1 0 0 0 0 0 0 2 0 0 0 1 0 0 0 1
77068750 1 0 5 0 1 0 0 1 0 0 0 0 1 0 0 0 0 0
77144750 1 0 3 0 0 0 0 1 0 0 0 0 0 0 0 0 1 1
77722175 0 0 2 0 0 0 0 0 1 1 0 0 1 0 1 0 0 0
77823617 0 0 0 0 0 0 0 0 0 2 1 1 0 1 0 0 0 0
78092505 0 4 1 0 0 0 0 0 0 1 0 0 0 1 0 0 1 0
78573958 1 0 0 0 0 0 0 0 0 0 0 1 1 0 0 0 1 1
79140225 0 1 2 0 0 0 0 2 0 0 1 0 0 0 1 0 0 0
79730650 1 0 2 0 0 0 0 1 1 0 0 1 0 0 0 1 0 0
80419655 0 0 1 0 0 0 0 0 0 0 0 1 1 1 0 0 1 0
81113375 0 0 3 2 0 0 1 1 0 0 0 1 0 0 0 0 0 0
81775525 0 0 2 0 0 1 1 2 0 0 0 1 0 0 0 0 0 0
82151895 0 1 1 1 0 0 0 0 0 0 0 0 1 0 0 1 0 1
82708145 0 0 1 0 0 1 1 0 0 2 0 0 0 0 0 1 0 0
82855175 0 0 2 0 0 1 0 0 0 1 0 0 1 0 0 0 0 1
82921875 0 1 6 0 0 0 0 0 0 1 0 0 0 1 0 0 0 0
83208125 0 0 4 2 1 1 0 1 0 0 0 0 0 0 0 0 0 0
83365053 0 1 0 0 0 0 0 0 0 1 0 0 1 0 0 0 1 1
83766725 0 0 2 2 0 0 0 1 0 0 0 0 1 1 0 0 0 0
84131050 1 0 2 0 0 0 0 2 0 0 0 0 1 0 1 0 0 0
84256250 1 0 5 0 0 1 1 0 0 0 0 0 0 1 0 0 0 0
84371875 0 0 5 2 0 0 0 1 0 1 0 0 0 0 0 0 0 0
84538875 0 1 3 0 0 0 1 0 0 0 0 0 0 0 0 1 0 1
84613375 0 0 3 1 1 0 0 0 0 0 0 0 1 0 0 0 0 1
84883750 1 0 4 1 0 0 0 0 0 0 0 0 0 0 0 1 1 0
85626125 0 0 3 0 0 1 0 0 1 1 0 0 0 0 1 0 0 0
85805345 0 0 1 0 0 0 0 0 0 1 0 0 0 1 0 1 1 0
86749991 0 0 0 0 0 0 0 1 0 2 0 0 0 1 0 1 0 0
87203597 0 0 0 0 0 1 0 1 0 0 0 1 0 0 1 0 1 0
87481625 0 0 3 1 1 0 0 0 0 0 0 0 0 1 0 0 0 1
87758450 1 0 2 0 0 1 0 0 0 0 1 1 0 0 0 1 0 0
88397025 0 1 2 0 0 0 1 1 0 0 0 1 0 0 0 1 0 0
88551495 0 3 1 0 0 0 0 2 1 0 0 0 0 0 1 0 0 0
88721875 0 0 5 0 1 0 0 0 0 1 0 0 0 0 0 1 0 0
88844975 0 0 2 0 0 0 1 0 1 0 0 0 0 1 0 0 0 1
89121875 0 0 5 0 0 0 0 2 0 0 0 0 0 0 1 0 0 0
89442525 0 1 2 0 0 0 1 0 0 1 0 1 1 0 0 0 0 0
90071875 0 0 5 0 0 0 0 1 0 0 1 1 0 0 0 0 0 0
90539925 0 1 2 1 0 0 0 0 0 0 1 0 1 0 1 0 0 0
90719395 0 0 1 0 0 1 1 1 0 1 0 0 0 0 0 0 0 1
91397215 0 0 1 1 0 1 0 0 0 0 1 0 0 1 0 1 0 0
91427875 0 0 3 2 1 0 0 0 1 0 0 0 1 0 0 0 0 0
91474075 0 0 2 1 1 0 0 1 0 0 0 1 0 1 0 0 0 0
91690025 0 0 2 2 0 0 0 0 0 2 0 0 0 0 0 1 0 0
91835683 0 0 0 0 0 0 1 1 0 0 0 0 1 1 1 0 0 0
93213917 0 0 0 0 0 0 0 0 1 2 0 0 0 1 1 0 0 0
93372125 0 0 3 1 1 0 0 0 0 0 0 0 0 0 0 1 1 0
94053375 0 2 3 0 0 1 0 0 0 0 0 0 1 0 0 0 1 0
94219405 0 0 1 2 0 0 0 0 0 1 0 0 0 0 0 1 0 1
95174375 0 0 4 0 0 0 0 0 0 1 0 0 1 0 0 1 0 0
96552745 0 0 1 0 0 0 0 0 0 1 0 1 0 0 0 0 1 1
96934185 0 3 1 0 0 0 0 0 0 0 0 0 0 1 1 0 0 1
97911975 0 1 2 1 0 0 0 0 0 1 0 0 1 0 0 0 1 0
98421853 0 0 0 0 0 0 0 0 1 1 0 1 1 1 0 0 0 0
98456250 1 1 5 0 0 0 0 0 0 0 0 0 1 0 0 1 0 0
98994110 1 0 1 0 0 0 0 0 0 2 0 0 0 0 1 0 0 1
99382255 0 0 1 1 0 0 1 1 0 0 0 0 1 0 0 0 0 1
100231250 1 0 5 1 0 0 0 0 0 1 0 0 0 0 1 0 0 0
102437500 2 0 6 0 1 0 0 0 0 0 0 0 0 0 0 0 0 1
102751145 0 0 1 1 0 0 1 1 0 0 0 0 0 1 0 0 0 1
102917375 0 0 3 0 1 0 0 0 0 2 0 0 0 0 0 1 0 0
103404285 0 2 1 0 0 0 1 0 0 1 0 0 1 0 1 0 0 0
104339506 1 0 0 0 0 0 1 0 0 2 0 1 0 0 0 1 0 0
104483375 0 0 3 0 0 0 0 1 0 1 1 1 0 0 0 0 0 0
105159730 1 0 1 0 0 1 0 0 0 0 0 0 0 1 0 1 0 1
105359535 0 4 1 0 0 0 0 0 0 0 1 0 0 0 1 1 0 0
105498375 0 1 3 0 0 0 0 0 0 1 0 0 0 0 0 1 1 0
106021695 0 1 1 0 0 1 0 0 0 0 0 1 0 0 0 1 0 1
106061033 0 0 0 0 0 1 0 0 0 2 0 0 0 0 0 1 1 0
106750305 0 4 1 0 0 0 0 0 0 1 0 0 0 1 0 0 0 1
107015655 0 1 1 0 0 0 0 0 0 1 1 0 0 1 0 0 1 0
107236925 0 0 2 0 0 0 0 0 1 1 0 0 1 0 0 0 1 0
107314097 0 0 0 0 1 0 0 0 0 0 1 1 1 0 0 0 1 0
108013005 0 2 1 0 0 0 0 2 0 0 0 0 0 1 0 0 1 0
108746875 0 0 5 0 0 0 1 0 1 0 0 0 0 0 0 1 0 0
108858953 0 0 0 1 0 0 0 0 0 1 0 0 1 1 0 0 0 1
110021875 0 0 5 0 0 0 1 1 0 0 0 0 0 0 0 0 1 0
110872075 0 0 2 0 0 0 0 0 1 1 0 0 0 1 0 0 1 0
111299573 0 0 0 1 1 0 0 0 0 0 0 0 0 0 0 1 1 1
111715025 0 0 2 0 0 0 0 0 1 0 1 0 1 0 0 1 0 0
111990083 0 0 0 0 0 0 0 0 0 2 1 0 1 1 0 0 0 0
113356185 0 1 1 0 0 0 0 1 0 0 0 1 0 0 0 1 1 0
114078125 0 0 6 2 0 0 0 0 0 0 0 0 0 0 0 0 0 1
114311025 0 2 2 0 0 0 0 0 0 0 0 0 1 0 1 0 1 0
115184897 0 0 0 0 0 0 0 1 1 1 0 0 0 1 0 0 0 1
115224227 0 0 0 0 0 0 0 1 1 0 0 1 1 0 0 0 1 0
115603125 0 1 5 0 1 0 0 1 0 0 0 0 1 0 0 0 0 0
116079550 1 0 2 0 0 0 0 2 0 0 0 0 1 0 0 0 1 0
116654525 0 0 2 0 0 1 0 0 0 0 1 0 0 0 0 1 1 0
117676975 0 0 2 0 0 1 1 2 0 0 0 0 1 0 0 0 0 0
117859625 0 0 3 0 0 1 0 0 0 1 0 1 0 1 0 0 0 0
117915655 0 0 1 0 1 1 1 0 0 0 0 0 0 0 0 1 1 0
118037975 0 0 2 0 1 0 0 2 0 1 0 1 0 0 0 0 0 0
118166387 0 0 0 0 0 0 0 0 1 2 0 1 0 0 0 0 0 1
118458725 0 0 2 2 1 0 0 0 0 0 0 0 1 0 0 0 0 1
118526818 1 0 0 0 0 0 0 0 0 0 0 1 0 0 0 1 1 1
118592500 2 0 4 0 0 1 0 0 0 0 0 1 0 0 0 1 0 0
118711355 0 0 1 1 0 0 0 0 0 2 1 0 0 0 0 0 1 0
119643125 0 0 4 1 0 0 0 0 1 1 0 1 0 0 0 0 0 0
120014450 1 0 2 0 0 0 0 2 0 0 0 0 0 1 0 0 1 0
120441475 0 0 2 1 1 0 0 1 0 0 1 0 0 0 0 1 0 0
121709375 0 0 5 0 0 0 1 0 0 1 0 0 0 0 1 0 0 0
121975125 0 1 3 0 0 0 0 0 0 0 1 0 1 0 0 0 0 1
122474885 0 0 1 0 0 1 1 0 1 0 0 0 0 1 1 0 0 0
122609375 0 0 6 1 0 0 0 1 0 0 0 0 1 0 0 0 0 0
122940773 0 0 0 0 0 0 0 1 1 1 0 0 0 0 0 1 1 0
123075875 0 0 3 0 0 1 0 0 1 0 1 0 0 0 0 1 0 0
123256250 1 0 5 0 0 1 0 0 0 0 1 1 0 0 0 0 0 0
123526215 0 4 1 0 0 0 0 0 1 0 0 0 0 0 0 1 0 1
124845875 0 0 3 2 1 0 1 0 0 0 0 0 0 0 0 0 1 0
124905715 0 0 1 0 1 0 1 1 0 0 0 0 0 0 1 1 0 0
124922175 0 1 2 1 0 0 0 0 0 0 1 0 1 0 0 0 1 0
124973750 1 0 4 0 1 0 0 0 0 0 0 0 0 1 0 0 0 1
125243725 0 0 2 0 0 0 0 1 0 0 0 1 1 0 0 0 1 0
125488103 0 0 0 0 0 1 0 1 0 0 0 0 1 0 1 0 1 0
125545625 0 0 4 0 0 0 0 0 0 0 1 0 0 1 0 1 0 0
127451411 0 0 0 0 0 0 0 2 0 0 0 1 0 0 1 0 1 0
127464367 0 0 0 0 0 0 0 0 1 1 0 1 1 0 1 0 0 0
128046875 0 0 7 0 1 0 0 0 0 0 0 0 0 0 0 0 0 1
129626275 0 0 2 0 0 0 1 0 1 0 0 0 0 0 0 1 0 1
129888245 0 0 1 0 0 0 1 0 1 2 0 0 0 0 1 0 0 0
129989803 0 0 0 0 0 0 1 0 0 1 0 1 1 0 0 0 1 0
130030395 0 1 1 0 1 0 0 2 0 0 1 0 1 0 0 0 0 0
130720975 0 0 2 2 1 0 0 0 0 0 0 0 0 0 0 1 1 0
130914845 0 0 1 0 0 0 0 2 0 1 0 1 0 1 0 0 0 0
131728900 2 0 2 0 0 0 0 2 0 0 0 1 0 0 0 1 0 0
131788085 0 0 1 0 1 1 0 1 0 0 0 0 0 0 0 1 1 0
131828125 0 0 6 0 1 1 0 0 0 0 0 0 1 0 0 0 0 0
132015895 0 0 1 0 1 0 0 2 0 0 0 0 0 1 0 0 1 0
132584375 0 0 5 1 1 0 0 1 0 1 0 0 0 0 0 0 0 0
133184375 0 0 5 0 0 0 1 0 1 0 0 0 0 0 0 0 1 0
134406250 1 0 6 0 1 0 1 0 1 0 0 0 0 0 0 0 0 0
134512625 0 0 3 0 0 1 0 0 1 0 0 0 1 1 0 0 0 0
134599150 1 0 2 1 0 0 0 0 0 1 0 0 0 0 0 1 0 1
135909375 0 1 5 1 0 0 0 1 0 0 0 0 0 0 0 0 1 0
136919825 0 0 2 1 0 0 0 0 0 0 0 0 1 0 0 1 0 1
136973670 1 1 1 0 0 0 0 0 0 2 0 0 0 1 0 1 0 0
137025317 0 0 0 0 1 1 0 0 0 0 0 0 1 0 0 0 1 1
137115625 0 0 5 0 0 0 1 0 0 1 0 0 0 0 0 1 0 0
137867015 0 0 1 0 1 1 0 0 0 1 0 0 0 1 0 0 1 0
138096405 0 2 1 0 0 0 0 0 0 2 0 1 0 0 0 1 0 0
138759375 0 1 5 0 0 0 0 2 0 0 0 1 0 0 0 0 0 0
138898037 0 0 0 0 0 0 0 1 0 0 1 1 0 1 1 0 0 0
139713475 0 0 2 0 1 0 0 0 0 0 0 0 1 0 1 0 1 0
140227955 0 0 1 2 0 0 0 0 0 0 0 0 1 0 0 1 1 0
140488673 0 0 0 0 0 1 0 0 0 1 0 1 0 1 0 0 0 1
140981267 0 0 0 1 0 0 0 0 0 1 0 0 1 0 1 0 0 1
141561175 0 0 2 1 0 0 0 0 0 0 0 0 0 1 0 1 0 1
141578125 0 0 6 0 0 1 1 0 0 0 0 1 0 0 0 0 0 0
141968750 1 0 6 1 1 0 0 0 0 0 0 0 1 0 0 0 0 0
143157875 0 0 3 1 0 0 0 1 0 0 0 0 0 0 1 0 1 0
144084325 0 0 2 1 1 0 0 0 0 2 0 0 0 0 0 1 0 0
144135500 2 0 3 0 0 0 0 0 0 0 0 1 0 0 1 1 0 0
144859750 1 0 3 1 0 0 0 0 1 0 0 0 1 1 0 0 0 0
145257375 0 1 3 0 0 0 0 2 0 1 1 0 0 0 0 0 0 0
146265625 0 0 6 0 1 0 0 0 1 0 1 0 0 0 0 0 0 0
146656250 1 0 6 0 0 1 0 2 0 0 0 0 0 0 0 0 0 0
146794375 0 0 4 1 0 1 0 0 0 1 0 0 0 0 0 1 0 0
147684375 0 2 5 0 0 0 0 0 0 0 0 0 1 0 0 1 0 0
147696250 1 0 4 0 0 1 0 0 0 0 0 0 0 1 0 0 0 1
147990525 0 1 2 0 0 0 1 1 0 0 0 1 0 0 0 0 0 1
148491165 0 1 1 0 0 0 0 0 0 2 0 0 0 0 1 0 0 1
149915605 0 0 1 1 0 0 1 1 0 0 0 0 0 0 0 1 0 1
149952823 0 0 0 0 0 0 0 0 0 2 1 0 0 1 1 0 0 0
150583875 0 1 3 0 0 1 1 0 1 0 0 0 0 0 1 0 0 0
150639125 0 0 3 1 0 1 1 1 0 0 0 1 0 0 0 0 0 0
150752777 0 0 0 1 0 0 0 0 0 0 0 1 0 1 1 0 1 0
150899055 0 1 1 0 0 0 1 0 0 0 0 0 0 1 0 1 1 0
151329395 0 0 1 2 0 0 0 2 0 1 0 0 1 0 0 0 0 0
151543093 0 0 0 0 0 1 0 0 0 0 0 1 1 1 1 0 0 0
151584375 0 1 5 0 0 0 0 1 1 0 1 0 0 0 0 0 0 0
152063175 0 1 2 0 1 0 0 1 0 0 0 0 0 0 0 1 1 0
153004435 0 0 1 0 0 0 0 2 0 1 1 0 0 0 1 0 0 0
153935625 0 1 4 0 0 0 0 1 0 1 0 0 0 0 0 0 0 1
154392675 0 1 2 0 0 0 0 0 1 0 1 1 1 0 0 0 0 0
154424855 0 0 1 0 0 1 1 0 0 1 0 0 0 1 1 0 0 0
154488425 0 0 2 2 0 1 0 0 0 0 0 0 0 0 0 1 1 0
154838125 0 0 4 0 0 1 1 1 0 0 0 0 1 0 0 0 0 0
154914375 0 1 4 1 1 0 0 0 0 1 1 0 0 0 0 0 0 0
155555565 0 1 1 0 1 0 0 1 0 2 0 0 1 0 0 0 0 0
156319625 0 0 3 1 1 0 0 0 0 0 0 0 0 0 0 0 1 1
156401035 0 0 1 1 0 0 0 0 1 0 1 0 1 0 0 1 0 0
158234375 0 0 6 0 0 1 0 1 0 0 0 1 0 0 0 0 0 0
158999390 1 0 1 0 1 0 0 0 0 0 0 0 0 0 0 1 1 1
159131555 0 0 1 0 1 0 0 1 0 1 0 0 1 0 0 1 0 0
159593525 0 0 2 1 0 1 0 0 0 1 0 1 1 0 0 0 0 0
160419375 0 2 4 0 0 0 0 2 0 0 0 0 0 0 1 0 0 0
161456250 1 1 5 0 0 0 0 0 0 0 0 0 0 0 1 0 1 0
163945265 0 0 1 0 1 0 0 0 1 1 0 1 0 0 0 0 1 0
164665625 0 0 5 0 0 0 0 0 1 1 0 0 0 0 1 0 0 0
164846150 1 0 2 1 0 0 0 0 0 1 0 0 0 0 0 0 1 1
165003475 0 0 2 1 0 1 0 0 0 1 0 1 0 1 0 0 0 0
166062875 0 0 3 0 1 0 0 0 1 0 0 0 1 0 0 1 0 0
167028875 0 0 3 0 0 1 0 0 1 0 0 1 0 0 0 0 1 0
167287515 0 1 1 0 0 0 0 0 0 2 0 0 0 0 0 1 0 1
168056653 0 0 0 0 0 0 0 1 1 1 0 0 0 0 0 1 0 1
169534435 0 0 1 1 0 0 0 1 0 1 0 0 1 0 0 0 0 1
170062815 0 1 1 0 0 1 1 0 0 2 0 0 0 1 0 0 0 0
170213875 0 0 3 0 0 1 0 1 0 0 1 0 0 0 0 0 0 1
170562982 1 0 0 0 0 0 0 0 0 0 0 0 1 0 0 1 1 1
171084375 0 2 5 1 1 0 0 0 0 0 0 0 0 0 1 0 0 0
171879375 0 1 4 0 0 0 0 0 0 2 0 0 0 0 0 0 1 0
172715625 0 3 5 0 0 0 0 0 1 0 0 0 0 0 0 1 0 0
175310625 0 1 4 1 0 0 0 2 0 0 1 0 0 0 0 0 0 0
177692483 0 0 0 0 0 0 1 0 0 1 0 1 1 0 0 0 0 1
178691975 0 0 2 2 1 0 0 0 0 0 0 0 0 0 0 1 0 1
178783985 0 0 1 0 0 0 1 0 0 2 0 1 0 1 0 0 0 0
179386315 0 0 1 0 0 0 0 2 1 1 0 0 0 0 0 0 0 1
179759375 0 0 5 0 0 0 0 0 1 0 0 1 0 1 0 0 0 0
180287635 0 0 1 0 1 0 1 0 0 1 0 0 0 1 0 0 1 0
180462095 0 0 1 0 1 0 0 2 0 0 0 0 0 1 0 0 0 1
181059731 0 0 0 0 0 0 0 0 0 2 0 1 1 0 0 1 0 0
181284985 0 0 1 1 0 0 0 1 0 0 0 1 0 1 0 0 1 0
181989125 0 0 3 0 0 0 0 2 0 0 1 0 0 0 0 0 1 0
182375055 0 2 1 0 0 0 0 0 0 2 0 0 0 1 1 0 0 0
182541225 0 1 2 0 0 0 0 0 1 1 0 1 0 0 0 1 0 0
183551875 0 0 4 0 0 1 0 1 0 1 0 1 0 0 0 0 0 0
183596875 0 0 5 2 1 0 0 0 0 0 0 0 0 0 0 0 1 0
183635925 0 1 2 0 1 0 0 0 0 0 0 1 0 1 0 1 0 0
184559375 0 0 5 1 1 1 0 0 0 0 0 0 1 0 0 0 0 0
185012500 2 0 5 0 0 0 0 2 0 0 0 1 0 0 0 0 0 0
186365475 0 3 2 0 0 0 1 0 0 0 0 0 0 0 0 0 1 1
187066875 0 1 4 0 0 0 0 1 0 0 0 0 1 0 0 1 0 0
187336955 0 0 1 0 0 1 0 0 1 2 0 0 0 0 0 0 0 1
187762855 0 0 1 2 0 0 0 0 0 0 0 0 0 0 1 1 1 0
189046875 0 1 6 0 0 0 0 0 0 0 1 0 0 0 0 0 1 0
189509375 0 0 5 0 1 0 0 0 0 0 1 0 0 0 0 0 0 1
189776085 0 1 1 0 0 0 0 1 0 0 0 1 0 0 0 0 1 1
190273125 0 1 4 2 0 0 0 1 0 0 0 0 0 0 0 0 1 0
190984475 0 0 2 0 1 0 0 0 0 0 0 0 1 0 1 0 0 1
192861875 0 0 4 0 0 0 0 1 0 0 0 0 0 0 0 0 1 1
194531101 0 0 0 0 0 0 0 1 0 1 0 1 0 0 1 0 1 0
195599750 1 0 3 0 0 0 0 0 0 0 0 0 1 0 0 1 0 1
196306275 0 1 2 0 1 0 0 0 0 0 1 0 1 0 0 0 1 0
196801250 1 0 4 0 0 0 0 0 0 1 0 0 0 1 0 1 0 0
198557125 0 0 3 0 0 1 0 1 0 0 0 0 1 0 0 0 1 0
200083125 0 1 4 0 1 0 0 0 0 0 0 0 0 0 0 1 1 0
200806250 1 0 5 0 0 0 0 2 0 0 0 0 0 0 0 1 0 0
202826995 0 0 1 1 0 0 0 1 1 0 0 0 0 0 0 1 0 1
204359375 0 0 6 0 1 0 0 0 0 1 0 1 0 0 0 0 0 0
205051373 0 0 0 0 0 0 0 0 0 1 1 1 1 0 1 0 0 0
205279762 1 0 0 0 0 0 0 2 0 0 0 0 1 1 1 0 0 0
205952775 0 1 2 1 0 0 0 0 0 0 0 0 1 1 0 0 1 0
206274855 0 1 1 0 0 0 1 0 0 0 0 0 0 1 0 1 0 1
206962383 0 1 0 0 0 0 0 2 0 0 0 1 1 0 1 0 0 0
207536875 0 0 4 1 0 1 0 0 0 0 0 1 0 0 0 1 0 0
207948125 0 0 4 1 1 0 0 0 0 1 0 0 0 0 0 0 0 1
208120715 0 0 1 0 1 0 1 0 0 0 0 1 0 1 0 1 0 0
208197725 0 0 2 0 0 0 1 2 1 0 0 0 1 0 0 0 0 0
209674141 0 0 0 0 0 0 1 0 1 0 0 0 1 1 0 0 0 1
210454475 0 0 2 1 1 0 1 0 0 0 0 0 1 0 0 0 1 0
210593302 1 0 0 0 0 0 0 1 0 1 0 1 1 0 1 0 0 0
210901007 0 0 0 0 0 0 0 1 1 0 0 1 0 0 1 0 0 1
212031250 1 0 7 0 0 0 0 0 1 0 0 0 1 0 0 0 0 0
212920175 0 0 2 0 0 1 0 1 0 2 0 1 0 0 0 0 0 0
213163125 0 1 4 1 0 0 0 0 0 0 0 0 0 0 0 0 1 1
213785297 0 0 0 0 1 0 0 0 0 0 1 0 0 1 1 0 1 0
215490275 0 0 2 1 1 1 0 0 0 0 0 0 0 0 1 0 1 0
215594555 0 0 1 0 1 0 0 0 0 2 0 0 1 0 1 0 0 0
216588125 0 0 4 0 0 1 0 1 1 0 0 0 0 1 0 0 0 0
218421175 0 0 2 2 0 0 0 0 0 0 1 0 0 1 1 0 0 0
219221875 0 0 5 0 0 0 0 0 0 1 0 1 1 0 0 0 0 0
219294375 0 1 4 0 0 0 0 0 0 1 1 0 0 0 0 0 1 0
220909675 0 0 2 1 0 0 0 1 0 2 0 0 0 0 1 0 0 0
222017413 0 0 0 0 0 0 0 1 1 0 0 0 1 0 1 0 1 0
222151325 0 0 2 0 1 0 1 1 0 0 0 1 0 1 0 0 0 0
222453275 0 0 2 0 1 0 0 0 0 0 0 0 0 1 0 1 0 1
222587375 0 0 3 0 0 0 1 1 0 0 1 0 0 0 0 0 0 1
223719775 0 0 2 0 0 0 0 1 0 1 0 0 0 0 0 0 1 1
225880275 0 1 2 0 0 0 1 0 0 1 0 1 0 0 0 0 0 1
226301875 0 0 4 0 0 0 1 2 0 0 0 0 1 0 0 0 0 0
226805375 0 0 3 0 0 0 0 1 0 1 1 0 0 0 0 1 0 0
227633965 0 0 1 0 0 1 0 2 0 0 0 0 0 0 0 1 1 0
236184375 0 1 5 1 0 0 0 0 0 0 0 0 1 1 0 0 0 0
237129375 0 1 4 2 0 0 0 0 0 1 0 0 0 0 0 1 0 0
238631695 0 0 1 0 0 0 0 0 0 0 0 0 1 1 0 1 0 1
238879495 0 0 1 0 0 0 1 1 1 0 0 0 1 0 0 0 1 0
239159375 0 0 5 1 0 1 0 0 0 2 0 0 0 0 0 0 0 0
241584875 0 0 3 1 0 0 1 0 0 0 0 0 0 0 0 0 1 1
242184375 0 2 5 0 0 0 0 0 0 0 0 0 0 0 1 0 1 0
243001875 0 1 4 0 0 0 0 0 0 1 0 1 0 0 0 0 1 0
243895675 0 0 2 0 0 0 0 0 0 0 1 1 1 0 0 0 1 0
244345845 0 1 1 0 0 0 1 0 0 0 0 0 1 0 0 0 1 1
246261575 0 0 2 1 0 0 1 0 1 0 0 0 1 1 0 0 0 0
247858325 0 0 2 0 1 1 0 1 0 0 0 1 0 0 0 1 0 0
248556883 0 0 0 0 0 0 0 0 1 1 0 1 0 1 0 0 0 1
248780875 0 0 3 1 0 0 0 0 0 0 0 0 1 1 1 0 0 0
249671875 0 0 6 0 0 0 0 1 0 2 0 0 0 0 0 0 0 0
249969850 1 0 2 0 0 1 0 0 0 1 0 0 0 0 0 1 0 1
250468157 0 0 0 0 0 0 1 0 0 1 0 0 1 0 1 0 1 0
257150075 0 0 2 1 0 1 1 0 0 0 0 0 0 1 0 0 1 0
257915625 0 1 5 0 1 0 0 0 0 0 0 1 0 1 0 0 0 0
257984375 0 0 6 0 1 0 0 1 0 0 0 0 0 0 1 0 0 0
258190625 0 0 5 1 1 0 0 0 0 1 1 0 0 0 0 0 0 0
259259275 0 0 2 0 1 0 0 1 0 2 0 0 1 0 0 0 0 0
260433375 0 1 3 0 0 0 0 0 0 0 0 0 1 0 1 0 0 1
261308750 1 0 4 0 0 0 0 0 1 0 0 0 0 1 0 0 0 1
261822353 0 0 0 0 0 1 0 0 0 1 0 0 1 0 1 0 0 1
262654575 0 1 2 0 0 0 0 2 0 0 0 0 0 0 0 1 1 0
262899325 0 0 2 0 0 1 0 0 0 0 0 0 0 1 0 1 0 1
265650875 0 0 3 1 0 0 0 2 0 2 0 0 0 0 0 0 0 0
267142845 0 1 1 0 0 0 1 0 0 0 0 0 0 0 1 1 0 1
268056875 0 0 4 0 0 0 0 0 0 0 0 0 0 1 1 1 0 0
268268125 0 0 4 0 0 0 0 2 0 1 0 1 0 0 0 0 0 0
269457125 0 0 3 2 0 0 0 0 0 1 1 1 0 0 0 0 0 0
269503125 0 1 5 0 0 0 1 1 0 0 0 0 0 0 0 1 0 0
269861350 1 0 2 0 1 0 0 0 0 0 1 0 0 0 0 1 0 1
270475975 0 0 2 1 1 0 0 0 1 0 0 1 0 0 0 0 0 1
270790117 0 0 0 0 0 1 0 0 0 0 0 1 1 0 1 0 1 0
273426827 0 0 0 0 0 0 1 0 0 0 0 1 1 1 0 0 1 0
275767275 0 1 2 1 0 0 0 0 0 0 0 0 0 1 1 0 1 0
277632465 0 1 1 0 1 0 0 2 0 0 0 0 1 0 1 0 0 0
278518055 0 0 1 0 0 0 1 1 0 0 1 0 1 0 1 0 0 0
279969443 0 0 0 0 0 1 0 0 0 0 0 1 0 1 1 0 1 0
281862555 0 1 1 0 0 1 0 0 0 0 0 0 0 0 0 1 1 1
282127775 0 0 2 0 0 0 0 0 1 0 1 0 0 0 0 1 0 1
282172987 0 0 0 0 0 0 1 0 0 1 0 0 1 0 0 1 1 0
284051075 0 0 2 1 1 0 0 0 0 0 0 1 1 1 0 0 0 0
284331187 0 0 0 1 0 0 0 0 0 0 0 1 0 1 0 0 1 1
289871875 0 0 5 0 0 0 0 0 1 0 1 0 0 0 0 0 1 0
293137075 0 0 2 1 1 0 0 0 0 1 0 0 1 0 0 1 0 0
293534375 0 0 5 0 0 0 0 0 0 1 0 1 0 0 1 0 0 0
293992575 0 1 2 0 0 0 0 0 0 2 0 0 1 0 1 0 0 0
294458675 0 0 2 1 0 0 0 2 0 0 0 0 1 0 1 0 0 0
295201875 0 1 4 0 0 0 0 0 0 1 0 0 0 1 0 1 0 0
295474301 0 0 0 0 0 0 0 1 0 1 0 0 1 1 0 0 0 1
296287675 0 0 2 0 0 0 0 0 0 0 1 0 1 1 0 1 0 0
296993750 1 0 5 0 0 0 0 1 0 0 0 1 0 1 0 0 0 0
300036125 0 0 3 0 0 0 0 2 0 0 0 0 0 1 0 0 1 0
302102715 0 1 1 0 0 0 0 0 0 1 0 0 1 0 1 0 0 1
308709375 0 1 5 0 0 1 1 0 0 0 0 0 0 0 0 0 0 1
309491875 0 0 4 1 1 0 0 0 0 0 0 0 1 0 0 0 1 0
312148750 1 0 4 0 0 0 0 0 0 1 0 0 0 0 1 0 1 0
312434375 0 0 5 0 1 0 0 0 0 0 0 0 0 1 0 0 0 1
313840175 0 0 2 0 1 0 0 0 1 2 0 0 1 0 0 0 0 0
314000115 0 1 1 0 1 1 1 0 0 0 0 0 0 0 1 0 1 0
316551875 0 0 4 0 0 0 0 2 1 0 0 0 0 1 0 0 0 0
316751650 1 0 2 0 0 0 1 0 0 0 0 1 0 1 0 0 0 1
317273875 0 0 3 0 0 0 0 2 0 0 0 0 0 0 1 1 0 0
318046875 0 1 7 0 0 0 0 0 1 0 0 0 1 0 0 0 0 0
320728545 0 3 1 0 0 0 1 0 0 1 0 0 0 1 1 0 0 0
322216535 0 0 1 0 0 0 0 1 0 2 1 0 0 0 0 0 1 0
322465055 0 0 1 0 1 0 0 2 0 0 0 0 0 0 0 0 1 1
323259375 0 1 5 0 0 0 0 0 0 2 0 1 0 0 0 0 0 0
326852625 0 1 3 0 1 0 1 0 0 0 0 0 1 0 1 0 0 0
327174945 0 1 1 0 0 0 1 0 0 0 0 0 0 0 1 0 1 1
327243833 0 0 0 1 0 0 0 0 0 0 0 0 0 1 1 1 1 0
328279333 0 0 0 0 0 0 1 0 0 1 0 1 0 0 0 0 1 1
328343750 1 0 6 1 0 0 0 1 0 0 0 0 0 0 1 0 0 0
332519575 0 0 2 0 0 0 1 0 0 0 0 0 1 0 0 1 0 1
332729615 0 0 1 0 0 0 0 1 1 1 0 0 1 0 0 1 0 0
335606095 0 0 1 0 1 0 1 0 0 0 1 0 0 0 0 1 1 0
337885625 0 0 4 2 1 0 1 0 0 0 0 0 1 0 0 0 0 0
338868683 0 0 0 0 0 0 0 0 1 1 0 0 1 0 1 0 1 0
342233925 0 1 2 0 1 0 0 0 0 0 0 0 1 0 1 1 0 0
343363625 0 0 3 0 1 0 0 0 0 1 0 0 0 0 1 0 1 0
344596875 0 1 5 1 0 0 0 0 0 0 0 0 1 0 0 1 0 0
344862375 0 1 3 0 1 1 0 0 0 0 0 0 1 0 0 0 1 0
345973375 0 0 3 0 1 0 1 2 0 0 0 1 0 0 0 0 0 0
347143775 0 0 2 0 1 0 0 1 0 2 0 0 0 0 1 0 0 0
351661250 1 0 4 0 0 0 0 0 0 1 0 0 0 0 0 1 1 0
355029455 0 0 1 0 1 0 0 0 0 1 0 1 0 1 0 1 0 0
355416413 0 0 0 0 1 0 0 2 0 0 1 1 1 0 0 0 0 0
355726325 0 0 2 0 0 0 0 0 0 1 1 0 0 0 0 1 0 1
359010575 0 0 2 1 1 0 0 0 0 1 0 0 1 0 0 0 1 0
360453125 0 0 6 0 0 0 1 0 1 0 0 0 1 0 0 0 0 0
361178125 0 0 5 1 1 0 0 1 0 0 0 0 0 0 1 0 0 0
361193135 0 0 1 0 0 0 1 2 0 0 0 0 0 0 1 0 0 1
362264375 0 0 4 0 1 0 0 0 1 1 0 0 0 0 1 0 0 0
362547625 0 0 3 0 1 0 0 0 0 0 0 1 1 0 0 0 1 0
362648567 0 0 0 0 0 0 0 0 1 1 0 1 0 0 0 1 0 1
367939617 0 1 0 0 0 0 0 1 0 1 0 1 0 1 0 1 0 0
372390595 0 0 1 0 0 0 0 1 0 2 0 0 1 0 1 0 0 0
372794275 0 0 2 1 0 0 1 0 0 2 0 0 0 0 0 0 0 1
373766947 0 0 0 0 0 0 1 0 0 0 0 1 1 1 0 0 0 1
375821875 0 0 5 0 1 1 0 0 0 2 0 0 0 0 0 0 0 0
377329835 0 0 1 0 0 0 0 2 1 0 0 0 0 1 0 0 0 1
381763453 0 0 0 0 0 0 0 0 1 1 0 0 1 0 0 1 1 0
383884375 0 0 5 2 0 0 0 0 1 0 0 0 0 0 0 0 1 0
384028875 0 2 3 0 0 0 0 0 0 1 0 0 0 0 1 0 0 1
384237475 0 0 2 0 0 0 0 1 0 0 0 0 0 1 0 1 0 1
384631250 1 0 5 0 0 0 0 1 0 0 0 1 0 0 1 0 0 0
384644650 1 0 2 0 0 1 0 0 0 0 0 0 0 1 0 1 1 0
386280375 0 1 3 0 0 1 1 0 0 0 0 0 1 0 1 0 0 0
387921875 0 0 6 0 1 0 0 0 0 0 1 0 0 1 0 0 0 0
391884975 0 2 2 0 0 0 0 1 0 2 0 0 0 0 0 0 1 0
391934375 0 0 5 1 0 0 0 1 1 0 0 1 0 0 0 0 0 0
394053595 0 0 1 0 0 1 0 0 1 1 0 0 0 1 0 0 0 1
397498475 0 0 2 0 1 0 0 0 0 0 0 0 0 0 0 1 1 1
397769655 0 1 1 0 0 0 1 2 0 1 0 0 0 0 0 0 0 1
398864625 0 1 3 0 0 0 1 1 0 0 1 0 0 0 0 1 0 0
401784125 0 0 3 0 0 0 0 0 1 1 0 0 0 1 1 0 0 0
402737015 0 0 1 0 0 0 0 2 1 0 0 0 0 0 0 1 1 0
402882857 0 0 0 0 0 1 0 0 0 0 0 0 1 1 1 0 1 0
404460500 2 0 3 0 0 0 0 0 0 0 0 0 0 1 0 1 0 1
405157425 0 1 2 0 0 0 0 1 0 0 0 0 1 1 1 0 0 0
407927050 1 0 2 0 0 0 0 0 0 2 0 0 0 0 0 1 1 0
411986557 0 0 0 0 0 0 0 2 1 2 0 0 1 0 0 0 0 0
413220955 0 0 1 1 0 0 1 0 0 0 0 0 1 0 1 0 0 1
415644675 0 1 2 0 0 0 0 0 0 1 0 1 1 0 1 0 0 0
416987675 0 0 2 0 0 1 0 0 0 0 0 0 0 0 1 0 1 1
418741703 0 0 0 0 0 0 0 1 1 0 0 0 1 0 0 0 1 1
423066875 0 0 4 1 1 0 0 0 0 0 0 0 1 0 0 0 0 1
424652375 0 0 3 2 0 0 0 1 0 0 0 1 0 0 0 1 0 0
426046875 0 1 6 0 0 0 0 0 0 0 0 0 0 1 0 0 0 1
434430875 0 0 3 0 0 0 0 0 0 1 1 1 0 0 1 0 0 0
436489375 0 0 4 1 0 0 0 1 0 0 0 0 1 0 0 1 0 0
438451125 0 1 3 1 0 0 0 1 0 0 0 0 1 0 0 0 0 1
438792250 1 0 3 0 0 1 0 0 0 0 1 1 0 0 0 1 0 0
440461135 0 0 1 0 0 0 0 1 0 2 1 0 0 0 0 0 0 1
442810865 0 0 1 1 0 0 0 1 0 0 0 1 0 0 0 0 1 1
447584375 0 0 5 2 0 0 0 0 0 0 1 0 0 0 1 0 0 0
447594875 0 0 3 1 0 1 0 2 0 0 0 0 0 0 0 0 1 0
453521750 1 0 3 0 1 0 1 0 0 0 0 0 0 0 0 1 1 0
454484375 0 0 6 0 0 0 1 0 0 1 0 0 1 0 0 0 0 0
455406250 1 0 6 0 0 1 0 1 0 0 0 0 1 0 0 0 0 0
457252541 0 0 0 0 0 0 0 0 0 2 0 1 0 0 0 1 0 1
457370375 0 0 3 1 1 0 0 1 0 0 0 1 0 1 0 0 0 0
457493375 0 0 3 0 0 0 1 0 0 0 0 1 1 0 0 1 0 0
459146875 0 0 5 0 1 0 0 2 0 0 1 0 0 0 0 0 0 0
459265625 0 0 6 1 0 1 1 1 0 0 0 0 0 0 0 0 0 0
465159375 0 3 5 0 0 0 0 0 0 0 1 0 0 0 0 0 0 1
465853125 0 1 5 0 0 0 1 0 0 0 1 0 0 0 1 0 0 0
468223125 0 1 4 0 0 0 0 0 0 1 0 0 0 0 1 0 1 0
472401967 0 0 0 0 0 0 1 0 0 1 0 0 1 0 0 0 1 1
474136375 0 0 3 0 0 0 1 0 1 0 0 0 0 0 0 1 1 0
476814375 0 2 4 0 0 0 0 0 0 1 1 0 0 0 1 0 0 0
479407845 0 1 1 1 0 0 0 0 0 2 0 0 0 1 0 1 0 0
487214625 0 1 3 0 0 0 0 2 0 0 0 0 1 1 0 0 0 0
488796875 0 0 6 1 0 0 0 0 0 0 0 1 0 0 0 0 1 0
490633675 0 0 2 1 0 0 0 1 0 0 0 1 1 1 0 0 0 0
492579845 0 0 1 0 0 0 1 1 1 0 0 0 0 0 0 1 0 1
493048875 0 1 3 0 1 0 1 0 0 0 0 0 0 0 1 1 0 0
496943575 0 0 2 0 0 0 1 2 0 0 0 1 0 0 1 0 0 0
497486415 0 1 1 0 0 0 0 0 0 0 0 1 0 1 0 1 0 1
498789375 0 1 4 2 0 0 0 0 0 0 0 0 0 1 0 1 0 0
499282133 0 0 0 1 0 0 0 2 0 0 0 1 0 1 1 0 0 0
499766595 0 1 1 0 0 0 1 2 0 0 0 0 0 1 0 1 0 0
502491613 0 0 0 0 0 1 0 1 0 2 0 1 1 0 0 0 0 0
504501110 1 0 1 0 0 0 0 2 0 1 0 0 0 1 1 0 0 0
505016875 0 0 4 0 1 0 1 0 0 1 0 0 0 0 0 0 0 1
505353125 0 0 5 0 0 0 0 0 1 0 0 0 0 0 1 1 0 0
506327675 0 0 2 1 0 0 0 1 0 1 0 0 1 0 0 1 0 0
508784375 0 0 5 0 1 0 0 2 0 0 0 1 0 0 0 0 0 0
511174793 0 0 0 0 0 0 0 0 1 1 0 0 0 0 1 1 1 0
511923950 1 0 2 0 0 0 0 0 0 1 0 1 0 0 1 0 1 0
513734375 0 0 6 2 1 0 0 0 0 0 0 0 0 1 0 0 0 0
514586875 0 0 4 0 1 0 0 0 0 2 0 0 0 0 0 1 0 0
515074595 0 0 1 1 0 0 0 0 0 0 1 1 0 0 0 1 1 0
515300855 0 0 1 0 0 0 1 0 1 1 0 0 0 1 0 0 0 1
526846813 0 0 0 0 0 0 1 0 0 0 0 0 1 1 1 0 1 0
531221855 0 0 1 0 0 0 0 1 0 2 0 0 0 1 0 0 1 0
531462500 2 0 5 0 0 0 1 0 0 0 0 1 0 1 0 0 0 0
544467605 0 0 1 0 1 0 0 0 0 2 0 0 0 0 1 0 0 1
545681250 1 2 5 0 0 0 0 0 0 0 0 0 0 0 0 1 1 0
547857653 0 0 0 1 0 0 0 0 0 0 0 0 0 1 1 0 1 1
556472500 2 0 4 0 0 0 0 0 0 0 0 1 0 1 0 1 0 0
556703125 0 0 6 0 1 0 0 0 0 0 0 1 0 0 1 0 0 0
559625325 0 1 2 2 0 0 0 0 0 1 0 0 1 0 0 1 0 0
561009375 0 3 5 0 0 0 0 0 0 0 0 0 0 1 0 0 1 0
562851575 0 0 2 0 1 1 0 0 0 1 0 0 0 1 0 1 0 0
563116345 0 0 1 0 1 0 0 0 0 1 0 1 0 0 1 0 1 0
566056075 0 0 2 0 0 1 0 1 0 2 0 0 0 0 0 0 1 0
566780925 0 1 2 0 0 0 0 1 0 0 0 1 0 0 0 1 1 0
569091875 0 0 4 0 1 0 0 0 1 0 0 0 1 1 0 0 0 0
570952355 0 0 1 0 0 0 0 0 0 0 0 0 0 0 1 1 1 1
573288675 0 1 2 0 0 0 0 0 0 2 0 0 0 1 0 0 0 1
574770625 0 0 4 0 1 1 0 0 0 0 0 0 1 0 0 0 1 0
575085635 0 0 1 0 0 0 0 2 0 0 1 0 0 0 1 0 1 0
577509875 0 0 3 0 0 0 0 0 1 0 1 0 0 1 0 1 0 0
588297743 0 0 0 0 1 0 0 0 0 0 1 0 0 0 0 1 1 1
589467095 0 0 1 1 0 0 1 0 0 0 0 0 0 1 0 0 1 1
592962500 2 0 5 0 0 1 0 0 0 0 0 1 0 0 0 1 0 0
593924975 0 0 2 1 0 0 0 0 1 0 0 1 1 1 0 0 0 0
596421875 0 0 6 2 0 0 0 1 0 0 0 1 0 0 0 0 0 0
596970437 0 0 0 1 0 0 0 0 0 0 0 0 1 0 0 1 1 1
597609375 0 1 6 0 1 0 0 1 0 0 0 0 0 1 0 0 0 0
598810125 0 1 3 0 0 0 1 0 0 1 0 1 0 0 1 0 0 0
607677875 0 0 3 1 0 0 0 0 0 0 0 0 1 0 1 0 0 1
608148125 0 0 4 0 0 1 0 0 0 2 0 0 0 0 0 1 0 0
611169675 0 1 2 0 0 0 0 1 0 0 0 0 0 1 1 1 0 0
614141207 0 0 0 0 0 0 0 0 0 1 1 0 1 0 0 1 1 0
619324475 0 0 2 2 1 0 0 1 0 0 0 1 1 0 0 0 0 0
625256150 1 0 2 0 0 0 0 0 1 0 0 1 0 0 0 1 0 1
626668250 1 0 3 0 0 1 0 0 0 1 0 0 0 1 0 0 1 0
626795618 1 0 0 0 0 0 0 0 0 2 0 1 0 1 0 0 0 1
626989425 0 1 2 0 0 0 0 0 0 1 0 1 0 0 1 1 0 0
629831195 0 0 1 1 0 0 0 0 1 0 0 0 1 0 0 1 0 1
629872135 0 0 1 0 0 0 0 1 1 0 0 1 0 0 1 1 0 0
631853125 0 0 5 0 0 0 0 0 1 0 0 0 1 0 0 0 0 1
633112775 0 0 2 0 0 0 0 2 0 1 0 1 1 0 0 0 0 0
635734375 0 0 6 0 0 0 0 0 1 1 0 0 0 1 0 0 0 0
641381081 0 0 0 0 1 0 0 1 0 2 0 1 0 0 0 1 0 0
642418750 1 0 5 0 0 0 0 0 1 0 0 1 0 0 0 0 1 0
643456975 0 0 2 2 0 0 0 0 0 0 0 0 0 1 1 0 1 0
643636875 0 1 4 1 0 0 0 1 0 1 0 0 0 0 0 1 0 0
643903875 0 2 3 0 0 0 0 0 0 0 0 0 1 0 0 1 1 0
651181405 0 0 1 1 0 0 0 0 1 0 0 0 0 1 0 1 0 1
652258750 1 0 4 0 1 1 0 0 0 0 0 1 0 0 0 1 0 0
652430075 0 0 2 0 1 0 0 1 1 0 0 0 0 1 0 1 0 0
653335925 0 0 2 0 1 0 1 0 0 1 0 0 0 1 1 0 0 0
657921875 0 0 6 0 0 1 0 0 0 0 0 1 0 0 1 0 0 0
661074645 0 1 1 1 1 0 0 0 0 0 0 0 1 0 0 1 1 0
668156375 0 0 3 0 0 0 0 1 0 1 0 0 0 0 0 1 1 0
669258375 0 1 3 0 0 0 0 1 0 1 0 1 0 0 1 0 0 0
672931875 0 1 4 1 1 0 0 0 0 0 0 0 1 0 1 0 0 0
680534851 0 0 0 0 0 0 0 0 0 1 0 1 1 0 0 1 1 0
681209375 0 0 5 1 1 0 0 1 0 0 0 0 0 0 0 0 0 1
683293750 1 0 5 0 0 0 1 0 0 0 0 0 1 0 0 0 1 0
684418475 0 0 2 0 0 1 0 1 1 0 0 0 0 1 1 0 0 0
687390297 0 1 0 0 1 0 0 0 0 0 0 1 1 0 1 0 1 0
688111125 0 1 3 0 0 1 1 2 1 0 0 0 0 0 0 0 0 0
706265625 0 1 6 0 0 1 0 1 0 0 0 0 0 1 0 0 0 0
710053125 0 1 5 0 0 0 0 0 1 0 1 0 0 0 0 1 0 0
710854125 0 1 3 0 0 0 0 2 0 0 0 0 1 0 0 1 0 0
723419375 0 0 4 1 0 0 0 0 0 0 1 1 0 0 0 0 1 0
724508950 1 0 2 0 1 0 0 2 0 0 0 1 0 0 0 1 0 0
725099375 0 0 4 1 1 1 0 1 0 0 0 0 0 1 0 0 0 0
731940135 0 1 1 0 0 0 0 2 0 1 0 0 1 0 1 0 0 0
734607250 1 0 3 0 0 1 0 0 0 0 1 1 0 0 0 0 0 1
734950875 0 1 3 0 0 0 0 2 0 0 0 0 0 1 0 1 0 0
737802257 0 0 0 0 0 0 0 0 1 0 0 1 1 0 0 1 0 1
738481250 1 0 5 0 0 1 0 0 0 0 0 0 0 1 0 0 0 1
746322375 0 1 3 0 0 0 0 2 0 0 1 0 0 0 0 0 0 1
748434375 0 2 5 0 0 1 0 0 1 0 0 0 0 0 0 1 0 0
748511175 0 1 2 0 0 0 0 1 0 0 0 0 0 1 1 0 1 0
753000875 0 0 3 0 1 0 0 2 0 0 1 1 0 0 0 0 0 0
756765625 0 0 6 1 1 0 1 0 0 0 1 0 0 0 0 0 0 0
760615625 0 0 5 1 1 0 0 0 0 1 0 0 0 0 0 0 1 0
760738625 0 0 3 0 0 0 0 1 0 0 0 0 1 1 0 1 0 0
761699558 1 0 0 0 0 0 0 0 0 1 0 1 1 1 0 1 0 0
763189375 0 0 4 0 0 1 0 0 0 1 0 1 0 0 1 0 0 0
765770027 0 0 0 0 1 0 0 0 1 2 0 0 1 1 0 0 0 0
767202250 1 0 3 0 0 0 0 0 0 2 0 1 0 0 0 1 0 0
768989375 0 0 4 1 1 0 0 1 0 2 0 0 0 0 0 0 0 0
774148255 0 0 1 0 0 0 0 2 0 0 0 0 0 1 1 1 0 0
781353815 0 0 1 0 1 0 0 2 1 1 0 0 1 0 0 0 0 0
782869065 0 1 1 0 1 0 0 1 0 1 0 0 0 0 1 0 1 0
783304355 0 0 1 0 0 0 0 1 0 1 0 0 1 1 1 0 0 0
784242875 0 0 3 0 0 1 0 0 0 0 0 1 0 0 1 0 0 1
790003375 0 0 3 1 0 0 0 2 0 0 0 1 0 1 0 0 0 0
791540342 1 0 0 0 0 0 0 1 0 0 0 1 1 0 1 0 1 0
797988125 0 0 4 0 1 0 0 1 0 0 0 1 0 0 0 0 0 1
798312185 0 0 1 0 1 0 0 0 0 0 1 0 1 1 0 0 1 0
799333297 0 0 0 1 0 0 0 0 0 0 0 0 0 0 1 1 1 1
807281250 1 1 6 0 0 0 0 0 0 0 0 0 0 0 1 0 1 0
807764575 0 0 2 0 0 0 0 2 0 0 1 1 1 0 0 0 0 0
814266375 0 1 3 0 0 1 0 1 0 0 0 0 1 0 0 0 0 1
815263475 0 0 2 0 0 1 1 0 0 0 0 1 1 1 0 0 0 0
825615175 0 0 2 1 1 0 0 0 0 0 0 0 0 1 1 1 0 0
826464375 0 2 4 0 1 0 0 2 0 0 1 0 0 0 0 0 0 0
829144025 0 0 2 0 0 0 0 0 0 0 0 1 0 1 0 1 0 1
832944325 0 0 2 0 0 0 1 2 0 0 0 0 0 1 0 1 0 0
833179541 0 0 0 0 0 0 0 0 0 2 0 0 0 1 0 0 1 1
833618375 0 0 3 0 0 0 1 0 0 0 0 0 1 1 0 0 1 0
834046125 0 1 3 0 1 0 0 0 1 0 0 0 1 0 0 0 0 1
834708750 1 1 4 0 0 0 0 0 0 0 0 1 0 1 0 1 0 0
836066875 0 0 4 1 0 0 0 0 0 0 0 1 1 0 1 0 0 0
838101875 0 0 4 0 0 1 0 1 0 0 0 0 0 1 0 1 0 0
841341475 0 0 2 0 0 1 1 0 0 1 0 0 1 0 0 1 0 0
856237850 1 0 2 0 0 1 0 2 0 0 0 1 0 0 0 1 0 0
859795625 0 0 4 0 0 1 0 0 0 1 0 1 0 0 0 1 0 0
860846875 0 0 5 1 0 0 0 0 1 1 0 0 1 0 0 0 0 0
861466375 0 0 3 1 1 0 0 0 0 0 1 1 1 0 0 0 0 0
863348125 0 0 4 0 0 0 0 1 1 1 0 0 0 0 0 0 1 0
864192875 0 0 3 1 0 1 1 0 0 0 0 1 0 0 0 0 1 0
868111250 1 0 4 0 0 0 0 0 0 0 0 0 1 0 1 0 0 1
868268603 0 0 0 0 0 0 0 0 0 0 1 1 1 0 0 1 1 0
868525625 0 0 4 0 1 0 0 1 0 0 0 0 0 1 0 0 1 0
871112855 0 0 1 0 0 0 0 2 0 0 0 1 0 0 1 0 0 1
874894475 0 0 2 1 0 1 0 0 0 1 0 0 0 0 0 1 0 1
879042635 0 0 1 0 0 0 0 0 1 2 0 0 0 1 0 0 0 1
889443750 1 1 5 0 0 1 0 0 0 0 0 1 0 0 0 1 0 0
890328855 0 1 1 0 0 1 0 0 0 2 0 0 0 1 0 1 0 0
890912625 0 1 3 0 0 0 1 0 0 1 0 0 0 1 1 0 0 0
897315250 1 0 3 0 0 1 1 0 0 0 0 0 0 0 0 0 1 1
897479895 0 1 1 0 0 1 1 0 1 0 0 0 0 0 1 0 0 1
897785625 0 1 4 0 1 0 0 1 0 1 0 0 0 0 1 0 0 0
899308125 0 2 4 0 0 0 0 0 0 1 1 0 0 0 0 0 0 1
909367413 0 1 0 0 0 0 0 0 0 2 0 1 1 0 0 0 0 1
910809137 0 0 0 1 0 0 0 2 0 0 0 1 1 0 0 0 0 1
911393375 0 0 3 0 0 0 1 0 0 0 0 0 0 1 1 1 0 0
913891355 0 0 1 0 0 1 1 2 0 1 0 0 0 0 1 0 0 0
916334375 0 0 5 0 1 0 0 1 1 0 0 0 0 1 0 0 0 0
920783495 0 0 1 0 0 0 1 0 1 1 0 0 0 0 0 0 1 1
927083185 0 0 1 2 0 0 1 0 0 0 0 1 0 1 0 1 0 0
927142815 0 1 1 0 0 0 0 0 0 0 0 0 1 0 1 1 0 1
934231043 0 0 0 0 0 0 0 0 1 0 0 1 0 1 0 0 1 1
937006907 0 0 0 0 0 0 0 2 0 1 1 1 1 0 0 0 0 0
939541850 1 0 2 0 0 1 0 0 0 0 0 0 0 0 0 1 1 1
940751750 1 0 3 0 0 0 0 1 1 0 0 0 0 0 1 0 1 0
951476750 1 0 3 1 0 0 0 0 0 0 0 1 0 0 0 1 0 1
960034375 0 0 5 0 0 0 0 2 1 0 1 0 0 0 0 0 0 0
963066775 0 0 2 0 1 0 0 2 0 0 0 0 0 0 0 1 1 0
977133225 0 1 2 0 0 0 1 0 0 0 0 0 0 0 1 1 1 0
992337225 0 1 2 0 1 0 0 1 0 1 1 0 1 0 0 0 0 0
999086975 0 0 2 0 0 0 0 1 0 2 0 1 0 1 0 0 0 0
