# T276 n=902538000 primes=[2, 3, 5, 7, 13, 19, 29] exps=[4, 2, 3, 1, 1, 1, 1]
2 1 0 0 0 0 0 0
3 0 1 0 0 0 0 0
7 0 0 0 1 0 0 0
13 0 0 0 0 1 0 0
20 2 0 1 0 0 0 0
30 1 1 1 0 0 0 0
38 1 0 0 0 0 1 0
57 0 1 0 0 0 1 0
58 1 0 0 0 0 0 1
87 0 1 0 0 0 0 1
133 0 0 0 1 0 1 0
150 1 1 2 0 0 0 0
200 3 0 2 0 0 0 0
203 0 0 0 1 0 0 1
247 0 0 0 0 1 1 0
377 0 0 0 0 1 0 1
380 2 0 1 0 0 1 0
455 0 0 1 1 1 0 0
551 0 0 0 0 0 1 1
570 1 1 1 0 0 1 0
650 1 0 2 0 1 0 0
870 1 1 1 0 0 0 1
1125 0 2 3 0 0 0 0
1330 1 0 1 1 0 1 0
1500 2 1 3 0 0 0 0
1575 0 2 2 1 0 0 0
1995 0 1 1 1 0 1 0
2000 4 0 3 0 0 0 0
2900 2 0 2 0 0 0 1
3500 2 0 3 1 0 0 0
3800 3 0 2 0 0 1 0
4275 0 2 2 0 0 1 0
5510 1 0 1 0 0 1 1
6650 1 0 2 1 0 1 0
7250 1 0 3 0 0 0 1
8645 0 0 1 1 1 1 0
9500 2 0 3 0 0 1 0
9975 0 1 2 1 0 1 0
21375 0 2 3 0 0 1 0
27550 1 0 2 0 0 1 1
33250 1 0 3 1 0 1 0
43225 0 0 2 1 1 1 0
49875 0 1 3 1 0 1 0
61750 1 0 3 0 1 1 0
65975 0 0 2 1 1 0 1
76125 0 1 3 1 0 0 1
289275 0 1 2 1 0 1 1
322335 0 2 1 0 1 1 1
329875 0 0 3 1 1 0 1
537225 0 1 2 0 1 1 1
