5
7
17
67
97
257
347
431
1031
1201
1367
1543
1709
1877
4099
4561
5009
5471
5923
6373
6827
7283
7741
16411
17299
18211
19121
20029
20939
21851
22769
23669
24593
25523
26399
27329
28219
29129
30047
30949
31859
65537
67723
69911
72089
74279
76463
78643
80831
83009
85193
87383
89561
91753
93937
96137
98297
100483
102667
104849
107033
109229
111409
113591
115769
117959
120157
122321
124513
126691
128873
262147
266837
271517
276191
280871
285553
290233
294919
299603
304279
308989
313637
318319
322999
327689
332393
337049
341729
346417
351097
355777
360457
365129
369821
374501
379177
383869
388541
393241
397897
402581
407257
411937
416621
421303
425987
430663
435343
440023
444713
449399
454079
458747
463433
468109
472793
477497
482179
486833
491527
496211
500881
505559
510241
514933
519611
1048583
1059169
1069777
1080353
1090949
1101533
1112129
1122721
1133317
1143943
1154509
1165079
1175677
1186291
1196857
1207447
1218043
1228631
1239223
1249811
1260401
1271027
1281587
1292177
1302787
1313357
1323967
1334537
1345129
1355741
1366327
1376899
1387499
1398083
1408697
1419263
1429859
1440449
1451039
1461631
1472239
1482809
1493423
1504033
1514587
1525207
1535767
1546357
1556963
1567541
1578133
1588729
1599319
1609901
1620497
1631101
1641709
1652267
1662863
1673447
1684063
1694647
1705241
1715821
1726409
1736993
1747591
1758179
1768771
1779361
1789951
1800541
1811141
1821731
1832329
1842913
1853497
1864087
1874699
1885267
1895869
1906453
1917049
1927631
1938227
1948847
1959407
1969997
1980607
1991177
2001787
2012363
2022971
2033543
2044151
2054729
2065363
2075917
2086501
4194319
4216871
4239419
4261963
4284523
4307057
4329631
4352171
4374739
4397279
4419823
4442357
4464917
4487479
4510021
4532581
4555121
4577669
4600231
4622767
4645309
4667881
4690409
4712957
4735513
4758071
4780637
4803157
4825759
4848269
4870819
4893367
4915961
4938467
4961017
4983581
5006119
5028703
5051209
5073763
5096323
5118871
5141407
5163959
5186509
5209069
5231623
5254157
5276707
5299267
5321837
5344421
5366969
5389481
5412019
5434573
5457113
5479667
5502209
5524759
5547317
5569859
5592407
5614957
5637521
5660059
5682631
5705159
5727707
5750263
5772817
5795369
5817907
5840473
5863009
5885599
5908121
5930657
5953219
5975773
5998339
6020867
6043417
6065963
6088513
6111071
6133607
6156169
6178717
6201259
6223813
6246371
6268939
6291469
6314039
6336559
6359107
6381659
6404227
6426757
6449309
6471877
6494417
6516959
6539513
6562057
6584609
6607163
6629713
6652273
6674809
6697357
6719917
6742459
6765019
6787577
6810119
6832663
6855217
6877763
6900337
6922879
6945437
6967967
6990517
7013057
7035607
7058159
7080713
7103269
7125809
7148357
7170907
7193497
7216009
7238573
7261153
7283657
7306207
7328771
7351313
7373857
7396423
7419007
7441513
7464059
7486607
7509157
7531709
7554277
7576843
7599367
7621909
7644467
7667021
7689557
7712123
7734659
7757207
7779763
7802323
7824881
7847407
7870007
7892513
7915069
7937621
7960157
7982729
8005271
8027807
8050379
8072921
8095459
8118023
8140571
8163107
8185657
8208251
8230769
8253337
8275873
8298427
8321003
8343523
8366069
16777259
16827301
16877383
16927487
16977547
17027623
17077703
17127809
17177873
17227949
17278031
17328121
17378189
17428297
17478359
17528503
17578523
17628601
17678681
17728757
17778869
17828947
17879021
17929099
17979161
18029251
18079343
18129409
18179503
18229573
18279673
18329741
18379811
18429899
18480001
18530059
18580139
18630217
18680317
18730391
18780473
18830573
18880633
18930721
18980783
19030877
19080979
19131029
19181111
19231187
19281277
19331357
19381457
19431523
19481599
19531697
19581767
19631839
19681919
19731997
19782079
19832161
19882243
19932331
19982407
20032483
20082577
20132683
20182727
20232841
20282903
20332979
20383049
20433137
20483213
20533307
20583377
20633489
20683547
20733631
20783713
20833783
20883859
20933947
20984021
21034129
21084187
21134273
21184349
21234427
21284519
21334613
21384673
21434753
21484831
21534967
21584999
21635137
21685163
21735251
21785321
21835447
21885491
21935581
21985643
22035731
22085803
22135907
22185971
22236047
22286141
22336219
22386293
22436383
22486459
22536541
22586633
22636697
22686793
22736869
22786961
22837027
22887101
22937191
22987267
23037349
23087437
23137511
23187587
23237689
23287751
23337869
23387921
23438027
23488093
23538167
23588237
23638327
23688397
23738479
23788591
23838643
23888729
23938801
23988901
24038977
24089047
24139127
24189227
24239317
24289381
24339449
24389531
24439621
24489701
24539777
24589889
24639949
24690019
24740099
24790177
24840313
24890351
24940427
24990517
25040599
25090669
25140761
25190833
25240939
25291003
25341073
25391159
25441249
25491311
25541393
25591507
25641563
25691639
25741717
25791811
25841911
25891963
25942093
25992137
26042213
26092291
26142371
26192459
26242561
26292631
26342689
26392771
26442883
26492933
26543029
26593093
26643191
26693273
26743349
26793449
26843503
26893597
26943673
26993761
27043823
27093947
27144001
27194107
27244153
27294247
27344311
27394439
27444481
27494557
27544633
27594727
27644797
27694883
27744961
27795041
27845119
27895199
27945283
27995381
28045447
28095523
28145609
28195697
28245779
28295867
28345943
28396019
28446109
28496191
28546253
28596389
28646417
28696511
28746583
28796671
28846757
28896827
28946917
28996993
29047063
29097181
29147227
29197331
29247389
29297483
29347553
29397637
29447729
29497813
29547877
29597959
29648039
29698139
29748233
29798287
29848361
29898487
29948533
29998603
30048713
30098773
30148847
30198941
30249019
30299089
30349171
30399269
30449357
30499423
30549553
30599587
30649667
30699737
30749819
30799919
30850007
30900059
30950141
31000237
31050307
31100389
31150507
31200551
31250663
31300729
31350797
31400869
31450961
31501037
31551137
31601203
31651307
31701403
31751441
31801541
31851613
31901699
31951771
32001911
32051933
32102003
32152103
32202167
32252251
32302343
32352443
32402501
32452571
32502653
32552743
32602813
32652899
32702983
32753059
32803151
32853229
32903303
32953387
33003461
33053557
33103649
33153709
33203813
33253877
33303961
33354049
33404113
33454199
33504281
67108879
67215389
67321909
67428461
67535009
67641479
67747997
67854539
67961051
68067569
68174107
68280607
68387173
68493653
68600177
68706697
68813249
68919757
69026263
69132841
69239309
69345833
69452351
69558871
69665399
69771937
69878437
69984973
70091491
70198019
70304557
70411049
70517617
70624109
70730641
70837159
70943681
71050183
71156737
71263271
71369761
71476283
71582857
71689327
71795849
71902357
72008887
72115399
72221921
72328447
72434983
72541489
72648019
72754567
72861053
72967597
73074097
73180619
73287157
73393669
73500187
73606721
73713239
73819771
73926287
74032813
74139347
74245861
74352361
74458897
74565419
74671931
74778449
74884991
74991541
75098029
75204589
75311063
75417583
75524167
75630677
75737149
75843683
75950213
76056727
76163239
76269757
76376327
76482803
76589327
76695851
76802387
76908911
77015461
77121937
77228513
77334991
77441501
77548021
77654579
77761067
77867593
77974109
78080663
78187157
78293701
78400199
78506719
78613261
78719779
78826303
78932827
79039333
79145851
79252373
79358899
79465433
79571953
79678471
79784989
79891507
79998047
80104553
80211073
80317597
80424119
80530643
80637199
80743681
80850227
80956727
81063251
81169789
81276311
81382813
81489337
81595859
81702407
81808901
81915437
82021949
82128467
82234991
82341533
82448033
82554559
82661081
82767637
82874153
82980643
83087167
83193697
83300213
83406731
83513273
83619791
83726303
83832821
83939363
84045869
84152389
84258907
84365467
84471953
84578477
84685009
84791519
84898043
85004567
85111097
85217609
85324133
85430677
85537181
85643693
85750219
85856773
85963301
86069803
86176303
86282831
86389349
86495869
86602427
86708929
86815457
86921971
87028583
87135011
87241573
87348061
87454573
87561109
87667633
87774143
87880679
87987181
88093729
88200241
88306759
88413301
88519789
88626313
88732883
88839367
88945877
89052419
89158933
89265443
89371979
89478503
89585017
89691583
89798053
89904623
90011101
90117619
90224177
90330661
90437183
90543707
90650237
90756751
90863273
90969793
91076317
91182841
91289399
91395971
91502407
91608943
91715447
91821971
91928533
92035039
92141563
92248081
92354579
92461129
92567689
92674171
92780671
92887189
92993711
93100243
93206779
93313291
93419891
93526327
93632843
93739367
93845893
93952427
94058933
94165469
94272007
94378513
94485047
94591547
94698067
94804601
94911107
95017639
95124157
95230673
95337199
95443717
95550269
95656763
95763337
95869811
95976347
96082849
96189377
96295907
96402421
96508963
96615461
96721981
96828517
96935057
97041619
97148089
97254607
97361123
97467649
97574161
97680679
97787219
97893737
98000261
98106769
98213317
98319833
98426347
98532859
98639381
98745937
98852431
98958947
99065497
99171997
99278527
99385051
99491591
99598097
99704617
99811121
99917647
100024181
100130711
100237223
100343729
100450267
100556801
100663319
100769827
100876361
100982867
101089397
101195909
101302429
101408963
101515481
101622007
101728519
101835043
101941559
102048103
102154603
102261127
102367663
102474173
102580717
102687227
102793741
102900263
103006807
103113317
103219859
103326367
103432867
103539409
103645937
103752437
103858957
103965481
104071999
104178521
104285063
104391583
104498087
104604631
104711227
104817653
104924177
105030703
105137251
105243769
105350293
105456787
105563317
105669829
105776353
105882883
105989399
106095917
106202471
106309039
106415483
106522019
106628537
106735049
106841599
106948133
107054639
107161151
107267669
107374217
107480707
107587241
107693753
107800309
107906791
108013351
108119863
108226357
108332923
108439427
108545923
108652459
108758989
108865499
108972029
109078547
109185107
109291579
109398131
109504627
109611181
109717667
109824223
109930729
110037241
110143763
110250281
110356811
110463371
110569843
110676407
110782891
110889421
110995957
111102457
111208987
111315511
111422021
111528539
111635071
111741583
111848111
111954649
112061149
112167689
112274209
112380721
112487261
112593773
112700303
112806817
112913341
113019871
113126383
113232901
113339431
113445971
113552489
113659057
113765537
113872027
113978569
114085087
114191593
114298117
114404657
114511171
114617677
114724201
114830747
114937261
115043771
115150289
115256809
115363337
115469863
115576381
115682921
115789463
115895957
116002493
116108989
116215511
116322053
116428567
116535101
116641619
116748127
116854663
116961199
117067703
117174247
117280741
117387253
117493787
117600317
117706819
117813463
117919891
118026397
118132913
118239427
118345949
118452469
118558991
118665523
118772041
118878563
118985093
119091611
119198141
119304671
119411167
119517707
119624213
119730733
119837257
119943799
120050299
120156821
120263347
120369889
120476413
120582919
120689447
120795971
120902477
121009001
121115549
121222043
121328567
121435117
121541611
121648129
121754651
121861189
121967711
122074231
122180749
122287267
122393783
122500307
122606831
122713351
122819891
122926411
123032947
123139439
123245963
123352511
123459041
123565577
123672067
123778591
123885101
123991633
124098151
124204657
124311179
124417763
124524227
124630771
124737307
124843799
124950311
125056843
125163377
125269877
125376403
125482957
125589479
125695981
125802491
125909027
126015553
126122081
126228617
126335119
126441641
126548159
126654667
126761203
126867733
126974249
127080823
127187279
127293809
127400327
127506889
127613377
127719883
127826437
127932967
128039449
128145973
128252543
128359037
128465567
128572099
128678609
128785103
128891629
128998147
129104683
129211207
129317719
129424271
129530759
129637283
129743807
129850333
129956861
130063393
130169891
130276417
130382933
130489483
130595981
130702519
130809043
130915553
131022091
131128597
131235131
131341631
131448169
131554699
131661197
131767723
131874257
131980777
132087301
132193829
132300391
132406871
132513377
132619931
132726421
132832943
132939463
133046021
133152541
133259029
133365563
133472077
133578617
133685129
133791641
133898161
134004707
134111203
268435459
268666681
268897897
269129093
269360389
269591507
269822767
270053947
270285139
270516371
270747571
270978791
271210013
271441217
271672441
271903607
272134843
272366033
272597243
272828453
273059669
273290881
273522077
273753287
273984497
274215713
274446919
274678127
274909337
275140639
275371777
275602969
275834203
276065401
276296609
276527809
276759017
276990229
277221479
277452647
277683869
277915069
278146283
278377511
278608697
278839927
279071119
279302327
279533561
279764753
279996019
280227179
280458383
280689613
280920811
281152019
281383229
281614427
281845637
282076877
282308057
282539281
282770497
283001699
283232897
283464107
283695329
283926527
284157761
284388961
284620183
284851373
285082579
285313799
285545009
285776213
286007417
286238653
286469849
286701061
286932259
287163469
287394697
287625887
287857099
288088321
288319517
288550781
288781939
289013167
289244363
289475573
289706777
289937987
290169247
290400431
290631617
290862829
291094051
291325249
291556471
291787679
292018889
292250099
292481351
292712543
292943719
293174927
293406143
293637353
293868577
294099797
294331003
294562189
294793469
295024633
295255841
295487029
295718237
295949449
296180693
296411867
296643089
296874287
297105499
297336713
297568001
297799127
298030339
298261553
298492759
298723969
298955191
299186399
299417609
299648819
299880041
300111257
300342461
300573697
300804859
301036067
301267297
301498489
301729711
301960907
302192141
302423351
302654593
302885747
303116981
303348209
303579391
303810593
304041797
304273009
304504229
304735427
304966657
305197847
305429071
305660273
305891497
306122711
306353921
306585119
306816353
307047541
307278743
307509973
307741169
307972367
308203583
308434799
308666021
308897243
309128453
309359647
309590843
309822077
310053269
310284509
310515677
310746889
310978099
311209307
311440523
311671769
311902963
312134149
312365371
312596567
312827777
313059037
313290209
313521419
313752617
313983827
314215037
314446267
314677459
314908681
315139921
315371087
315602299
315833513
316064719
316295989
316527149
316758347
316989571
317220767
317451983
317683189
317914409
318145613
318376829
318608039
318839273
319070471
319301659
319532879
319764083
319995287
320226503
320457707
320688937
320920133
321151339
321382561
321613771
321844993
322076179
322307387
322538599
322769831
323001023
323232323
323463443
323694647
323925863
324157109
324388283
324619487
324850703
325081951
325313119
325544353
325775543
326006797
326237969
326469181
326700377
326931589
327162851
327394027
327625229
327856429
328087637
328318849
328550063
328781267
329012491
329243687
329474923
329706119
329937319
330168547
330399737
330630953
330862223
331093387
331324601
331555799
331786997
332018207
332249417
332480651
332711837
332943047
333174287
333405469
333636697
333867893
334099109
334330309
334561523
334792729
335023961
335255149
335486357
335717617
335948801
336179989
336411197
336642407
336873623
337104827
337336073
337567247
337798459
338029693
338260891
338492113
338723327
338954507
339185729
339416977
339648137
339879347
340110557
340341791
340572977
340804187
341035459
341266609
341497879
341729029
341960237
342191449
342422659
342653893
342885083
343116311
343347497
343578713
343809919
344041141
344272339
344503609
344734763
344965969
345197207
345428387
345659627
345890821
346122019
346353233
346584451
346815647
347046871
347278069
347509301
347740487
347971697
348202909
348434123
348665327
348896549
349127767
349359067
349590169
349821377
350052601
350283811
350515031
350746223
350977433
351208657
351439877
351671069
351902273
352133489
352364699
352595897
352827113
353058317
353289533
353520779
353751961
353983159
354214379
354445577
354676801
354907999
355139227
355370429
355601633
355832837
356064053
356295257
356526481
356757691
356988889
357220103
357451307
357682529
357913727
358144939
358376149
358607363
358838593
359069779
359300989
359532209
359763431
359994619
360225829
360457051
360688249
360919487
361150667
361381877
361613113
361844321
362075521
362306717
362537927
362769139
363000349
363231563
363462773
363693983
363925187
364156421
364387631
364618817
364850033
365081237
365312527
365543657
365774867
366006077
366237299
366468503
366699709
366930919
367162151
367393337
367624577
367855769
368086969
368318191
368549413
368780623
369011807
369243029
369474227
369705451
369936653
370167857
370399097
370630291
370861501
371092703
371323933
371555117
371786369
372017621
372248777
372479959
372711169
372942377
373173587
373404817
373636049
373867243
374098441
374329673
374560859
374792057
375023267
375254521
375485687
375716899
375948107
376179317
376410527
376641757
376872973
377104177
377335381
377566601
377797789
378028999
378260209
378491447
378722633
378953881
379185047
379416277
379647479
379878691
380109929
380341151
380572327
380803537
381034751
381265949
381497147
381728359
381959581
382190777
382421999
382653197
382884433
383115637
383346841
383578037
383809247
384040487
384271673
384502897
384734111
384965333
385196507
385427747
385658939
385890137
386121361
386352559
386583767
386814997
387046217
387277403
387508663
387739843
387971033
388202251
388433447
388664723
388895867
389127077
389358301
389589553
389820709
390051947
390283139
390514351
390745549
390976763
391208009
391439203
391670401
391901599
392132831
392364019
392595293
392826437
393057647
393288871
393520069
393751321
393982583
394213709
394444927
394676129
394907353
395138537
395369761
395600969
395832191
396063377
396294593
396525797
396757027
396988219
397219429
397450637
397681849
397913057
398144281
398375503
398606699
398837921
399069109
399300347
399531527
399762791
399993949
400225171
400456367
400687591
400918813
401149997
401381263
401612473
401843677
402074843
402306059
402537259
402768467
402999691
403230887
403462121
403693307
403924517
404155751
404386951
404618177
404849377
405080609
405311779
405542993
405774197
406005437
406236643
406467839
406699081
406930247
407161481
407392673
407623889
407855137
408086321
408317537
408548729
408779939
409011149
409242347
409473557
409704767
409935991
410167187
410398427
410629619
410860819
411092047
411323239
411554471
411785677
412016903
412248077
412479323
412710499
412941721
413172941
413404129
413635337
413866549
414097759
414328987
414560197
414791387
415022617
415253807
415485071
415716227
415947439
416178647
416409857
416641073
416872277
417103499
417334711
417565921
417797119
418028341
418259549
418490753
418721957
418953193
419184379
419415629
419646797
419878009
420109223
420340441
420571643
420802883
421034057
421265279
421496483
421727723
421958909
422190107
422421317
422652653
422883737
423114947
423346159
423577411
423808577
424039841
424270997
424502213
424733443
424964627
425195879
425427061
425658281
425889473
426120679
426351889
426583103
426814313
427045523
427276747
427507939
427739149
427970363
428201621
428432789
428663999
428895223
429126413
429357637
429588851
429820037
430051253
430282481
430513679
430744879
430976099
431207317
431438507
431669717
431900927
432132167
432363377
432594593
432825769
433056983
433288211
433519439
433750619
433981837
434213029
434444251
434675453
434906663
435137873
435369107
435600301
435831497
436062707
436293929
436525183
436756343
436987547
437218787
437449973
437681203
437912413
438143597
438374831
438606023
438837229
439068449
439299671
439530863
439762073
439993283
440224493
440455699
440686927
440918129
441149327
441380549
441611759
441842993
442074169
442305377
442536593
442767797
442999009
443230237
443461427
443692637
443923861
444155057
444386287
444617479
444848687
445079903
445311133
445542347
445773527
446004737
446235961
446467159
446698391
446929589
447160789
447392017
447623269
447854437
448085629
448316849
448548059
448779271
449010481
449241703
449472887
449704097
449935313
450166523
450397777
450628987
450860161
451091411
451322593
451553783
451784987
452016199
452247409
452478629
452709863
452941037
453172253
453403459
453634679
453865891
454097087
454328299
454559507
454790759
455021939
455253151
455484347
455715577
455946767
456178003
456409199
456640403
456871619
457102819
457334057
457565263
457796491
458027663
458258893
458490077
458721287
458952503
459183733
459414979
459646127
459877351
460108559
460339799
460571029
460802179
461033407
461264597
461495813
461727017
461958251
462189437
462420649
462651857
462883093
463114283
463345513
463576699
463807921
464039137
464270327
464501549
464732753
464963963
465195173
465426389
465657587
465888811
466120007
466351267
466582427
466813649
467044847
467276111
467507267
467738483
467969713
468200917
468432119
468663323
468894553
469125781
469356947
469588157
469819381
470050579
470281843
470513039
470744231
470975419
471206633
471437867
471669049
471900271
472131479
472362677
472593893
472825117
473056321
473287517
473518739
473749949
473981149
474212371
474443569
474674789
474906011
475137203
475368407
475599637
475830847
476062087
476293247
476524457
476755691
476986883
477218087
477449317
477680513
477911723
478142939
478374157
478605353
478836557
479067817
479298991
479530187
479761417
479992607
480223823
480455047
480686243
480917447
481148659
481379881
481611077
481842301
482073511
482304707
482535919
482767151
482998363
483229561
483460801
483692003
483923183
484154389
484385617
484616849
484848053
485079229
485310437
485541649
485772869
486004067
486235301
486466493
486697703
486928913
487160129
487391327
487622557
487853761
488084957
488316173
488547391
488778637
489009827
489241043
489472219
489703427
489934637
490165883
490397057
490628267
490859483
491090693
491321899
491553107
491784323
492015553
492246743
492477959
492709169
492940391
493171597
493402799
493633999
493865209
494096429
494327629
494558839
494790067
495021277
495252467
495483713
495714907
495946103
496177313
496408529
496639739
496870937
497102147
497333357
497564591
497795777
498026999
498258217
498489427
498720637
498951829
499183043
499414303
499645457
499876667
500107879
500339089
500570327
500801507
501032783
501263929
501495161
501726349
501957557
502188767
502419991
502651199
502882399
503113607
503344843
503576071
503807243
504038459
504269659
504500881
504732119
504963287
505194499
505425719
505656923
505888169
506119349
506350553
506581769
506812987
507044233
507275389
507506603
507737833
507969029
508200229
508431437
508662653
508893881
509125087
509356279
509587493
509818703
510049919
510281131
510512341
510743537
510974747
511205957
511437187
511668379
511899593
512130799
512362009
512593247
512824447
513055643
513286867
513518087
513749273
513980491
514211693
514442911
514674137
514905337
515136527
515367757
515598949
515830157
516061369
516292577
516523807
516755003
516986209
517217509
517448677
517679857
517911073
518142259
518373577
518604763
518835887
519067097
519298309
519529523
519760727
519991949
520223149
520454357
520685587
520916791
521147989
521379211
521610469
521841623
522072827
522304051
522535267
522766459
522997679
523228883
523460087
523691297
523922519
524153719
524384929
524616137
524847353
525078559
525309779
525540979
525772201
526003411
526234637
526465861
526697027
526928249
527159453
527390687
527621867
527853083
528084329
528315499
528546709
528777919
529009127
529240337
529471559
529702781
529933967
530165177
530396389
530627599
530858819
531090067
531321227
531552449
531783673
532014869
532246093
532477289
532708537
532939717
533170907
533402119
533633339
533864537
534095747
534326957
534558169
534789407
535020587
535251799
535483021
535714237
535945429
536176643
536407847
536639093
1073741827
1074233939
1074726049
1075218101
1075710211
1076202301
1076694373
1077186457
1077678571
1078170673
1078662751
1079154821
1079646923
1080139001
1080631087
1081123181
1081615267
1082107357
1082599447
1083091543
1083583649
1084075717
1084567831
1085059897
1085551993
1086044083
1086536179
1087028273
1087520351
1088012437
1088504539
1088996621
1089488761
1089980797
1090472891
1090965013
1091457097
1091949169
1092441263
1092933379
1093425439
1093917521
1094409607
1094901697
1095393847
1095885877
1096378013
1096870079
1097362151
1097854267
1098346339
1098838423
1099330511
1099822597
1100314729
1100806801
1101298871
1101790969
1102283051
1102775137
1103267257
1103759329
1104251419
1104743533
1105235609
1105727681
1106219773
1106711923
1107203953
1107696043
1108188127
1108680257
1109172313
1109664401
1110156493
1110648577
1111140727
1111632761
1112124859
1112617027
1113109043
1113601147
1114093213
1114585301
1115077391
1115569513
1116061571
1116553657
1117045747
1117537849
1118029949
1118522029
1119014111
1119506237
1119998291
1120490377
1120982491
1121474587
1121966669
1122458741
1122950833
1123442923
1123935011
1124427097
1124919209
1125411281
1125903367
1126395463
1126887547
1127379679
1127871727
1128363839
1128855907
1129348027
1129840099
1130332241
1130824307
1131316363
1131808453
1132300537
1132792657
1133284717
1133776807
1134268901
1134761009
1135253089
1135745189
1136237257
1136729369
1137221461
1137713527
1138205617
1138697737
1139189801
1139681891
1140173977
1140666101
1141158217
1141650311
1142142341
1142634439
1143126521
1143618631
1144110719
1144602793
1145094877
1145587031
1146079061
1146571147
1147063243
1147555373
1148047423
1148539529
1149031603
1149523691
1150015807
1150507879
1150999987
1151492053
1151984143
1152476231
1152968321
1153460411
1153952533
1154444591
1154936693
1155428803
1155920873
1156412969
1156905049
1157397127
1157889221
1158381331
1158873413
1159365491
1159857607
1160349679
1160841757
1161333853
1161825943
1162318043
1162810123
1163302207
1163794321
1164286393
1164778493
1165270583
1165762679
1166254769
1166746843
1167238931
1167731021
1168223129
1168715227
1169207293
1169699417
1170191471
1170683581
1171175647
1171667743
1172159839
1172651933
1173144019
1173636097
1174128211
1174620283
1175112373
1175604491
1176096583
1176588653
1177080727
1177572817
1178064907
1178557019
1179049087
1179541183
1180033297
1180525391
1181017463
1181509573
1182001627
1182493721
1182985861
1183477921
1183969987
1184462077
1184954167
1185446263
1185938389
1186430503
1186922531
1187414617
1187906723
1188398803
1188890909
1189382977
1189875073
1190367161
1190859251
1191351353
1191843439
1192335539
1192827613
1193319697
1193811793
1194303889
1194795991
1195288097
1195780151
1196272241
1196764339
1197256451
1197748609
1198240619
1198732687
1199224837
1199716883
1200208973
1200701059
1201193143
1201685227
1202177369
1202669449
1203161501
1203653599
1204145689
1204637767
1205129927
1205621947
1206114121
1206606143
1207098241
1207590331
1208082397
1208574503
1209066583
1209558689
1210050757
1210542859
1211034941
1211527033
1212019117
1212511207
1213003313
1213495417
1213987477
1214479579
1214971669
1215463759
1215955837
1216447931
1216940029
1217432119
1217924209
1218416323
1218908377
1219400467
1219892581
1220384651
1220876773
1221368831
1221860923
1222353031
1222845161
1223337239
1223829281
1224321383
1224813481
1225305547
1225797649
1226289749
1226781841
1227273913
1227766003
1228258091
1228750181
1229242463
1229734459
1230226453
1230718537
1231210649
1231702723
1232194811
1232686933
1233179011
1233671077
1234163171
1234655287
1235147363
1235639467
1236131539
1236623651
1237115713
1237607801
1238099899
1238591989
1239084071
1239576161
1240068317
1240560353
1241052451
1241544523
1242036619
1242528697
1243020787
1243512967
1244004973
1244497063
1244989177
1245481249
1245973327
1246465439
1246957511
1247449627
1247941687
1248433843
1248925871
1249417957
1249910059
1250402137
1250894233
1251386321
1251878423
1252370513
1252862593
1253354701
1253846767
1254338881
1254830947
1255323053
1255815151
1256307233
1256799319
1257291403
1257783523
1258275583
1258767683
1259259787
1259751863
1260243977
1260736027
1261228159
1261720259
1262212319
1262704403
1263196481
1263688567
1264180657
1264672753
1265164861
1265656939
1266149033
1266641113
1267133333
1267625287
1268117381
1268609473
1269101557
1269593701
1270085753
1270577849
1271069939
1271562007
1272054097
1272546211
1273038301
1273530403
1274022457
1274514581
1275006641
1275498767
1275990823
1276482919
1276975013
1277467099
1277959201
1278451303
1278943397
1279435481
1279927541
1280419639
1280911717
1281403819
1281895913
1282387987
1282880077
1283372171
1283864261
1284356351
1284848437
1285340527
1285832617
1286324779
1286816813
1287308887
1287800989
1288293107
1288785161
1289277277
1289769359
1290261439
1290753539
1291245611
1291737721
1292229877
1292721883
1293213983
1293706091
1294198163
1294690237
1295182331
1295674451
1296166507
1296658609
1297150693
1297642781
1298134879
1298626963
1299119069
1299611207
1300103227
1300595333
1301087443
1301579519
1302071587
1302563699
1303055801
1303547887
1304039983
1304532079
1305024167
1305516221
1306008307
1306500409
1306992499
1307484589
1307976679
1308468761
1308960847
1309452941
1309945031
1310437151
1310929237
1311421301
1311913391
1312405489
1312897583
1313389669
1313881753
1314373861
1314865927
1315358039
1315850113
1316342221
1316834287
1317326389
1317818479
1318310563
1318802699
1319294759
1319786833
1320278983
1320771013
1321263101
1321755187
1322247313
1322739389
1323231463
1323723551
1324215637
1324707731
1325199817
1325691911
1326184009
1326676111
1327168229
1327660289
1328152369
1328644451
1329136537
1329628669
1330120739
1330612823
1331104909
1331597009
1332089081
1332581167
1333073257
1333565371
1334057497
1334549533
1335041623
1335533707
1336025813
1336517891
1337009977
1337502073
1337994179
1338486299
1338978349
1339470439
1339962521
1340454613
1340946781
1341438799
1341930899
1342422967
1342915129
1343407147
1343899261
1344391327
1344883451
1345375513
1345867613
1346359739
1346851783
1347343867
1347835969
1348328087
1348820159
1349312243
1349804317
1350296407
1350788497
1351280603
1351772677
1352264773
1352756887
1353248959
1353741041
1354233143
1354725287
1355217323
1355709479
1356201493
1356693577
1357185707
1357677773
1358169853
1358661961
1359154067
1359646133
1360138211
1360630319
1361122393
1361614477
1362106573
1362598681
1363090777
1363582877
1364074963
1364567053
1365059107
1365551203
1366043309
1366535383
1367027479
1367519557
1368011651
1368503737
1368995827
1369487953
1369980023
1370472121
1370964223
1371456349
1371948379
1372440469
1372932553
1373424641
1373916743
1374408817
1374900941
1375393003
1375885127
1376377183
1376869267
1377361373
1377853447
1378345537
1378837633
1379329723
1379821829
1380313901
1380805991
1381298099
1381790171
1382282261
1382774347
1383266449
1383758527
1384250633
1384742741
1385234801
1385726887
1386218989
1386711089
1387203161
1387695247
1388187337
1388679433
1389171517
1389663607
1390155751
1390647803
1391139899
1391632007
1392124081
1392616151
1393108237
1393600357
1394092421
1394584523
1395076621
1395568703
1396060781
1396552909
1397044963
1397537047
1398029159
1398521231
1399013347
1399505423
1399997497
1400489593
1400981683
1401473779
1401965899
1402457981
1402950037
1403442149
1403934223
1404426307
1404918401
1405410491
1405902647
1406394673
1406886809
1407378853
1407870943
1408363027
1408855117
1409347213
1409839351
1410331399
1410823481
1411315583
1411807669
1412299747
1412791883
1413283961
1413776017
1414268129
1414760219
1415252291
1415744383
1416236483
1416728603
1417220681
1417712743
1418204831
1418696933
1419189011
1419681143
1420173187
1420665289
1421157389
1421649511
1422141551
1422633649
1423125731
1423617823
1424110003
1424602001
1425094103
1425586193
1426078267
1426570361
1427062447
1427554543
1428046649
1428538729
1429030819
1429522903
1430014991
1430507083
1430999189
1431491323
1431983359
1432475441
1432967567
1433459641
1433951707
1434443821
1434935903
1435427989
1435920071
1436412157
1436904247
1437396361
1437888443
1438380521
1438872619
1439364697
1439856829
1440348881
1440840991
1441333063
1441825153
1442317243
1442809369
1443301417
1443793537
1444285649
1444777699
1445269783
1445761873
1446253969
1446746071
1447238141
1447730231
1448222341
1448714461
1449206519
1449698633
1450190681
1450682801
1451174861
1451666987
1452159041
1452651149
1453143239
1453635347
1454127397
1454619487
1455111577
1455603673
1456095779
1456587877
1457079937
1457572033
1458064147
1458556207
1459048313
1459540387
1460032481
1460524567
1461016679
1461508771
1462000861
1462492931
1462985059
1463477137
1463969197
1464461287
1464953417
1465445521
1465937563
1466429677
1466921791
1467413867
1467905951
1468398011
1468890169
1469382203
1469874283
1470366367
1470858461
1471350593
1471842637
1472334761
1472826863
1473318967
1473811013
1474303093
1474795177
1475287267
1475779363
1476271469
1476763591
1477255627
1477747721
1478239837
1478731951
1479224003
1479716083
1480208231
1480700297
1481192393
1481684437
1482176543
1482668669
1483160741
1483652843
1484144899
1484636981
1485129157
1485621157
1486113271
1486605343
1487097427
1487589541
1488081613
1488573701
1489065829
1489557889
1490049997
1490542103
1491034169
1491526237
1492018351
1492510421
1493002507
1493494609
1493986693
1494478781
1494970889
1495462979
1495955077
1496447153
1496939239
1497431323
1497923411
1498415509
1498907611
1499399717
1499891779
1500383869
1500875951
1501368097
1501860161
1502352233
1502844307
1503336403
1503828503
1504320583
1504812667
1505304799
1505796847
1506288937
1506781027
1507273139
1507765211
1508257313
1508749391
1509241483
1509733601
1510225657
1510717751
1511209837
1511701927
1512194023
1512686107
1513178201
1513670299
1514162417
1514654497
1515146561
1515638741
1516130741
1516622843
1517114933
1517607011
1518099113
1518591211
1519083301
1519575397
1520067491
1520559553
1521051641
1521543761
1522035839
1522527949
1523019997
1523512147
1524004243
1524496279
1524988379
1525480471
1525972571
1526464631
1526956721
1527448831
1527941033
1528432993
1528925081
1529417171
1529909281
1530401401
1530893453
1531385539
1531877653
1532369719
1532861809
1533353911
1533845977
1534338107
1534830161
1535322251
1535814341
1536306433
1536798539
1537290631
1537782709
1538274823
1538766881
1539258967
1539751061
1540243169
1540735237
1541227343
1541719453
1542211523
1542703601
1543195733
1543687799
1544179873
1544671963
1545164087
1545656141
1546148243
1546640321
1547132429
1547624497
1548116639
1548608683
1549100779
1549592897
1550084947
1550577151
1551069133
1551561241
1552053329
1552545439
1553037511
1553529613
1554021671
1554513761
1555005863
1555498003
1555990031
1556482117
1556974219
1557466343
1557958411
1558450477
1558942579
1559434663
1559926747
1560418859
1560910927
1561403089
1561895113
1562387219
1562879303
1563371443
1563863471
1564355593
1564847659
1565339759
1565831831
1566323947
1566816059
1567308109
1567800191
1568292289
1568784487
1569276463
1569768547
1570260667
1570752727
1571244821
1571736911
1572229027
1572721133
1573213177
1573705307
1574197357
1574689451
1575181537
1575673643
1576165741
1576657811
1577149913
1577641999
1578134149
1578626227
1579118279
1579610377
1580102471
1580594531
1581086659
1581578711
1582070803
1582562921
1583054989
1583547067
1584039211
1584531271
1585023343
1585515427
1586007529
1586499613
1586991727
1587483803
1587975889
1588467971
1588960073
1589452171
1589944241
1590436339
1590928441
1591420529
1591912613
1592404733
1592896783
1593388883
1593880961
1594373093
1594865143
1595357263
1595849317
1596341413
1596833501
1597325641
1597817681
1598309771
1598801879
1599293963
1599786043
1600278193
1600770229
1601262329
1601754403
1602246487
1602738589
1603230691
1603722793
1604214847
1604706949
1605199033
1605691117
1606183211
1606675303
1607167423
1607659481
1608151603
1608643657
1609135751
1609627843
1610119939
1610612021
1611104129
1611596219
1612088321
1612580383
1613072491
1613564573
1614056681
1614548759
1615040873
1615532923
1616025041
1616517109
1617009241
1617501283
1617993401
1618485469
1618977589
1619469659
1619961751
1620453823
1620945959
1621438003
1621930087
1622422189
1622914283
1623406363
1623898453
1624390549
1624882663
1625374717
1625866811
1626358919
1626851011
1627343089
1627835179
1628327273
1628819347
1629311441
1629803533
1630295617
1630787707
1631279801
1631771903
1632264017
1632756067
1633248181
1633740271
1634232337
1634724431
1635216521
1635708611
1636200719
1636692839
1637184883
1637676967
1638169061
1638661159
1639153279
1639645327
1640137453
1640629541
1641121597
1641613733
1642105789
1642597871
1643089979
1643582051
1644074137
1644566239
1645058333
1645550453
1646042513
1646534587
1647026701
1647518779
1648010879
1648502951
1648995037
1649487127
1649979223
1650471307
1650963397
1651455493
1651947581
1652439697
1652931757
1653423853
1653915953
1654408043
1654900123
1655392229
1655884309
1656376387
1656868483
1657360571
1657852661
1658344769
1658836891
1659328933
1659821017
1660313111
1660805213
1661297377
1661789377
1662281497
1662773557
1663265647
1663757779
1664249827
1664741933
1665234007
1665726103
1666218209
1666710307
1667202421
1667694461
1668186577
1668678689
1669170733
1669662817
1670154907
1670647037
1671139121
1671631193
1672123273
1672615379
1673107463
1673599567
1674091633
1674583721
1675075813
1675567909
1676059999
1676552099
1677044191
1677536261
1678028371
1678520453
1679012557
1679504623
1679996707
1680488837
1680980923
1681472993
1681965067
1682457187
1682949253
1683441349
1683933439
1684425529
1684917607
1685409697
1685901793
1686393883
1686886027
1687378073
1687870201
1688362237
1688854333
1689346447
1689838523
1690330601
1690822687
1691314783
1691806871
1692298963
1692791047
1693283153
1693775249
1694267317
1694759419
1695251513
1695743627
1696235701
1696727771
1697219873
1697711947
1698204041
1698696143
1699188217
1699680313
1700172403
1700664499
1701156577
1701648679
1702140757
1702632847
1703124977
1703617031
1704109129
1704601219
1705093297
1705585391
1706077523
1706569573
1707061693
1707553747
1708045841
1708537933
1709030021
1709522107
1710014209
1710506321
1710998383
1711490491
1711982581
1712474671
1712966737
1713458897
1713950923
1714443007
1714935133
1715427247
1715919323
1716411391
1716903497
1717395553
1717887637
1718379757
1718871871
1719363907
1719856001
1720348093
1720840213
1721332267
1721824373
1722316447
1722808553
1723300651
1723792757
1724284831
1724776897
1725268999
1725761101
1726253183
1726745257
1727237399
1727729453
1728221533
1728713621
1729205729
1729697797
1730189911
1730681983
1731174161
1731666173
1732158299
1732650341
1733142427
1733634521
1734126679
1734618709
1735110821
1735602893
1736094967
1736587057
1737079151
1737571243
1738063339
1738555417
1739047507
1739539601
1740031691
1740523793
1741015873
1741507981
1742000077
1742492137
1742984233
1743476321
1743968407
1744460521
1744952603
1745444683
1745936837
1746428881
1746920951
1747413037
1747905127
1748397239
1748889313
1749381401
1749873509
1750365601
1750857673
1751349763
1751841919
1752334037
1752826051
1753318117
1753810229
1754302321
1754794409
1755286483
1755778573
1756270657
1756762769
1757254841
1757746933
1758239023
1758731123
1759223197
1759715311
1760207377
1760699497
1761191557
1761683681
1762175759
1762667849
1763159933
1763652019
1764144143
1764636239
1765128289
1765620473
1766112457
1766604547
1767096649
1767588727
1768080823
1768572907
1769065009
1769557099
1770049189
1770541307
1771033423
1771525447
1772017553
1772509631
1773001717
1773493837
1773985897
1774478009
1774970083
1775462173
1775954261
1776446369
1776938467
1777430527
1777922639
1778414749
1778906867
1779398899
1779890993
1780383067
1780875163
1781367277
1781859353
1782351427
1782843529
1783335607
1783827763
1784319809
1784811881
1785303997
1785796069
1786288159
1786780253
1787272381
1787764423
1788256511
1788748601
1789240693
1789732781
1790224873
1790716987
1791209051
1791701143
1792193231
1792685369
1793177413
1793669497
1794161587
1794653689
1795145789
1795637939
1796129971
1796622043
1797114127
1797606221
1798098319
1798590401
1799082539
1799574589
1800066673
1800558761
1801050851
1801542961
1802035051
1802527117
1803019237
1803511319
1804003391
1804495477
1804987573
1805479673
1805971777
1806463871
1806955951
1807448021
1807940107
1808432203
1808924303
1809416383
1809908483
1810400561
1810892647
1811384737
1811876861
1812368977
1812861031
1813353119
1813845193
1814337277
1814829389
1815321457
1815813547
1816305643
1816797767
1817289821
1817781913
1818273997
1818766091
1819258223
1819750291
1820242363
1820734543
1821226567
1821718649
1822210757
1822702811
1823194897
1823687023
1824179081
1824671201
1825163261
1825655371
1826147459
1826639531
1827131629
1827623747
1828115797
1828607933
1829099981
1829592067
1830084211
1830576259
1831068359
1831560431
1832052577
1832544613
1833036703
1833528787
1834020893
1834512971
1835005057
1835497171
1835989241
1836481343
1836973441
1837465507
1837957637
1838449703
1838941789
1839433927
1839925961
1840418053
1840910177
1841402249
1841894321
1842386453
1842878561
1843370603
1843862707
1844354767
1844846891
1845338951
1845831037
1846323133
1846815221
1847307311
1847799413
1848291541
1848783589
1849275667
1849767763
1850259913
1850751961
1851244039
1851736153
1852228219
1852720319
1853212523
1853704499
1854196601
1854688657
1855180787
1855672837
1856164927
1856657039
1857149159
1857641213
1858133323
1858625383
1859117473
1859609573
1860101647
1860593737
1861085857
1861577917
1862070011
1862562101
1863054199
1863546281
1864038367
1864530461
1865022581
1865514667
1866006761
1866498847
1866990907
1867483021
1867975099
1868467189
1868959271
1869451357
1869943469
1870435537
1870927627
1871419729
1871911849
1872403943
1872896017
1873388093
1873880171
1874372273
1874864353
1875356437
1875848543
1876340617
1876832723
1877324797
1877816893
1878308989
1878801101
1879293181
1879785337
1880277353
1880769427
1881261521
1881753607
1882245719
1882737803
1883229919
1883722007
1884214127
1884706169
1885198261
1885690333
1886182451
1886674519
1887166609
1887658709
1888150777
1888642879
1889134963
1889627071
1890119173
1890611227
1891103329
1891595449
1892087497
1892579593
1893071683
1893563767
1894055881
1894547947
1895040089
1895532139
1896024239
1896516329
1897008397
1897500487
1897992599
1898484667
1898976769
1899468863
1899960941
1900453031
1900945133
1901437231
1901929319
1902421387
1902913541
1903405571
1903897673
1904389783
1904881843
1905373933
1905866033
1906358107
1906850249
1907342291
1907834389
1908326513
1908818609
1909310701
1909802737
1910294833
1910786929
1911279011
1911771097
1912263211
1912755307
1913247383
1913739463
1914231547
1914723653
1915215761
1915707863
1916199907
1916692003
1917184091
1917676181
1918168267
1918660363
1919152447
1919644553
1920136717
1920628751
1921120843
1921612921
1922104993
1922597107
1923089191
1923581273
1924073351
1924565449
1925057527
1925549617
1926041713
1926533801
1927025899
1927517983
1928010067
1928502179
1928994293
1929486337
1929978467
1930470517
1930962619
1931454703
1931946829
1932438881
1932931027
1933423091
1933915163
1934407243
1934899381
1935391417
1935883507
1936375631
1936867687
1937359777
1937851871
1938343973
1938836051
1939328137
1939820243
1940312317
1940804407
1941296551
1941788587
1942280699
1942772791
1943264863
1943756963
1944249037
1944741179
1945233223
1945725329
1946217439
1946709487
1947201589
1947693703
1948185763
1948677847
1949169949
1949662061
1950154123
1950646207
1951138303
1951630393
1952122477
1952614571
1953106721
1953598763
1954090843
1954582943
1955075039
1955567113
1956059221
1956551321
1957043467
1957535473
1958027569
1958519659
1959011809
1959503849
1959995981
1960488037
1960980097
1961472187
1961964293
1962456367
1962948497
1963440547
1963932661
1964424743
1964916847
1965408919
1965901031
1966393109
1966885177
1967377301
1967869369
1968361453
1968853543
1969345633
1969837763
1970329831
1970821901
1971314017
1971806093
1972298171
1972790269
1973282347
1973774459
1974266543
1974758623
1975250729
1975742819
1976234917
1976726977
1977219107
1977711157
1978203247
1978695371
1979187433
1979679517
1980171631
1980663731
1981155791
1981647901
1982139967
1982632129
1983124151
1983616237
1984108333
1984600421
1985092519
1985584619
1986076691
1986568781
1987060879
1987552991
1988045051
1988537167
1989029249
1989521329
1990013407
1990505501
1990997611
1991489699
1991981773
1992473863
1992965959
1993458073
1993950143
1994442221
1994934379
1995426427
1995918521
1996410599
1996902673
1997394757
1997886859
1998378961
1998871027
1999363123
1999855213
2000347301
2000839439
2001331537
2001823583
2002315687
2002807753
2003299853
2003791931
2004284053
2004776141
2005268219
2005760293
2006252383
2006744479
2007236557
2007728659
2008220741
2008712831
2009204947
2009697023
2010189109
2010681209
2011173277
2011665389
2012157481
2012649577
2013141709
2013633733
2014125851
2014617961
2015109997
2015602087
2016094219
2016586367
2017078387
2017570463
2018062549
2018554631
2019046739
2019538853
2020030919
2020523093
2021015089
2021507197
2021999257
2022491389
2022983437
2023475527
2023967641
2024459711
2024951813
2025443887
2025936001
2026428073
2026920173
2027412251
2027904337
2028396431
2028888539
2029380607
2029872697
2030364803
2030856911
2031348971
2031841069
2032333169
2032825241
2033317333
2033809423
2034301513
2034793639
2035285699
2035777823
2036269883
2036761997
2037254047
2037746149
2038238261
2038730329
2039222429
2039714513
2040206587
2040698677
2041190773
2041682857
2042174987
2042667037
2043159179
2043651241
2044143307
2044635403
2045127499
2045619581
2046111701
2046603781
2047095863
2047587943
2048080051
2048572117
2049064261
2049556309
2050048387
2050540483
2051032579
2051524661
2052016751
2052508837
2053000927
2053493017
2053985111
2054477197
2054969291
2055461383
2055953467
2056445597
2056937647
2057429771
2057921851
2058413921
2058906053
2059398151
2059890227
2060382329
2060874383
2061366493
2061858563
2062350643
2062842757
2063334817
2063826907
2064319001
2064811087
2065303181
2065795271
2066287357
2066779469
2067271541
2067763627
2068255741
2068747819
2069239927
2069731987
2070224077
2070716173
2071208263
2071700377
2072192449
2072684531
2073176629
2073668711
2074160813
2074652903
2075144977
2075637071
2076129161
2076621251
2077113373
2077605427
2078097547
2078589629
2079081709
2079573791
2080065899
2080558037
2081050061
2081542163
2082034237
2082526351
2083018459
2083510567
2084002619
2084494691
2084986801
2085478891
2085970963
2086463053
2086955149
2087447251
2087939339
2088431407
2088923513
2089415591
2089907683
2090399783
2090891893
2091383971
2091876071
2092368127
2092860233
2093352319
2093844409
2094336521
2094828581
2095320683
2095812757
2096304851
2096796937
2097289043
2097781151
2098273207
2098765321
2099257409
2099749493
2100241601
2100733669
2101225771
2101717843
2102209927
2102702033
2103194111
2103686197
2104178287
2104670377
2105162483
2105654611
2106146687
2106638761
2107130887
2107622939
2108115007
2108607119
2109099191
2109591301
2110083373
2110575463
2111067577
2111559641
2112051727
2112543841
2113035931
2113528003
2114020099
2114512247
2115004291
2115496373
2115988489
2116480537
2116972631
2117464751
2117956837
2118448903
2118940991
2119433081
2119925179
2120417263
2120909347
2121401437
2121893561
2122385647
2122877711
2123369837
2123861899
2124353993
2124846067
2125338169
2125830247
2126322349
2126814451
2127306553
2127798623
2128290713
2128782793
2129274899
2129766971
2130259073
2130751187
2131243307
2131735327
2132227417
2132719507
2133211603
2133703699
2134195799
2134687897
2135179997
2135672053
2136164141
2136656239
2137148317
2137640413
2138132531
2138624603
2139116689
2139608819
2140100861
2140592947
2141085049
2141577157
2142069263
2142561307
2143053413
2143545541
2144037583
2144529679
2145021773
2145513847
2146005941
2146498027
2146990121
4294967311
4296020011
4297072697
4298125361
4299178061
4300230743
4301283433
4302336119
4303388807
4304441573
4305494189
4306546901
4307599559
4308652241
4309704947
4310757653
4311810313
4312862993
4313915681
4314968389
4316021119
4317073769
4318126453
4319179121
4320231809
4321284511
4322337197
4323389899
4324442567
4325495281
4326547937
4327600643
4328653319
4329706009
4330758689
4331811391
4332864073
4333916753
4334969461
4336022137
4337074817
4338127511
4339180199
4340232881
4341285643
4342338269
4343390951
4344443657
4345496359
4346549017
4347601723
4348654397
4349707093
4350759761
4351812467
4352865137
4353917839
4354970537
4356023219
4357075889
4358128589
4359181273
4360233953
4361286649
4362339353
4363392029
4364444713
4365497413
4366550081
4367602781
4368655457
4369708157
4370760851
4371813521
4372866233
4373918953
4374971591
4376024291
4377076967
4378129669
4379182349
4380235049
4381287721
4382340407
4383393097
4384445789
4385498489
4386551161
4387603877
4388656549
4389709241
4390761919
4391814643
4392867287
4393919989
4394972657
4396025399
4397078051
4398130753
4399183447
4400236097
4401288811
4402341533
4403394197
4404446869
4405499573
4406552243
4407604951
4408657619
4409710297
4410762977
4411815677
4412868353
4413921049
4414973737
4416026441
4417079123
4418131813
4419184489
4420237169
4421289857
4422342553
4423395233
4424447921
4425500609
4426553317
4427605993
4428658679
4429711361
4430764067
4431816737
4432869431
4433922151
4434974801
4436027501
4437080183
4438132871
4439185561
4440238249
4441290941
4442343623
4443396311
4444448993
4445501701
4446554377
4447607071
4448659751
4449712439
4450765141
4451817817
4452870509
4453923197
4454975893
4456028587
4457081249
4458133961
4459186643
4460239339
4461292007
4462344703
4463397403
4464450079
4465502771
4466555453
4467608141
4468660841
4469713513
4470766219
4471818887
4472871569
4473924271
4474976969
4476029681
4477082353
4478135033
4479187729
4480240393
4481293087
4482345767
4483398449
4484451157
4485503833
4486556531
4487609219
4488661901
4489714577
4490767283
4491819953
4492872649
4493925341
4494978031
4496030729
4497083431
4498136087
4499188801
4500241457
4501294151
4502346833
4503399521
4504452221
4505504953
4506557651
4507610287
4508662987
4509715657
4510768351
4511821081
4512873713
4513926413
4514979103
4516031809
4517084479
4518137153
4519189841
4520242553
4521295217
4522347917
4523400631
4524453281
4525505977
4526558657
4527611353
4528664057
4529716721
4530769409
4531822103
4532874791
4533927491
4534980161
4536032899
4537085537
4538138261
4539190913
4540243627
4541296301
4542349001
4543401689
4544454353
4545507053
4546559777
4547612429
4548665119
4549717817
4550770487
4551823187
4552875871
4553928563
4554981253
4556033987
4557086609
4558139309
4559191999
4560244673
4561297381
4562350063
4563402749
4564455433
4565508113
4566560809
4567613521
4568666183
4569718873
4570771561
4571824253
4572876947
4573929617
4574982311
4576035001
4577087773
4578140387
4579193063
4580245763
4581298453
4582351141
4583403883
4584456529
4585509223
4586561891
4587614663
4588667267
4589719957
4590772631
4591825333
4592878013
4593930697
4594983391
4596036083
4597088789
4598141467
4599194179
4600246823
4601299541
4602352199
4603404881
4604457569
4605510269
4606562951
4607615641
4608668321
4609721023
4610773703
4611826441
4612879079
4613931787
4614984457
4616037191
4617089837
4618142513
4619195219
4620247901
4621300627
4622353273
4623405977
4624458647
4625511349
4626564029
4627616723
4628669467
4629722093
4630774793
4631827457
4632880151
4633932887
4634985583
4636038241
4637090959
4638143593
4639196291
4640248961
4641301649
4642354469
4643407039
4644459719
4645512427
4646565151
4647617801
4648670471
4649723213
4650775859
4651828529
4652881217
4653934001
4654986593
4656039301
4657091981
4658144669
4659197351
4660250047
4661302757
4662355409
4663408097
4664460839
4665513509
4666566161
4667618863
4668671543
4669724251
4670776919
4671829651
4672882387
4673935027
4674987721
4676040361
4677093049
4678145749
4679198417
4680251119
4681303807
4682356499
4683409177
4684461857
4685514557
4686567247
4687619971
4688672621
4689725351
4690777991
4691830679
4692883367
4693936081
4694988799
4696041431
4697094119
4698146821
4699199501
4700252279
4701304891
4702357553
4703410253
4704462943
4705515649
4706568319
4707620993
4708673693
4709726381
4710779069
4711831781
4712884447
4713937139
4714989817
4716042509
4717095199
4718147891
4719200597
4720253249
4721305949
4722358649
4723411331
4724464001
4725516703
4726569457
4727622071
4728674759
4729727459
4730780129
4731832817
4732885523
4733938193
4734990901
4736043581
4737096323
4738148977
4739201669
4740254357
4741307017
4742359697
4743412397
4744465073
4745517773
4746570469
4747623161
4748675831
4749728527
4750781201
4751833907
4752886597
4753939331
4754991971
4756044691
4757097349
4758150073
4759202743
4760255393
4761308087
4762360783
4763413477
4764466151
4765518853
4766571521
4767624209
4768676903
4769729597
4770782279
4771834961
4772887661
4773940343
4774993043
4776045727
4777098401
4778151109
4779203797
4780256489
4781309153
4782361853
4783414543
4784467277
4785519979
4786572607
4787625287
4788677969
4789730669
4790783351
4791836051
4792888729
4793941421
4794994163
4796046793
4797099497
4798152197
4799204849
4800257537
4801310231
4802362987
4803415601
4804468337
4805521069
4806573671
4807626353
4808679047
4809731741
4810784431
4811837113
4812889801
4813942561
4814995169
4816047877
4817100557
4818153233
4819205977
4820258609
4821311329
4822364011
4823416699
4824469373
4825522067
4826574751
4827627439
4828680113
4829732857
4830785513
4831838197
4832890871
4833943559
4834996247
4836048953
4837101629
4838154329
4839207001
4840259681
4841312381
4842365057
4843417753
4844470481
4845523129
4846575809
4847628509
4848681199
4849733879
4850786569
4851839257
4852891943
4853944631
4854997313
4856050021
4857102689
4858155383
4859208103
4860260773
4861313441
4862366141
4863418829
4864471517
4865524193
4866576887
4867629581
4868682281
4869734957
4870787683
4871840321
4872893017
4873945729
4874998393
4876051093
4877103767
4878156469
4879209149
4880261851
4881314527
4882367201
4883419889
4884472577
4885525343
4886577961
4887630653
4888683343
4889736077
4890788711
4891841401
4892894087
4893946777
4894999463
4896052199
4897104857
4898157541
4899210223
4900262909
4901315597
4902368287
4903420961
4904473663
4905526363
4906579031
4907631727
4908684421
4909737101
4910789833
4911842471
4912895153
4913947897
4915000537
4916053229
4917105929
4918158613
4919211287
4920263989
4921316663
4922369371
4923422059
4924474759
4925527423
4926580111
4927632791
4928685497
4929738161
4930790867
4931843557
4932896303
4933948973
4935001609
4936054339
4937106983
4938159671
4939212367
4940265041
4941317729
4942370449
4943423123
4944475813
4945528493
4946581229
4947633871
4948686551
4949739251
4950791921
4951844617
4952897297
4953949997
4955002681
4956055367
4957108049
4958160743
4959213443
4960266121
4961318809
4962371489
4963424177
4964476877
4965529571
4966582267
4967634943
4968687679
4969740337
4970792993
4971845693
4972898369
4973951057
4975003751
4976056441
4977109153
4978161817
4979214517
4980267191
4981319891
4982372561
4983425257
4984477951
4985530637
4986583319
4987636009
4988688703
4989741409
4990794089
4991846753
4992899479
4993952129
4995004843
4996057511
4997110211
4998162889
4999215593
5000268277
5001320963
5002373639
5003426341
5004479009
5005531709
5006584399
5007637109
5008689767
5009742497
5010795137
5011847837
5012900513
5013953207
5015005889
5016058583
5017111271
5018163959
5019216721
5020269391
5021322023
5022374717
5023427407
5024480089
5025532783
5026585471
5027638169
5028690869
5029743529
5030796271
5031848903
5032901591
5033954287
5035006969
5036059657
5037112343
5038165049
5039217721
5040270401
5041323097
5042375791
5043428479
5044481159
5045533849
5046586537
5047639231
5048691953
5049744677
5050797317
5051849977
5052902737
5053955351
5055008033
5056060747
5057113423
5058166097
5059218803
5060271473
5061324187
5062376857
5063429537
5064482249
5065534979
5066587621
5067640297
5068692989
5069745671
5070798353
5071851091
5072903743
5073956417
5075009119
5076061801
5077114487
5078167169
5079219911
5080272553
5081325281
5082377933
5083430609
5084483303
5085536017
5086588729
5087641393
5088694063
5089746743
5090799449
5091852149
5092904801
5093957489
5095010213
5096062871
5097115561
5098168249
5099220947
5100273617
5101326341
5102379017
5103431693
5104484383
5105537057
5106589799
5107642457
5108695147
5109747823
5110800517
5111853191
5112905879
5113958569
5115011263
5116063943
5117116661
5118169339
5119222007
5120274701
5121327383
5122380083
5123432759
5124485447
5125538137
5126590817
5127643519
5128696219
5129748881
5130801583
5131854269
5132906963
5133959647
5135012341
5136065021
5137117717
5138170391
5139223073
5140275769
5141328509
5142381143
5143433831
5144486539
5145539213
5146591903
5147644577
5148697319
5149749953
5150802659
5151855383
5152908023
5153960743
5155013401
5156066099
5157118777
5158171457
5159224153
5160276841
5161329533
5162382209
5163434909
5164487611
5165540327
5166592967
5167645649
5168698361
5169751043
5170803713
5171856401
5172909089
5173961809
5175014491
5176067207
5177119907
5178172529
5179225229
5180277911
5181330613
5182383307
5183435981
5184488669
5185541353
5186594057
5187646769
5188699409
5189752097
5190804793
5191857487
5192910187
5193962867
5195015563
5196068261
5197120933
5198173609
5199226369
5200278977
5201331677
5202384359
5203437047
5204489753
5205542437
5206595143
5207647801
5208700559
5209753177
5210805877
5211858551
5212911233
5213963933
5215016617
5216069401
5217122021
5218174721
5219227369
5220280063
5221332761
5222385433
5223438119
5224490801
5225543497
5226596189
5227648883
5228701553
5229754241
5230806949
5231859629
5232912353
5233964993
5235017761
5236070377
5237123077
5238175757
5239228457
5240281139
5241333833
5242386511
5243439197
5244491873
5245544569
5246597297
5247649987
5248702703
5249755349
5250808067
5251860689
5252913427
5253966073
5255018773
5256071453
5257124129
5258176843
5259229529
5260282219
5261334919
5262387569
5263440257
5264492951
5265545651
5266598327
5267651017
5268703709
5269756409
5270809091
5271861779
5272914457
5273967151
5275019839
5276072521
5277125201
5278177897
5279230589
5280283319
5281335959
5282388653
5283441329
5284494029
5285546723
5286599393
5287652087
5288704781
5289757471
5290810181
5291862847
5292915553
5293968209
5295020911
5296073617
5297126327
5298178997
5299231657
5300284349
5301337033
5302389721
5303442433
5304495109
5305547789
5306600477
5307653191
5308705847
5309758537
5310811217
5311863929
5312916599
5313969299
5315022023
5316074681
5317127359
5318180039
5319232729
5320285417
5321338123
5322390809
5323443491
5324496187
5325548849
5326601563
5327654239
5328706939
5329759679
5330812313
5331864997
5332917679
5333970379
5335023041
5336075779
5337128417
5338181129
5339233817
5340286543
5341339169
5342391889
5343444553
5344497233
5345549939
5346602627
5347655351
5348707999
5349760697
5350813381
5351866061
5352918737
5353971433
5355024133
5356076813
5357129489
5358182231
5359234871
5360287567
5361340249
5362392947
5363445691
5364498319
5365551007
5366603681
5367656369
5368709063
5369761753
5370814441
5371867121
5372919809
5373972533
5375025199
5376077879
5377130567
5378183267
5379235937
5380288681
5381341321
5382394007
5383446689
5384499389
5385552091
5386604753
5387657441
5388710147
5389762831
5390815517
5391868201
5392920887
5393973583
5395026293
5396078951
5397131639
5398184327
5399237029
5400289709
5401342433
5402395087
5403447817
5404500461
5405553149
5406605879
5407658513
5408711219
5409763897
5410816591
5411869283
5412921953
5413974653
5415027329
5416080023
5417132711
5418185401
5419238089
5420290787
5421343541
5422396153
5423448841
5424501527
5425554217
5426606903
5427659609
5428712273
5429765069
5430817649
5431870351
5432923033
5433975739
5435028419
5436081097
5437133789
5438186473
5439239173
5440291847
5441344603
5442397223
5443449919
5444502617
5445555281
5446607987
5447660663
5448713371
5449766081
5450818729
5451871417
5452924117
5453976791
5455029499
5456082167
5457134863
5458187543
5459240231
5460292913
5461345601
5462398313
5463450983
5464503673
5465556361
5466609047
5467661741
5468714417
5469767113
5470819807
5471872541
5472925193
5473977863
5475030569
5476083251
5477135927
5478188627
5479241303
5480293997
5481346691
5482399361
5483452109
5484504749
5485557443
5486610133
5487662819
5488715501
5489768183
5490820873
5491873559
5492926247
5493978949
5495031617
5496084329
5497137029
5498189687
5499242389
5500295057
5501347771
5502400433
5503453139
5504505829
5505558497
5506611197
5507663879
5508716573
5509769257
5510821951
5511874637
5512927333
5513980007
5515032697
5516085397
5517138101
5518190761
5519243459
5520296153
5521348849
5522401517
5523454249
5524506901
5525559617
5526612257
5527664953
5528717639
5529770321
5530823021
5531875709
5532928483
5533981073
5535033767
5536086463
5537139233
5538191851
5539244527
5540297207
5541349889
5542402583
5543455273
5544507973
5545560653
5546613407
5547666023
5548718711
5549771401
5550824089
5551876801
5552929457
5553982153
5555034853
5556087527
5557140209
5558192929
5559245611
5560298327
5561350961
5562403673
5563456369
5564509033
5565561713
5566614401
5567667089
5568719797
5569772479
5570825159
5571877847
5572930529
5573983237
5575035919
5576088599
5577141319
5578193977
5579246681
5580299381
5581352053
5582404753
5583457417
5584510117
5585562817
5586615487
5587668161
5588720861
5589773543
5590826237
5591878927
5592931627
5593984339
5595037013
5596089683
5597142367
5598195067
5599247729
5600300477
5601353111
5602405793
5603458493
5604511169
5605563877
5606616679
5607669239
5608721941
5609774609
5610827303
5611879993
5612932753
5613985369
5615038073
5616090751
5617143437
5618196113
5619248807
5620301521
5621354237
5622406873
5623459561
5624512261
5625564929
5626617629
5627670311
5628722999
5629775681
5630828381
5631881063
5632933751
5633986433
5635039127
5636091823
5637144521
5638197193
5639249899
5640302573
5641355261
5642407937
5643460633
5644513367
5645566009
5646618709
5647671377
5648724091
5649776761
5650829441
5651882179
5652934841
5653987531
5655040207
5656092887
5657145581
5658198269
5659250963
5660303639
5661356329
5662409041
5663461711
5664514391
5665567097
5666619767
5667672487
5668725197
5669777833
5670830597
5671883219
5672935909
5673988597
5675041331
5676093959
5677146641
5678199341
5679252017
5680304711
5681357401
5682410093
5683462769
5684515489
5685568153
5686620857
5687673529
5688726257
5689778953
5690831623
5691884293
5692936973
5693989649
5695042373
5696095037
5697147713
5698200407
5699253089
5700305777
5701358471
5702411153
5703463853
5704516529
5705569249
5706621911
5707674601
5708727287
5709780019
5710832663
5711885423
5712938051
5713990721
5715043417
5716096103
5717148799
5718201499
5719254241
5720306857
5721359561
5722412237
5723464949
5724517637
5725570289
5726622977
5727675697
5728728367
5729781041
5730833741
5731886431
5732939111
5733991799
5735044489
5736097181
5737149863
5738202551
5739255253
5740307933
5741360609
5742413353
5743466009
5744518673
5745571397
5746624073
5747676751
5748729431
5749782139
5750834813
5751887507
5752940189
5753992879
5755045553
5756098261
5757150941
5758203667
5759256337
5760309017
5761361707
5762414429
5763467081
5764519751
5765572469
5766625129
5767677857
5768730503
5769783191
5770835879
5771888567
5772941269
5773993943
5775046633
5776099327
5777152019
5778204689
5779257413
5780310071
5781362761
5782415459
5783468147
5784520879
5785573531
5786626199
5787678881
5788731607
5789784313
5790836951
5791889699
5792942329
5793995069
5795047729
5796100403
5797153093
5798205761
5799258449
5800311137
5801363837
5802416533
5803469209
5804521903
5805574597
5806627273
5807679953
5808732641
5809785329
5810838023
5811890731
5812943413
5813996129
5815048769
5816101481
5817154157
5818206833
5819259547
5820312229
5821364911
5822417591
5823470273
5824522997
5825575739
5826628337
5827681147
5828733719
5829786449
5830839103
5831891839
5832944473
5833997161
5835049861
5836102541
5837155217
5838207913
5839260593
5840313287
5841365969
5842418657
5843471351
5844524039
5845576787
5846629427
5847682111
5848734823
5849787491
5850840169
5851892857
5852945617
5853998237
5855050969
5856103609
5857156297
5858208977
5859261677
5860314391
5861367047
5862419743
5863472429
5864525141
5865577801
5866630489
5867683169
5868735889
5869788553
5870841271
5871893947
5872946647
5873999297
5875052009
5876104687
5877157381
5878210069
5879262743
5880315431
5881368121
5882420809
5883473503
5884526191
5885578877
5886631559
5887684241
5888736929
5889789617
5890842311
5891895001
5892947699
5894000381
5895053117
5896105763
5897158447
5898211127
5899263817
5900316511
5901369203
5902421923
5903474573
5904527249
5905579937
5906632631
5907685321
5908738007
5909790707
5910843383
5911896091
5912948753
5914001441
5915054129
5916106829
5917159511
5918212211
5919264893
5920317577
5921370277
5922422969
5923475641
5924528321
5925581009
5926633703
5927686403
5928739093
5929791773
5930844449
5931897173
5932949837
5934002521
5935055219
5936107921
5937160589
5938213327
5939265953
5940318641
5941371329
5942424029
5943476719
5944529401
5945582081
5946634777
5947687481
5948740207
5949792851
5950845539
5951898217
5952950897
5954003593
5955056297
5956108969
5957161657
5958214399
5959267033
5960319721
5961372419
5962425167
5963477783
5964530471
5965583153
5966635841
5967688547
5968741231
5969793961
5970846649
5971899299
5972951977
5974004711
5975057353
5976110047
5977162733
5978215409
5979268103
5980320791
5981373499
5982426169
5983478861
5984531543
5985584237
5986636913
5987689601
5988742301
5989795003
5990847671
5991900353
5992953047
5994005747
5995058479
5996111117
5997163793
5998216487
5999269169
6000321871
6001374559
6002427239
6003479927
6004532609
6005585297
6006637993
6007690739
6008743387
6009796049
6010848749
6011901433
6012954113
6014006809
6015059489
6016112191
6017164903
6018217553
6019270253
6020322943
6021375617
6022428367
6023480999
6024533687
6025586407
6026639081
6027691781
6028744433
6029797159
6030849827
6031902511
6032955241
6034007891
6035060561
6036113299
6037165951
6038218631
6039271361
6040324021
6041376697
6042429401
6043482089
6044534777
6045587441
6046640137
6047692879
6048745541
6049798193
6050850893
6051903577
6052956269
6054008953
6055061633
6056114327
6057167027
6058219721
6059272399
6060325081
6061377769
6062430457
6063483193
6064535849
6065588513
6066641209
6067693889
6068746591
6069799297
6070852009
6071904649
6072957337
6074010029
6075062711
6076115443
6077168101
6078220793
6079273471
6080326159
6081378847
6082431529
6083484233
6084536903
6085589597
6086642291
6087694969
6088747663
6089800391
6090853051
6091905733
6092958439
6094011109
6095063797
6096116483
6097169161
6098221849
6099274529
6100327241
6101379929
6102432593
6103485281
6104537983
6105590677
6106643399
6107696033
6108748721
6109801417
6110854097
6111906797
6112959553
6114012167
6115064881
6116117543
6117170233
6118222919
6119275619
6120328307
6121380983
6122433673
6123486353
6124539067
6125591819
6126644437
6127697113
6128749799
6129802517
6130855201
6131907863
6132960577
6134013241
6135065939
6136118623
6137171297
6138224009
6139276729
6140329367
6141382057
6142434743
6143487431
6144540121
6145592851
6146645489
6147698201
6148750879
6149803573
6150856321
6151908929
6152961637
6154014311
6155067001
6156119689
6157172383
6158225063
6159277753
6160330441
6161383133
6162435821
6163488547
6164541209
6165593893
6166646597
6167699261
6168751949
6169804631
6170857321
6171910021
6172962749
6174015377
6175068091
6176120777
6177173537
6178226147
6179278867
6180331543
6181384199
6182436899
6183489583
6184542257
6185594957
6186647639
6187700329
6188753023
6189805697
6190858417
6191911091
6192963787
6194016461
6195069143
6196121831
6197174537
6198227209
6199279903
6200332601
6201385271
6202437961
6203490653
6204543337
6205596017
6206648717
6207701399
6208754099
6209806783
6210859469
6211912159
6212964833
6214017527
6215070223
6216122909
6217175617
6218228311
6219280961
6220333661
6221386337
6222439049
6223491737
6224544433
6225597107
6226649797
6227702473
6228755167
6229807847
6230860549
6231913217
6232965917
6234018649
6235071281
6236123981
6237176677
6238229351
6239282087
6240334747
6241387409
6242440111
6243492791
6244545479
6245598173
6246650869
6247703549
6248756263
6249808921
6250861609
6251914297
6252967001
6254019743
6255072367
6256125061
6257177737
6258230423
6259283123
6260335811
6261388517
6262441177
6263493871
6264546559
6265599233
6266651933
6267704623
6268757303
6269809991
6270862687
6271915361
6272968069
6274020749
6275073461
6276126137
6277178801
6278231537
6279284197
6280336871
6281389577
6282442247
6283494941
6284547617
6285600317
6286653007
6287705687
6288758387
6289811083
6290863771
6291916447
6292969127
6294021857
6295074503
6296127199
6297179881
6298232561
6299285303
6300337943
6301390633
6302443321
6303496019
6304548739
6305601431
6306654089
6307706753
6308759473
6309812129
6310864817
6311917519
6312970193
6314022899
6315075577
6316128281
6317180953
6318233671
6319286327
6320339057
6321391709
6322444391
6323497073
6324549761
6325602449
6326655143
6327707833
6328760539
6329813239
6330865903
6331918577
6332971273
6334023959
6335076647
6336129379
6337182023
6338234737
6339287399
6340340087
6341392787
6342445469
6343498169
6344550833
6345603533
6346656221
6347708947
6348761597
6349814281
6350866981
6351919663
6352972421
6354025079
6355077737
6356130427
6357183089
6358235797
6359288471
6360341159
6361393891
6362446547
6363499249
6364551911
6365604601
6366657281
6367709983
6368762681
6369815371
6370868033
6371920733
6372973417
6374026111
6375078833
6376131493
6377184169
6378236867
6379289557
6380342237
6381394927
6382447609
6383500297
6384553009
6385605727
6386658389
6387711047
6388763753
6389816467
6390869117
6391921801
6392974501
6394027223
6395079857
6396132643
6397185233
6398237921
6399290617
6400343309
6401396009
6402448739
6403501361
6404554049
6405606737
6406659437
6407712149
6408764821
6409817497
6410870197
6411922871
6412975573
6414028301
6415080943
6416133637
6417186343
6418238993
6419291717
6420344383
6421397113
6422449777
6423502433
6424555121
6425607817
6426660517
6427713191
6428765879
6429818573
6430871257
6431923943
6432976657
6434029367
6435082001
6436134701
6437187401
6438240071
6439292777
6440345579
6441398149
6442450871
6443503519
6444556193
6445608913
6446661581
6447714263
6448766969
6449819641
6450872333
6451925009
6452977723
6454030393
6455083093
6456135773
6457188461
6458241137
6459293839
6460346521
6461399237
6462451889
6463504591
6464557271
6465609961
6466662641
6467715367
6468768017
6469820741
6470873401
6471926081
6472978781
6474031463
6475084171
6476136839
6477189541
6478242217
6479294897
6480347597
6481400279
6482452961
6483505657
6484558363
6485611039
6486663739
6487716413
6488769113
6489821777
6490874477
6491927159
6492979903
6494032549
6495085279
6496137959
6497190607
6498243307
6499295969
6500348683
6501401363
6502454087
6503506721
6504559409
6505612097
6506664869
6507717577
6508770217
6509822849
6510875617
6511928233
6512980931
6514033613
6515086297
6516139013
6517191679
6518244353
6519297053
6520349791
6521402417
6522455113
6523507799
6524560487
6525613207
6526665869
6527718557
6528771251
6529823941
6530876617
6531929317
6532982009
6534034691
6535087369
6536140063
6537192749
6538245449
6539298137
6540350801
6541403489
6542456177
6543508889
6544561567
6545614249
6546666953
6547719631
6548772361
6549824999
6550877689
6551930369
6552983111
6554035799
6555088439
6556141147
6557193821
6558246503
6559299211
6560351881
6561404617
6562457261
6563509943
6564562639
6565615313
6566668019
6567720701
6568773391
6569826089
6570878753
6571931449
6572984153
6574036891
6575089523
6576142217
6577194881
6578247589
6579300293
6580352983
6581405639
6582458347
6583511029
6584563721
6585616393
6586669073
6587721769
6588774449
6589827173
6590879833
6591932519
6592985209
6594037889
6595090577
6596143289
6597195973
6598248673
6599301347
6600354053
6601406711
6602459441
6603512081
6604564801
6605617481
6606670153
6607722841
6608775539
6609828217
6610880897
6611933617
6612986293
6614038973
6615091667
6616144351
6617197033
6618249739
6619302413
6620355107
6621407783
6622460477
6623513179
6624565841
6625618589
6626671253
6627723917
6628776653
6629829289
6630881981
6631934657
6632987401
6634040059
6635092757
6636145459
6637198163
6638250847
6639303497
6640356181
6641408863
6642461557
6643514257
6644566949
6645619627
6646672327
6647725001
6648777677
6649830353
6650883053
6651935737
6652988417
6654041131
6655093829
6656146489
6657199181
6658251857
6659304577
6660357233
6661409929
6662462641
6663515297
6664567991
6665620673
6666673361
6667726057
6668778773
6669831431
6670884113
6671936813
6672989501
6674042191
6675094873
6676147559
6677200247
6678252937
6679305641
6680358313
6681411019
6682463681
6683516383
6684569069
6685621753
6686674439
6687727129
6688779961
6689832547
6690885193
6691937873
6692990581
6694043261
6695095951
6696148643
6697201319
6698254001
6699306697
6700359427
6701412071
6702464759
6703517461
6704570129
6705622877
6706675511
6707728193
6708780901
6709833569
6710886283
6711938957
6712991647
6714044327
6715097027
6716149841
6717202391
6718255097
6719307769
6720360467
6721413137
6722465831
6723518531
6724571233
6725623901
6726676589
6727729271
6728782007
6729834677
6730887341
6731940029
6732992711
6734045429
6735098081
6736150777
6737203471
6738256201
6739308857
6740361533
6741414257
6742466897
6743519603
6744572297
6745624961
6746677667
6747730343
6748783087
6749835787
6750888407
6751941089
6752993809
6754046471
6755099159
6756151861
6757204543
6758257241
6759309911
6760362599
6761415289
6762467969
6763520671
6764573383
6765626047
6766678739
6767731409
6768784097
6769836793
6770889491
6771942167
6772994933
6774047551
6775100231
6776152967
6777205613
6778258297
6779311001
6780363671
6781416379
6782469061
6783521749
6784574441
6785627117
6786679793
6787732487
6788785181
6789837869
6790890581
6791943247
6792995921
6794048609
6795101303
6796153993
6797206697
6798259379
6799312087
6800364737
6801417451
6802470113
6803522809
6804575509
6805628201
6806680871
6807733561
6808786241
6809838943
6810891623
6811944313
6812997011
6814049681
6815102387
6816155063
6817207763
6818260459
6819313121
6820365809
6821418509
6822471199
6823523881
6824576609
6825629249
6826681963
6827734657
6828787327
6829840001
6830892703
6831945377
6832998167
6834050753
6835103441
6836156147
6837208817
6838261531
6839314213
6840366901
6841419577
6842472269
6843524953
6844577647
6845630333
6846683021
6847735723
6848788391
6849841073
6850893761
6851946463
6852999143
6854051837
6855104533
6856157219
6857209927
6858262603
6859315283
6860368103
6861420641
6862473349
6863526031
6864578729
6865631393
6866684093
6867736781
6868789457
6869842151
6870894847
6871947529
6873000223
6874052897
6875105647
6876158279
6877211069
6878263649
6879316357
6880369043
6881421731
6882474419
6883527107
6884579809
6885632491
6886685173
6887737841
6888790553
6889843253
6890895937
6891948611
6893001301
6894053981
6895106677
6896159351
6897212039
6898264781
6899317409
6900370129
6901422793
6902475479
6903528179
6904580869
6905633591
6906686231
6907738919
6908791651
6909844309
6910897013
6911949677
6913002367
6914055041
6915107729
6916160441
6917213119
6918265793
6919318501
6920371189
6921423869
6922476553
6923529289
6924581987
6925634609
6926687297
6927739993
6928792691
6929845411
6930898133
6931950737
6933003449
6934056113
6935108821
6936161509
6937214201
6938266883
6939319567
6940372261
6941424937
6942477617
6943530353
6944583053
6945635689
6946688381
6947741063
6948793771
6949846447
6950899129
6951951817
6953004503
6954057197
6955109897
6956162569
6957215263
6958267957
6959320649
6960373313
6961426007
6962478703
6963531391
6964584113
6965636753
6966689449
6967742137
6968794843
6969847513
6970900193
6971952919
6973005581
6974058277
6975110963
6976163723
6977216327
6978269017
6979321697
6980374447
6981427081
6982479761
6983532461
6984585143
6985637839
6986690533
6987743209
6988795901
6989848583
6990901271
6991954007
6993006653
6994059341
6995112017
6996164731
6997217393
6998270087
6999322789
7000375463
7001428157
7002480833
7003533521
7004586229
7005638911
7006691599
7007744273
7008796967
7009849661
7010902361
7011955033
7013007721
7014060409
7015113103
7016165839
7017218521
7018271153
7019323847
7020376537
7021429237
7022481943
7023534599
7024587293
7025639981
7026692711
7027745369
7028798047
7029850733
7030903487
7031956103
7033008809
7034061481
7035114179
7036166861
7037219537
7038272249
7039324913
7040377627
7041430301
7042482983
7043535671
7044588413
7045641059
7046693729
7047746441
7048799111
7049851793
7050904507
7051957177
7053009877
7054062551
7055115241
7056167927
7057220629
7058273317
7059325993
7060378697
7061431367
7062484073
7063536751
7064589431
7065642131
7066694813
7067747497
7068800183
7069852879
7070905573
7071958249
7073010979
7074063649
7075116311
7076169059
7077221681
7078274389
7079327063
7080379751
7081432447
7082485121
7083537809
7084590497
7085643203
7086695887
7087748617
7088801323
7089853963
7090906633
7091959337
7093012019
7094064689
7095117413
7096170091
7097222789
7098275449
7099328179
7100380817
7101433541
7102486201
7103538889
7104591583
7105644257
7106696951
7107749641
7108802321
7109855021
7110907703
7111960399
7113013081
7114065779
7115118449
7116171143
7117223831
7118276563
7119329201
7120381963
7121434577
7122487289
7123539977
7124592649
7125645343
7126698037
7127750717
7128803413
7129856113
7130908783
7131961469
7133014159
7134066853
7135119569
7136172233
7137224917
7138277617
7139330279
7140383011
7141435661
7142488337
7143541061
7144593727
7145646437
7146699101
7147751777
7148804479
7149857173
7150909859
7151962547
7153015223
7154067937
7155120601
7156173347
7157225989
7158278657
7159331357
7160384051
7161436721
7162489441
7163542123
7164594793
7165647481
7166700161
7167752849
7168805549
7169858237
7170910919
7171963613
7173016327
7174068983
7175121691
7176174413
7177227049
7178279749
7179332437
7180385117
7181437799
7182490489
7183543181
7184595863
7185648571
7186701257
7187753921
7188806683
7189859309
7190912023
7191964673
7193017367
7194070061
7195122751
7196175523
7197228127
7198280821
7199333507
7200386189
7201438877
7202491559
7203544259
7204596953
7205649637
7206702313
7207755007
7208807719
7209860369
7210913081
7211965751
7213018447
7214071133
7215123809
7216176511
7217229191
7218281879
7219334593
7220387249
7221439937
7222492631
7223545331
7224598061
7225650697
7226703403
7227756073
7228808753
7229861449
7230914137
7231966849
7233019589
7234072199
7235124899
7236177583
7237230257
7238283023
7239335639
7240388341
7241441071
7242493721
7243546421
7244599081
7245651761
7246704463
7247757137
7248809837
7249862519
7250915201
7251967889
7253020603
7254073331
7255125979
7256178659
7257231433
7258284023
7259336717
7260389413
7261442113
7262494801
7263547463
7264600151
7265652833
7266705587
7267758209
7268810933
7269863597
7270916273
7271968973
7273021697
7274074337
7275127031
7276179719
7277232433
7278285097
7279337801
7280390497
7281443159
7282495859
7283548567
7284601231
7285653937
7286706593
7287759289
7288811969
7289864671
7290917353
7291970041
7293022721
7294075409
7295128097
7296180839
7297233473
7298286169
7299338863
7300391537
7301444261
7302496939
7303549609
7304602301
7305654997
7306707701
7307760367
7308813101
7309865749
7310918423
7311971113
7313023801
7314076501
7315129183
7316181869
7317234569
7318287259
7319339921
7320392617
7321445303
7322497991
7323550687
7324603373
7325656061
7326708737
7327761439
7328814127
7329866807
7330919501
7331972209
7333024877
7334077579
7335130259
7336182947
7337235623
7338288311
7339340993
7340393689
7341446369
7342499071
7343551751
7344604471
7345657133
7346709823
7347762547
7348815191
7349867887
7350920561
7351973257
7353025957
7354078639
7355131349
7356184007
7357236703
7358289377
7359342079
7360394773
7361447449
7362500179
7363552849
7364605529
7365658193
7366710887
7367763587
7368816283
7369868953
7370921633
7371974327
7373027023
7374079729
7375132399
7376185081
7377237773
7378290449
7379343143
7380395837
7381448513
7382501213
7383553901
7384606597
7385659273
7386711971
7387764653
7388817343
7389870017
7390922711
7391975399
7393028081
7394080769
7395133547
7396186159
7397238839
7398291533
7399344241
7400396909
7401449591
7402502279
7403554969
7404607657
7405660351
7406713043
7407765719
7408818401
7409871143
7410923789
7411976479
7413029159
7414081847
7415134543
7416187243
7417239911
7418292593
7419345293
7420398001
7421450671
7422503359
7423556033
7424608757
7425661409
7426714103
7427766821
7428819493
7429872161
7430924857
7431977561
7433030237
7434082927
7435135619
7436188301
7437241001
7438293691
7439346413
7440399049
7441451741
7442504431
7443557123
7444609817
7445662519
7446715169
7447767871
7448820551
7449873239
7450925953
7451978609
7453031303
7454083997
7455136673
7456189387
7457242061
7458294737
7459347437
7460400119
7461452807
7462505497
7463558183
7464610871
7465663553
7466716253
7467768937
7468821631
7469874311
7470927001
7471979681
7473032389
7474085057
7475137811
7476190483
7477243133
7478295829
7479348497
7480401197
7481453873
7482506569
7483559257
7484611973
7485664633
7486717321
7487770009
7488822689
7489875401
7490928073
7491980761
7493033447
7494086129
7495138817
7496191511
7497244199
7498296881
7499349589
7500402257
7501454953
7502507633
7503560359
7504613041
7505665751
7506718393
7507771079
7508823809
7509876467
7510929157
7511981843
7513034521
7514087213
7515139897
7516192589
7517245321
7518297973
7519350649
7520403353
7521456077
7522508767
7523561393
7524614081
7525666817
7526719457
7527772163
7528824869
7529877547
7530930241
7531982911
7533035641
7534088273
7535140993
7536193661
7537246369
7538299049
7539351727
7540404461
7541457101
7542509809
7543562483
7544615153
7545667859
7546720541
7547773223
7548825917
7549878599
7550931281
7551983969
7553036669
7554089351
7555142033
7556194733
7557247421
7558300153
7559352809
7560405481
7561458193
7562510861
7563563537
7564616231
7565669039
7566721609
7567774297
7568826983
7569879683
7570932389
7571985041
7573037741
7574090423
7575143119
7576195807
7577248531
7578301169
7579353857
7580406551
7581459233
7582511947
7583564617
7584617317
7585670051
7586722769
7587775361
7588828073
7589880787
7590933433
7591986133
7593038801
7594091501
7595144201
7596196873
7597249573
7598302259
7599354937
7600407643
7601460313
7602513007
7603565689
7604618407
7605671069
7606723753
7607776441
7608829181
7609881827
7610934517
7611987203
7613039891
7614092561
7615145309
7616197957
7617250633
7618303349
7619356001
7620408703
7621461433
7622514091
7623566761
7624619461
7625672129
7626724817
7627777511
7628830199
7629882917
7630935581
7631988307
7633040951
7634093641
7635146339
7636199017
7637251711
7638304417
7639357153
7640409787
7641462449
7642515143
7643567839
7644620527
7645673201
7646725897
7647778591
7648831313
7649884013
7650936653
7651989343
7653042041
7654094737
7655147483
7656200089
7657252769
7658305463
7659358151
7660410839
7661463533
7662516223
7663568909
7664621663
7665674309
7666726973
7667779657
7668832357
7669885037
7670937731
7671990409
7673043101
7674095791
7675148471
7676201161
7677253861
7678306549
7679359217
7680412073
7681464601
7682517287
7683569989
7684622657
7685675357
7686728033
7687780819
7688833421
7689886109
7690938791
7691991493
7693044169
7694096857
7695149543
7696202273
7697254963
7698307601
7699360327
7700412977
7701465689
7702518353
7703571067
7704623791
7705676431
7706729113
7707781811
7708834517
7709887183
7710939857
7711992551
7713045253
7714097927
7715150617
7716203303
7717255993
7718308699
7719361379
7720414061
7721466749
7722519473
7723572127
7724624807
7725677497
7726730189
7727782877
7728835553
7729888267
7730940929
7731993617
7733046337
7734099007
7735151737
7736204389
7737257081
7738309751
7739362441
7740415139
7741467907
7742520547
7743573197
7744625873
7745678579
7746731257
7747783937
7748836637
7749889313
7750942007
7751994709
7753047433
7754100103
7755152759
7756205461
7757258129
7758310829
7759363517
7760416193
7761468899
7762521587
7763574293
7764626977
7765679683
7766732321
7767785023
7768837697
7769890391
7770943097
7771995761
7773048457
7774101211
7775153843
7776206533
7777259219
7778311927
7779364597
7780417297
7781469953
7782522647
7783575353
7784628037
7785680813
7786733399
7787786087
7788838769
7789891471
7790944171
7791996893
7793049587
7794102259
7795154897
7796207641
7797260281
7798312961
7799365649
7800418343
7801471031
7802523713
7803576409
7804629097
7805681791
7806734477
7807787159
7808839867
7809892529
7810945253
7811997943
7813050611
7814103301
7815156007
7816208683
7817261357
7818314041
7819366721
7820419423
7821472103
7822524791
7823577493
7824630161
7825682867
7826735537
7827788249
7828840913
7829893613
7830946307
7831998997
7833051671
7834104361
7835157073
7836209743
7837262453
7838315117
7839367891
7840420487
7841473169
7842525863
7843578569
7844631241
7845683977
7846736633
7847789297
7848841997
7849894673
7850947369
7852000049
7853052791
7854105439
7855158119
7856210821
7857263497
7858316233
7859368873
7860421561
7861474261
7862526937
7863579617
7864632311
7865685011
7866737731
7867790387
7868843077
7869895751
7870948451
7872001127
7873053827
7874106503
7875159211
7876211879
7877264597
7878317257
7879369961
7880422643
7881475337
7882528051
7883580689
7884633413
7885686073
7886738807
7887791441
7888844177
7889896823
7890949531
7892002193
7893054919
7894107577
7895160257
7896212969
7897265639
7898318321
7899371009
7900423703
7901476391
7902529097
7903581811
7904634461
7905687137
7906739963
7907792531
7908845207
7909897889
7910950591
7912003277
7913055967
7914108659
7915161367
7916214023
7917266719
7918319393
7919372081
7920424801
7921477463
7922530199
7923582833
7924635529
7925688209
7926740911
7927793591
7928846311
7929898993
7930951663
7932004337
7933057031
7934109719
7935162409
7936215151
7937267783
7938320473
7939373153
7940425853
7941478603
7942531217
7943583929
7944636599
7945689289
7946741969
7947794671
7948847419
7949900039
7950952741
7952005409
7953058117
7954110821
7955163473
7956216187
7957268887
7958321543
7959374263
7960426927
7961479609
7962532297
7963584989
7964637671
7965690379
7966743053
7967795729
7968848417
7969901111
7970953811
7972006481
7973059189
7974111877
7975164577
7976217239
7977269921
7978322621
7979375363
7980428033
7981480673
7982533399
7983586049
7984638751
7985691433
7986744127
7987796809
7988849521
7989902177
7990954877
7992007553
7993060259
7994112947
7995165617
7996218331
7997270999
7998323687
7999376393
8000429057
8001481751
8002534433
8003587129
8004639809
8005692511
8006745191
8007797881
8008850581
8009903329
8010955957
8012008657
8013061313
8014114039
8015166703
8016219403
8017272113
8018324759
8019377441
8020430141
8021482867
8022535529
8023588211
8024640889
8025693607
8026746307
8027798959
8028851797
8029904327
8030957017
8032009729
8033062393
8034115087
8035167761
8036220461
8037273137
8038325861
8039378561
8040431209
8041483903
8042536591
8043589277
8044641953
8045694667
8046747341
8047800023
8048852717
8049905417
8050958089
8052010777
8053063457
8054116157
8055168851
8056221533
8057274241
8058326951
8059379591
8060432279
8061484961
8062537673
8063590343
8064643061
8065695727
8066748407
8067801089
8068853783
8069906483
8070959153
8072011877
8073064529
8074117217
8075169923
8076222629
8077275281
8078327989
8079380669
8080433399
8081486041
8082538733
8083591421
8084644103
8085696809
8086749481
8087802169
8088854867
8089907537
8090960239
8092012933
8093065601
8094118327
8095170997
8096223671
8097276391
8098329097
8099381803
8100434437
8101487161
8102539793
8103592493
8104645249
8105697857
8106750583
8107803241
8108855921
8109908621
8110961297
8112013999
8113066681
8114119367
8115172049
8116224749
8117277473
8118330133
8119382819
8120435489
8121488261
8122540871
8123593567
8124646267
8125698937
8126751617
8127804313
8128856999
8129909707
8130962381
8132015057
8133067759
8134120439
8135173121
8136225817
8137278529
8138331211
8139383891
8140436651
8141489353
8142542027
8143594633
8144647319
8145700021
8146752689
8147805389
8148858097
8149910761
8150963441
8152016179
8153068871
8154121511
8155174207
8156226889
8157279577
8158332257
8159384951
8160437633
8161490321
8162543023
8163595703
8164648391
8165701097
8166753767
8167806461
8168859173
8169911837
8170964519
8172017221
8173069907
8174122589
8175175289
8176227967
8177280647
8178333341
8179386023
8180438803
8181491407
8182544081
8183596777
8184649471
8185702159
8186754841
8187807521
8188860209
8189912903
8190965591
8192018291
8193070969
8194123657
8195176351
8196229039
8197281713
8198334401
8199387137
8200439783
8201492479
8202545173
8203597849
8204650567
8205703241
8206755911
8207808601
8208861313
8209913981
8210966711
8212019359
8213072053
8214124741
8215177409
8216230147
8217282797
8218335497
8219388173
8220440873
8221493597
8222546231
8223598913
8224651607
8225704301
8226756983
8227809677
8228862373
8229915073
8230967729
8232020431
8233073201
8234125793
8235178487
8236231193
8237283877
8238336551
8239389241
8240441921
8241494623
8242547351
8243600003
8244652697
8245705361
8246758049
8247810749
8248863457
8249916121
8250968827
8252021521
8253074177
8254126913
8255179561
8256232261
8257284943
8258337643
8259390401
8260443043
8261495689
8262548383
8263601063
8264653811
8265706453
8266759141
8267811821
8268864503
8269917199
8270969879
8272022579
8273075297
8274127937
8275180633
8276233331
8277286033
8278338689
8279391403
8280444097
8281496791
8282549449
8283602203
8284654841
8285707561
8286760213
8287812913
8288865589
8289918281
8290970983
8292023657
8293076327
8294129017
8295181703
8296234409
8297287093
8298339769
8299392481
8300445151
8301497833
8302550533
8303603201
8304655901
8305708591
8306761273
8307813959
8308866677
8309919383
8310972031
8312024713
8313077407
8314130093
8315182831
8316235493
8317288151
8318340913
8319393521
8320446227
8321498921
8322551591
8323604309
8324656987
8325709681
8326762337
8327815033
8328867731
8329920413
8330973103
8332025777
8333078471
8334131189
8335183841
8336236537
8337289267
8338341923
8339394601
8340447287
8341499977
8342552711
8343605351
8344658033
8345710757
8346763471
8347816133
8348868791
8349921473
8350974193
8352026867
8353079551
8354132233
8355184927
8356237609
8357290313
8358343009
8359395677
8360448359
8361501047
8362553783
8363606417
8364659117
8365711793
8366764519
8367817169
8368869863
8369922557
8370975259
8372027921
8373080629
8374133297
8375186011
8376238679
8377291361
8378344049
8379396743
8380449443
8381502133
8382554849
8383607513
8384660213
8385712873
8386765561
8387818291
8388871009
8389923667
8390976323
8392028999
8393081687
8394134369
8395187057
8396239777
8397292447
8398345127
8399397817
8400450521
8401503193
8402555873
8403608569
8404661269
8405713949
8406766637
8407819339
8408872097
8409924709
8410977383
8412030089
8413082753
8414135447
8415188137
8416240823
8417293517
8418346259
8419398881
8420451581
8421504293
8422556951
8423609651
8424662327
8425715057
8426767697
8427820391
8428873121
8429925761
8430978449
8432031149
8433083831
8434136539
8435189209
8436241901
8437294577
8438347277
8439399961
8440452661
8441505337
8442558029
8443610737
8444663393
8445716101
8446768777
8447821489
8448874151
8449926883
8450979527
8452032221
8453084897
8454137603
8455190299
8456242979
8457295681
8458348343
8459401087
8460453719
8461506419
8462559089
8463611797
8464664561
8465717167
8466769841
8467822529
8468875267
8469927913
8470980593
8472033281
8473085977
8474138683
8475191369
8476244053
8477296753
8478349469
8479402097
8480454841
8481507497
8482560169
8483612869
8484665543
8485718239
8486770927
8487823609
8488876313
8489928991
8490981739
8492034371
8493087089
8494139749
8495192437
8496245111
8497297807
8498350493
8499403169
8500455863
8501508551
8502561247
8503613929
8504666617
8505719311
8506771993
8507824673
8508877361
8509930061
8510982749
8512035437
8513088121
8514140801
8515193507
8516246183
8517298957
8518351559
8519404247
8520456947
8521509631
8522562329
8523614993
8524667693
8525720377
8526773077
8527825793
8528878433
8529931121
8530983841
8532036521
8533089193
8534141873
8535194561
8536247267
8537299987
8538352631
8539405327
8540458019
8541510697
8542563397
8543616097
8544668789
8545721441
8546774129
8547826829
8548879541
8549932199
8550984943
8552037619
8553090257
8554143043
8555195687
8556248369
8557301009
8558353723
8559406393
8560459091
8561511809
8562564463
8563617137
8564669849
8565722549
8566775209
8567827901
8568880601
8569933279
8570985959
8572038653
8573091367
8574144023
8575196723
8576249411
8577302089
8578354777
8579407469
8580460157
8581512839
8582565533
8583618227
8584670933
8585723593
8586776311
8587828969
8588881667
