5
7
17
67
71
257
263
269
1031
1033
1039
1049
1051
1061
4099
4111
4127
4129
4133
4139
4153
4157
4159
16411
16417
16421
16427
16433
16447
16451
16453
16477
16481
16487
16493
16519
16529
16547
16553
16561
16567
65537
65539
65543
65551
65557
65563
65579
65581
65587
65599
65609
65617
65629
65633
65647
65651
65657
65677
65687
65699
65701
65707
65713
65717
65719
65729
65731
65761
65777
65789
262147
262151
262153
262187
262193
262217
262231
262237
262253
262261
262271
262303
262313
262321
262331
262337
262349
262351
262369
262387
262391
262399
262411
262433
262459
262469
262489
262501
262511
262513
262519
262541
262543
262553
262567
262583
262597
262621
262627
262643
262649
262651
262657
262681
262693
262697
262709
262723
262733
262739
262741
262747
262781
262783
262807
262819
1048583
1048589
1048601
1048609
1048613
1048627
1048633
1048661
1048681
1048703
1048709
1048717
1048721
1048759
1048783
1048793
1048799
1048807
1048829
1048837
1048847
1048867
1048877
1048889
1048891
1048897
1048909
1048919
1048963
1048991
1049011
1049023
1049039
1049051
1049057
1049063
1049077
1049089
1049093
1049101
1049117
1049129
1049131
1049137
1049141
1049143
1049171
1049173
1049177
1049183
1049201
1049219
1049227
1049239
1049263
1049281
1049297
1049333
1049339
1049387
1049413
1049429
1049437
1049459
1049471
1049473
1049479
1049483
1049497
1049509
1049519
1049527
1049533
1049537
1049549
1049569
1049599
1049603
1049611
1049623
1049639
1049663
1049677
1049681
1049683
1049687
1049707
1049717
1049747
1049773
1049791
1049809
1049821
1049827
1049833
1049837
1049843
1049849
1049857
4194319
4194329
4194353
4194371
4194389
4194397
4194403
4194409
4194419
4194433
4194439
4194451
4194493
4194503
4194511
4194523
4194527
4194559
4194581
4194583
4194599
4194601
4194637
4194643
4194661
4194677
4194679
4194713
4194719
4194739
4194761
4194769
4194781
4194793
4194823
4194847
4194851
4194857
4194863
4194871
4194887
4194907
4194917
4194919
4194961
4194973
4194989
4195001
4195019
4195021
4195027
4195033
4195057
4195063
4195117
4195127
4195129
4195157
4195183
4195189
4195201
4195211
4195229
4195231
4195249
4195253
4195259
4195271
4195273
4195283
4195291
4195297
4195307
4195309
4195327
4195349
4195357
4195421
4195441
4195463
4195483
4195487
4195493
4195501
4195531
4195547
4195559
4195573
4195579
4195589
4195619
4195621
4195649
4195657
4195679
4195703
4195747
4195759
4195771
4195777
4195801
4195823
4195847
4195859
4195861
4195871
4195879
4195883
4195921
4195937
4195949
4195951
4195969
4195973
4195999
4196011
4196057
4196077
4196081
4196089
4196099
4196119
4196147
4196149
4196167
4196177
4196183
4196233
4196237
4196239
4196249
4196267
4196299
4196303
4196333
4196341
4196347
4196363
4196369
4196371
4196389
4196393
4196407
4196417
4196459
4196497
4196509
4196513
4196527
4196567
4196573
4196581
4196629
4196641
4196657
4196659
4196683
4196713
4196737
4196747
4196779
4196789
4196791
4196809
4196821
4196837
4196839
4196849
4196867
4196869
4196893
4196897
4196903
4196917
4196923
4196939
4196953
4196981
4196987
4196993
4196999
4197007
4197019
4197031
4197091
4197097
16777259
16777289
16777291
16777331
16777333
16777337
16777381
16777421
16777441
16777447
16777469
16777499
16777507
16777531
16777571
16777577
16777597
16777601
16777619
16777633
16777639
16777643
16777669
16777679
16777681
16777699
16777711
16777721
16777723
16777729
16777751
16777777
16777781
16777807
16777811
16777823
16777829
16777837
16777853
16777903
16777907
16777949
16777967
16777973
16777987
16777991
16778009
16778023
16778071
16778077
16778089
16778123
16778129
16778137
16778147
16778173
16778227
16778231
16778291
16778309
16778357
16778383
16778401
16778413
16778429
16778441
16778449
16778453
16778497
16778521
16778537
16778543
16778549
16778561
16778603
16778623
16778627
16778633
16778639
16778683
16778689
16778701
16778771
16778789
16778809
16778819
16778821
16778837
16778857
16778863
16778869
16778887
16778897
16778911
16778917
16778929
16778947
16778959
16778981
16778989
16779001
16779013
16779041
16779053
16779151
16779163
16779173
16779179
16779181
16779193
16779199
16779211
16779229
16779239
16779247
16779253
16779283
16779293
16779307
16779311
16779317
16779341
16779361
16779377
16779403
16779407
16779431
16779439
16779449
16779461
16779479
16779491
16779509
16779523
16779533
16779551
16779559
16779599
16779647
16779667
16779671
16779677
16779691
16779703
16779713
16779727
16779733
16779743
16779751
16779757
16779767
16779779
16779803
16779809
16779823
16779839
16779863
16779871
16779877
16779881
16779899
16779911
16779913
16779929
16779937
16779943
16779953
16779979
16779989
16779991
16780007
16780031
16780051
16780073
16780079
16780091
16780157
16780163
16780187
16780199
16780201
16780213
16780229
16780237
16780259
16780273
16780289
16780333
16780369
16780381
16780391
16780399
16780417
16780447
16780453
16780459
16780483
16780487
16780493
16780523
16780537
16780541
16780567
16780571
16780597
16780601
16780607
16780609
16780633
16780651
16780669
16780681
16780723
16780727
16780787
16780789
16780801
16780817
16780831
16780837
16780843
16780867
16780873
16780901
16780909
16780919
16780963
16780979
16780987
16780991
16780997
16781033
16781059
16781077
16781081
16781117
16781129
16781143
16781147
16781183
16781197
16781203
16781207
16781243
16781263
16781273
16781287
16781293
16781299
16781327
16781353
16781357
16781371
16781381
16781393
16781407
16781437
16781441
16781477
16781483
16781537
16781539
16781551
16781563
16781593
16781603
16781621
16781623
16781627
16781629
16781641
16781647
16781671
16781701
16781707
16781711
16781719
16781747
16781753
16781797
16781801
16781803
16781813
16781827
16781851
16781879
16781903
16781909
16781917
16781939
16781953
16781957
16781971
16781977
16781983
16782001
16782011
16782037
16782041
16782047
16782071
16782091
16782119
16782133
16782151
16782167
16782197
16782209
16782277
16782287
16782289
16782299
16782313
16782319
16782343
16782347
16782391
16782401
16782413
16782419
16782449
16782457
16782461
16782473
16782487
16782509
16782527
16782551
16782559
16782581
16782583
16782589
16782611
16782671
16782673
67108879
67108913
67108919
67108933
67108957
67108961
67108981
67109023
67109033
67109051
67109071
67109123
67109131
67109167
67109171
67109177
67109191
67109201
67109209
67109221
67109227
67109233
67109243
67109269
67109281
67109291
67109299
67109321
67109323
67109363
67109407
67109417
67109431
67109443
67109479
67109507
67109519
67109543
67109563
67109573
67109593
67109629
67109633
67109663
67109671
67109687
67109701
67109723
67109737
67109747
67109759
67109773
67109923
67109941
67109969
67110007
67110013
67110023
67110073
67110077
67110083
67110091
67110107
67110139
67110149
67110151
67110161
67110167
67110191
67110209
67110221
67110247
67110259
67110269
67110283
67110301
67110311
67110331
67110353
67110367
67110377
67110391
67110419
67110457
67110467
67110469
67110479
67110493
67110497
67110521
67110541
67110551
67110557
67110559
67110569
67110599
67110601
67110607
67110613
67110647
67110653
67110661
67110677
67110709
67110733
67110739
67110779
67110817
67110829
67110839
67110847
67110851
67110853
67110881
67110889
67110929
67110931
67110943
67110947
67111013
67111027
67111043
67111067
67111129
67111139
67111151
67111183
67111193
67111199
67111201
67111237
67111241
67111271
67111273
67111277
67111321
67111333
67111339
67111349
67111367
67111381
67111391
67111403
67111417
67111459
67111483
67111489
67111507
67111567
67111579
67111609
67111619
67111657
67111661
67111663
67111679
67111703
67111721
67111739
67111757
67111783
67111831
67111871
67111879
67111909
67111921
67111973
67111981
67111987
67112011
67112021
67112029
67112033
67112041
67112081
67112093
67112113
67112131
67112147
67112167
67112173
67112197
67112231
67112239
67112249
67112267
67112273
67112299
67112329
67112333
67112341
67112347
67112371
67112377
67112393
67112399
67112411
67112417
67112443
67112471
67112483
67112491
67112501
67112509
67112533
67112593
67112609
67112611
67112629
67112653
67112657
67112659
67112743
67112767
67112779
67112789
67112797
67112813
67112819
67112833
67112849
67112869
67112891
67112897
67112909
67112911
67112933
67112951
67112971
67112987
67113001
67113017
67113019
67113083
67113089
67113091
67113097
67113113
67113121
67113139
67113157
67113191
67113203
67113217
67113223
67113251
67113253
67113257
67113271
67113283
67113311
67113323
67113367
67113373
67113383
67113401
67113413
67113437
67113443
67113451
67113463
67113469
67113547
67113559
67113587
67113593
67113601
67113619
67113653
67113661
67113677
67113689
67113703
67113713
67113721
67113727
67113731
67113749
67113769
67113797
67113799
67113811
67113821
67113877
67113901
67113911
67113919
67113923
67113929
67113941
67113989
67114001
67114031
67114043
67114067
67114097
67114121
67114123
67114141
67114183
67114193
67114199
67114231
67114237
67114273
67114279
67114291
67114301
67114309
67114339
67114367
67114373
67114379
67114387
67114393
67114423
67114427
67114469
67114471
67114501
67114507
67114513
67114603
67114609
67114643
67114681
67114709
67114711
67114717
67114739
67114741
67114753
67114763
67114807
67114841
67114847
67114849
67114867
67114891
67114921
67114933
67114937
67114987
67115017
67115051
67115057
67115063
67115071
67115089
67115101
67115117
67115123
67115137
67115149
67115159
67115179
67115183
67115203
67115221
67115227
67115267
67115287
67115297
67115327
67115329
67115359
67115369
67115381
67115393
67115443
67115479
67115491
67115533
67115539
67115569
67115593
67115603
67115617
67115621
67115683
67115687
67115717
67115723
67115747
67115753
67115761
67115777
67115791
67115801
67115821
67115887
67115903
67115941
67115959
67115963
67115989
67116053
67116059
67116079
67116083
67116089
67116107
67116149
67116157
67116169
67116173
67116193
67116197
67116223
67116233
67116253
67116293
67116311
67116317
67116347
67116367
67116383
67116389
67116397
67116407
67116431
67116443
67116449
67116451
67116479
67116481
67116487
67116523
67116547
67116601
67116619
67116649
67116659
67116661
67116667
67116703
67116727
67116733
67116739
67116743
67116761
67116787
67116809
67116869
67116883
67116887
67116913
67116961
67116971
67116977
67116989
67117007
67117009
67117021
67117031
67117073
67117079
67117097
67117117
67117121
67117147
67117157
67117181
67117189
67117231
67117273
67117277
67117301
67117319
67117321
67117331
67117333
67117361
67117409
67117423
67117433
67117493
67117499
67117517
67117541
67117543
67117553
67117559
67117597
67117607
67117619
67117627
67117643
67117681
67117691
67117723
67117793
67117829
67117859
67117901
67117903
67117907
67117951
67117961
67117991
67118003
67118027
67118039
67118041
67118053
67118101
67118113
67118143
67118173
67118179
67118221
67118251
67118273
67118309
67118323
67118339
67118411
67118413
67118419
67118423
67118437
67118461
67118509
67118539
67118551
67118563
67118591
67118593
67118651
67118663
67118677
67118687
67118717
67118747
67118749
67118759
67118783
67118809
67118861
67118869
67118881
67118911
67118921
67118939
67118951
67118959
67118969
67118977
67118981
67119007
67119011
67119109
67119113
67119139
67119163
67119197
67119203
67119251
67119263
67119271
67119287
67119301
67119307
67119319
67119323
67119389
67119391
67119397
67119421
67119467
67119469
67119491
67119509
67119511
67119539
67119551
67119607
67119623
67119649
67119667
67119691
67119697
67119749
67119769
67119797
67119821
67119827
67119841
67119851
67119869
67119931
67119937
67119971
67120019
67120057
67120093
67120117
67120153
67120159
67120211
67120237
67120241
67120243
67120271
67120283
67120307
67120327
67120337
67120373
67120379
67120409
67120441
67120447
67120453
67120481
67120499
67120541
67120579
67120609
67120621
67120633
67120657
67120681
67120699
67120717
67120741
67120751
67120763
67120769
67120771
268435459
268435463
268435493
268435523
268435537
268435561
268435577
268435579
268435597
268435631
268435639
268435649
268435669
268435697
268435711
268435723
268435747
268435751
268435757
268435813
268435823
268435873
268435879
268435889
268435961
268435987
268436011
268436041
268436053
268436071
268436081
268436087
268436089
268436141
268436167
268436177
268436191
268436219
268436249
268436261
268436263
268436269
268436279
268436281
268436291
268436327
268436407
268436419
268436429
268436431
268436453
268436507
268436563
268436629
268436653
268436669
268436671
268436677
268436687
268436699
268436741
268436743
268436747
268436759
268436767
268436797
268436801
268436803
268436821
268436827
268436837
268436863
268436867
268436879
268436899
268436941
268436957
268436981
268437011
268437017
268437031
268437047
268437049
268437067
268437097
268437107
268437119
268437131
268437151
268437161
268437173
268437193
268437223
268437227
268437241
268437287
268437317
268437329
268437343
268437349
268437383
268437409
268437431
268437451
268437457
268437469
268437511
268437523
268437563
268437569
268437593
268437629
268437647
268437709
268437713
268437721
268437731
268437749
268437751
268437781
268437839
268437847
268437857
268437889
268437907
268437919
268437929
268437943
268438013
268438031
268438033
268438039
268438043
268438063
268438073
268438081
268438139
268438147
268438153
268438187
268438199
268438201
268438223
268438229
268438243
268438253
268438271
268438277
268438337
268438399
268438459
268438493
268438501
268438531
268438553
268438559
268438571
268438591
268438627
268438633
268438657
268438679
268438697
268438741
268438777
268438787
268438829
268438831
268438843
268438871
268438873
268438879
268438883
268438901
268438913
268438927
268438969
268438991
268438999
268439009
268439021
268439023
268439057
268439069
268439081
268439123
268439159
268439161
268439183
268439189
268439207
268439251
268439263
268439267
268439273
268439287
268439291
268439293
268439309
268439351
268439357
268439359
268439363
268439383
268439387
268439407
268439491
268439579
268439593
268439599
268439609
268439621
268439627
268439651
268439659
268439663
268439681
268439723
268439729
268439767
268439783
268439789
268439791
268439803
268439807
268439827
268439849
268439851
268439891
268439917
268439929
268439959
268439971
268440017
268440043
268440049
268440083
268440097
268440101
268440103
268440127
268440163
268440223
268440229
268440247
268440317
268440397
268440409
268440433
268440437
268440449
268440451
268440457
268440463
268440479
268440503
268440541
268440551
268440577
268440581
268440593
268440611
268440629
268440631
268440649
268440673
268440691
268440713
268440719
268440743
268440779
268440803
268440827
268440833
268440859
268440881
268440901
268440941
268440943
268440961
268440979
268441009
268441021
268441051
268441097
268441099
268441127
268441153
268441181
268441189
268441193
268441219
268441241
268441259
268441333
268441351
268441363
268441399
268441403
268441417
268441421
268441451
268441469
268441471
268441477
268441507
268441517
268441559
268441567
268441573
268441601
268441639
268441651
268441669
268441687
268441727
268441729
268441757
268441787
268441813
268441871
268441879
268441903
268441931
268441933
268441939
268441949
268441967
268441969
268441973
268441997
268442017
268442021
268442023
268442033
268442063
268442071
268442081
268442093
268442107
268442117
268442137
268442173
268442179
268442201
268442227
268442231
268442233
268442261
268442263
268442281
268442309
268442311
268442327
268442347
268442353
268442381
268442387
268442399
268442413
268442417
268442491
268442513
268442519
268442527
268442533
268442557
268442623
268442627
268442653
268442663
268442677
268442701
268442723
268442737
268442771
268442789
268442809
268442831
268442873
268442917
268442921
268442927
268442947
268442969
268442983
268442989
268443011
268443059
268443061
268443067
268443101
268443173
268443187
268443199
268443221
268443223
268443283
268443293
268443319
268443323
268443341
268443349
268443361
268443397
268443437
268443443
268443503
268443509
268443541
268443577
268443589
268443613
268443619
268443641
268443661
268443677
268443689
268443697
268443701
268443709
268443713
268443731
268443739
268443751
268443779
268443793
268443811
268443827
268443839
268443841
268443863
268443869
268443907
268443919
268443947
268444003
268444013
268444019
268444037
268444049
268444051
268444067
268444069
268444087
268444123
268444129
268444147
268444171
268444181
268444223
268444243
268444303
268444321
268444333
268444349
268444367
268444403
268444439
268444441
268444457
268444481
268444487
268444499
268444511
268444541
268444601
268444609
268444613
268444667
268444669
268444697
268444699
268444727
268444733
268444747
268444789
268444859
268444877
268444907
268444933
268444951
268444963
268444973
268444993
268444997
268445041
268445057
268445077
268445119
268445137
268445161
268445171
268445179
268445207
268445209
268445237
268445267
268445273
268445291
268445297
268445299
268445377
268445381
268445407
268445447
268445519
268445537
268445539
268445549
268445563
268445579
268445629
268445651
268445659
268445677
268445729
268445731
268445741
268445777
268445789
268445791
268445797
268445809
268445831
268445843
268445867
268445897
268445909
268445917
268445921
268445977
268446001
268446023
268446049
268446053
268446067
268446083
268446089
268446097
268446103
268446131
268446149
268446151
268446163
268446169
268446173
268446197
268446203
268446223
268446251
268446259
268446289
268446323
268446361
268446397
268446403
268446413
268446419
268446427
268446457
268446491
268446509
268446539
268446551
268446553
268446569
268446599
268446601
268446653
268446671
268446679
268446683
268446691
268446727
268446757
268446781
268446791
268446797
268446809
268446833
268446851
268446859
268446863
268446901
268446911
268446929
268447001
268447013
268447019
268447021
268447027
268447043
268447063
268447079
268447087
268447117
268447121
268447141
268447147
268447163
268447189
268447199
268447243
268447273
268447297
268447307
268447313
268447327
268447331
268447339
268447349
268447351
268447363
268447373
268447411
268447423
268447441
268447483
268447547
268447567
268447573
268447589
268447603
268447607
268447639
268447661
268447687
268447717
268447747
268447793
268447807
268447819
268447831
268447847
268447849
268447859
268447873
268447877
268447891
268447897
268447909
268447943
268447957
268447981
268448023
268448027
268448051
268448107
268448113
268448149
268448153
268448239
268448261
268448291
268448293
268448303
268448317
268448329
268448333
268448347
268448393
268448419
268448461
268448489
268448497
268448503
268448507
268448599
268448603
268448633
268448639
268448641
268448671
268448693
268448707
268448729
268448731
268448743
268448749
268448753
268448783
268448821
268448827
268448837
268448839
268448867
268448903
268448923
268448951
268448963
268448981
268448987
268449019
268449037
268449061
268449067
268449113
268449121
268449127
268449151
268449173
268449199
268449221
268449281
268449283
268449299
268449361
268449403
268449409
268449437
268449439
268449443
268449481
268449521
268449539
268449557
268449631
268449647
268449653
268449667
268449691
268449707
268449743
268449749
268449751
268449757
268449761
268449773
268449787
268449791
268449833
268449871
268449877
268449893
268449901
268449931
268449943
268449949
268449983
268449991
268450019
268450037
268450051
268450057
268450073
268450087
268450097
268450099
268450103
268450157
268450199
268450201
268450211
268450241
268450249
268450253
268450271
268450277
268450279
268450291
268450337
268450339
268450363
268450381
268450393
268450423
268450439
268450463
268450489
268450529
268450537
268450547
268450573
268450583
268450603
268450613
268450619
268450631
268450661
268450667
268450673
268450727
268450729
268450771
268450781
268450807
268450811
268450817
268450837
268450879
268450891
268450901
268450913
268450921
268450933
268450939
268450991
268450993
268451011
268451017
268451033
268451039
268451047
268451077
268451087
268451129
268451189
268451207
268451219
268451221
268451237
268451251
268451257
268451297
268451321
268451327
268451329
268451333
268451341
268451371
268451387
268451411
268451419
268451453
268451461
268451483
268451507
268451527
268451531
268451549
268451591
268451609
268451629
268451633
268451669
268451683
268451749
268451783
268451809
268451861
268451863
268451867
268451899
268451903
268451933
268451941
268451957
268451987
268451993
268452011
268452017
268452029
268452031
268452061
268452071
268452073
268452127
268452137
268452187
268452211
268452221
268452263
268452269
268452271
268452293
268452307
268452319
268452323
268452337
268452347
268452377
268452383
268452409
268452421
268452469
268452479
268452487
268452497
268452511
268452533
268452553
268452589
268452599
268452607
268452637
268452659
268452677
268452689
268452731
268452817
268452869
268452883
268452907
268452911
268452937
268452973
268452997
268453021
268453037
268453057
268453061
268453067
268453099
268453111
268453177
268453249
268453301
268453313
268453333
268453351
268453357
268453399
268453403
268453411
268453433
268453439
268453441
268453483
268453487
268453501
268453529
268453553
268453571
268453621
268453649
268453651
268453663
268453699
268453709
268453721
268453729
268453733
268453751
268453753
268453763
268453807
268453813
268453819
268453837
268453847
268453849
268453873
268453883
268453891
268453901
268453903
268453943
268453949
268453963
268453967
268453973
268454027
268454033
268454041
268454057
268454077
268454099
268454149
268454159
268454161
268454167
268454209
268454227
268454231
268454237
268454243
268454257
268454269
268454279
268454281
268454297
268454309
268454311
268454323
268454341
268454353
268454399
268454419
268454437
268454449
268454489
268454503
268454509
268454519
268454539
268454567
268454587
268454603
268454611
268454617
268454623
268454657
268454677
268454687
268454707
268454723
268454773
268454777
268454801
268454807
268454821
268454843
268454861
268454867
268454881
268454887
268454909
268454917
268454959
268454981
268454983
268454987
268454993
268455029
268455043
268455101
268455113
268455127
268455137
268455151
268455157
268455169
268455191
268455227
268455247
268455269
268455329
268455353
268455359
268455371
268455373
268455391
268455401
268455437
268455457
268455463
268455469
268455479
268455491
268455527
268455553
268455557
268455601
268455613
268455623
268455631
268455637
268455647
268455679
268455689
268455709
268455743
268455749
268455763
268455779
268455797
268455799
268455809
268455829
268455851
268455881
268455893
268455911
268455919
268455949
268455953
268455973
268456049
268456051
268456079
268456091
268456099
268456109
268456117
268456157
268456159
268456169
268456193
268456211
268456217
268456229
268456241
268456261
268456343
268456361
268456369
268456387
268456403
268456411
268456417
268456459
268456477
268456481
268456523
268456553
268456577
268456579
268456613
268456637
268456703
268456711
268456717
268456763
268456801
268456849
268456879
268456883
268456891
268456907
268456919
268456921
268456927
268456939
268456957
268456961
268456963
268456967
268456999
268457039
268457051
268457083
268457087
268457153
268457191
268457201
268457227
268457239
268457249
268457261
268457309
268457333
268457341
268457351
268457359
268457393
268457407
268457411
268457417
268457419
268457429
268457443
268457507
268457531
268457537
268457599
268457641
268457647
268457653
268457671
268457689
268457699
268457701
268457741
268457743
268457747
268457753
268457759
268457779
268457801
268457809
