5
7
17
67
97
257
347
431
1031
1201
1367
1543
1709
1877
4099
4561
5009
5471
5923
6373
6827
7283
7741
16411
17299
18211
19121
20029
20939
21851
22769
23669
24593
25523
26399
27329
28219
29129
30047
30949
31859
65537
67723
69911
72089
74279
76463
78643
80831
83009
85193
87383
89561
91753
93937
96137
98297
100483
102667
104849
107033
109229
111409
113591
115769
117959
120157
122321
124513
126691
128873
262147
266837
271517
276191
280871
285553
290233
294919
299603
304279
308989
313637
318319
322999
327689
332393
337049
341729
346417
351097
355777
360457
365129
369821
374501
379177
383869
388541
393241
397897
402581
407257
411937
416621
421303
425987
430663
435343
440023
444713
449399
454079
458747
463433
468109
472793
477497
482179
486833
491527
496211
500881
505559
510241
514933
519611
1048583
1059169
1069777
1080353
1090949
1101533
1112129
1122721
1133317
1143943
1154509
1165079
1175677
1186291
1196857
1207447
1218043
1228631
1239223
1249811
1260401
1271027
1281587
1292177
1302787
1313357
1323967
1334537
1345129
1355741
1366327
1376899
1387499
1398083
1408697
1419263
1429859
1440449
1451039
1461631
1472239
1482809
1493423
1504033
1514587
1525207
1535767
1546357
1556963
1567541
1578133
1588729
1599319
1609901
1620497
1631101
1641709
1652267
1662863
1673447
1684063
1694647
1705241
1715821
1726409
1736993
1747591
1758179
1768771
1779361
1789951
1800541
1811141
1821731
1832329
1842913
1853497
1864087
1874699
1885267
1895869
1906453
1917049
1927631
1938227
1948847
1959407
1969997
1980607
1991177
2001787
2012363
2022971
2033543
2044151
2054729
2065363
2075917
2086501
4194319
4216871
4239419
4261963
4284523
4307057
4329631
4352171
4374739
4397279
4419823
4442357
4464917
4487479
4510021
4532581
4555121
4577669
4600231
4622767
4645309
4667881
4690409
4712957
4735513
4758071
4780637
4803157
4825759
4848269
4870819
4893367
4915961
4938467
4961017
4983581
5006119
5028703
5051209
5073763
5096323
5118871
5141407
5163959
5186509
5209069
5231623
5254157
5276707
5299267
5321837
5344421
5366969
5389481
5412019
5434573
5457113
5479667
5502209
5524759
5547317
5569859
5592407
5614957
5637521
5660059
5682631
5705159
5727707
5750263
5772817
5795369
5817907
5840473
5863009
5885599
5908121
5930657
5953219
5975773
5998339
6020867
6043417
6065963
6088513
6111071
6133607
6156169
6178717
6201259
6223813
6246371
6268939
6291469
6314039
6336559
6359107
6381659
6404227
6426757
6449309
6471877
6494417
6516959
6539513
6562057
6584609
6607163
6629713
6652273
6674809
6697357
6719917
6742459
6765019
6787577
6810119
6832663
6855217
6877763
6900337
6922879
6945437
6967967
6990517
7013057
7035607
7058159
7080713
7103269
7125809
7148357
7170907
7193497
7216009
7238573
7261153
7283657
7306207
7328771
7351313
7373857
7396423
7419007
7441513
7464059
7486607
7509157
7531709
7554277
7576843
7599367
7621909
7644467
7667021
7689557
7712123
7734659
7757207
7779763
7802323
7824881
7847407
7870007
7892513
7915069
7937621
7960157
7982729
8005271
8027807
8050379
8072921
8095459
8118023
8140571
8163107
8185657
8208251
8230769
8253337
8275873
8298427
8321003
8343523
8366069
16777259
16827301
16877383
16927487
16977547
17027623
17077703
17127809
17177873
17227949
17278031
17328121
17378189
17428297
17478359
17528503
17578523
17628601
17678681
17728757
17778869
17828947
17879021
17929099
17979161
18029251
18079343
18129409
18179503
18229573
18279673
18329741
18379811
18429899
18480001
18530059
18580139
18630217
18680317
18730391
18780473
18830573
18880633
18930721
18980783
19030877
19080979
19131029
19181111
19231187
19281277
19331357
19381457
19431523
19481599
19531697
19581767
19631839
19681919
19731997
19782079
19832161
19882243
19932331
19982407
20032483
20082577
20132683
20182727
20232841
20282903
20332979
20383049
20433137
20483213
20533307
20583377
20633489
20683547
20733631
20783713
20833783
20883859
20933947
20984021
21034129
21084187
21134273
21184349
21234427
21284519
21334613
21384673
21434753
21484831
21534967
21584999
21635137
21685163
21735251
21785321
21835447
21885491
21935581
21985643
22035731
22085803
22135907
22185971
22236047
22286141
22336219
22386293
22436383
22486459
22536541
22586633
22636697
22686793
22736869
22786961
22837027
22887101
22937191
22987267
23037349
23087437
23137511
23187587
23237689
23287751
23337869
23387921
23438027
23488093
23538167
23588237
23638327
23688397
23738479
23788591
23838643
23888729
23938801
23988901
24038977
24089047
24139127
24189227
24239317
24289381
24339449
24389531
24439621
24489701
24539777
24589889
24639949
24690019
24740099
24790177
24840313
24890351
24940427
24990517
25040599
25090669
25140761
25190833
25240939
25291003
25341073
25391159
25441249
25491311
25541393
25591507
25641563
25691639
25741717
25791811
25841911
25891963
25942093
25992137
26042213
26092291
26142371
26192459
26242561
26292631
26342689
26392771
26442883
26492933
26543029
26593093
26643191
26693273
26743349
26793449
26843503
26893597
26943673
26993761
27043823
27093947
27144001
27194107
27244153
27294247
27344311
27394439
27444481
27494557
27544633
27594727
27644797
27694883
27744961
27795041
27845119
27895199
27945283
27995381
28045447
28095523
28145609
28195697
28245779
28295867
28345943
28396019
28446109
28496191
28546253
28596389
28646417
28696511
28746583
28796671
28846757
28896827
28946917
28996993
29047063
29097181
29147227
29197331
29247389
29297483
29347553
29397637
29447729
29497813
29547877
29597959
29648039
29698139
29748233
29798287
29848361
29898487
29948533
29998603
30048713
30098773
30148847
30198941
30249019
30299089
30349171
30399269
30449357
30499423
30549553
30599587
30649667
30699737
30749819
30799919
30850007
30900059
30950141
31000237
31050307
31100389
31150507
31200551
31250663
31300729
31350797
31400869
31450961
31501037
31551137
31601203
31651307
31701403
31751441
31801541
31851613
31901699
31951771
32001911
32051933
32102003
32152103
32202167
32252251
32302343
32352443
32402501
32452571
32502653
32552743
32602813
32652899
32702983
32753059
32803151
32853229
32903303
32953387
33003461
33053557
33103649
33153709
33203813
33253877
33303961
33354049
33404113
33454199
33504281
67108879
67215389
67321909
67428461
67535009
67641479
67747997
67854539
67961051
68067569
68174107
68280607
68387173
68493653
68600177
68706697
68813249
68919757
69026263
69132841
69239309
69345833
69452351
69558871
69665399
69771937
69878437
69984973
70091491
70198019
70304557
70411049
70517617
70624109
70730641
70837159
70943681
71050183
71156737
71263271
71369761
71476283
71582857
71689327
71795849
71902357
72008887
72115399
72221921
72328447
72434983
72541489
72648019
72754567
72861053
72967597
73074097
73180619
73287157
73393669
73500187
73606721
73713239
73819771
73926287
74032813
74139347
74245861
74352361
74458897
74565419
74671931
74778449
74884991
74991541
75098029
75204589
75311063
75417583
75524167
75630677
75737149
75843683
75950213
76056727
76163239
76269757
76376327
76482803
76589327
76695851
76802387
76908911
77015461
77121937
77228513
77334991
77441501
77548021
77654579
77761067
77867593
77974109
78080663
78187157
78293701
78400199
78506719
78613261
78719779
78826303
78932827
79039333
79145851
79252373
79358899
79465433
79571953
79678471
79784989
79891507
79998047
80104553
80211073
80317597
80424119
80530643
80637199
80743681
80850227
80956727
81063251
81169789
81276311
81382813
81489337
81595859
81702407
81808901
81915437
82021949
82128467
82234991
82341533
82448033
82554559
82661081
82767637
82874153
82980643
83087167
83193697
83300213
83406731
83513273
83619791
83726303
83832821
83939363
84045869
84152389
84258907
84365467
84471953
84578477
84685009
84791519
84898043
85004567
85111097
85217609
85324133
85430677
85537181
85643693
85750219
85856773
85963301
86069803
86176303
86282831
86389349
86495869
86602427
86708929
86815457
86921971
87028583
87135011
87241573
87348061
87454573
87561109
87667633
87774143
87880679
87987181
88093729
88200241
88306759
88413301
88519789
88626313
88732883
88839367
88945877
89052419
89158933
89265443
89371979
89478503
89585017
89691583
89798053
89904623
90011101
90117619
90224177
90330661
90437183
90543707
90650237
90756751
90863273
90969793
91076317
91182841
91289399
91395971
91502407
91608943
91715447
91821971
91928533
92035039
92141563
92248081
92354579
92461129
92567689
92674171
92780671
92887189
92993711
93100243
93206779
93313291
93419891
93526327
93632843
93739367
93845893
93952427
94058933
94165469
94272007
94378513
94485047
94591547
94698067
94804601
94911107
95017639
95124157
95230673
95337199
95443717
95550269
95656763
95763337
95869811
95976347
96082849
96189377
96295907
96402421
96508963
96615461
96721981
96828517
96935057
97041619
97148089
97254607
97361123
97467649
97574161
97680679
97787219
97893737
98000261
98106769
98213317
98319833
98426347
98532859
98639381
98745937
98852431
98958947
99065497
99171997
99278527
99385051
99491591
99598097
99704617
99811121
99917647
100024181
100130711
100237223
100343729
100450267
100556801
100663319
100769827
100876361
100982867
101089397
101195909
101302429
101408963
101515481
101622007
101728519
101835043
101941559
102048103
102154603
102261127
102367663
102474173
102580717
102687227
102793741
102900263
103006807
103113317
103219859
103326367
103432867
103539409
103645937
103752437
103858957
103965481
104071999
104178521
104285063
104391583
104498087
104604631
104711227
104817653
104924177
105030703
105137251
105243769
105350293
105456787
105563317
105669829
105776353
105882883
105989399
106095917
106202471
106309039
106415483
106522019
106628537
106735049
106841599
106948133
107054639
107161151
107267669
107374217
107480707
107587241
107693753
107800309
107906791
108013351
108119863
108226357
108332923
108439427
108545923
108652459
108758989
108865499
108972029
109078547
109185107
109291579
109398131
109504627
109611181
109717667
109824223
109930729
110037241
110143763
110250281
110356811
110463371
110569843
110676407
110782891
110889421
110995957
111102457
111208987
111315511
111422021
111528539
111635071
111741583
111848111
111954649
112061149
112167689
112274209
112380721
112487261
112593773
112700303
112806817
112913341
113019871
113126383
113232901
113339431
113445971
113552489
113659057
113765537
113872027
113978569
114085087
114191593
114298117
114404657
114511171
114617677
114724201
114830747
114937261
115043771
115150289
115256809
115363337
115469863
115576381
115682921
115789463
115895957
116002493
116108989
116215511
116322053
116428567
116535101
116641619
116748127
116854663
116961199
117067703
117174247
117280741
117387253
117493787
117600317
117706819
117813463
117919891
118026397
118132913
118239427
118345949
118452469
118558991
118665523
118772041
118878563
118985093
119091611
119198141
119304671
119411167
119517707
119624213
119730733
119837257
119943799
120050299
120156821
120263347
120369889
120476413
120582919
120689447
120795971
120902477
121009001
121115549
121222043
121328567
121435117
121541611
121648129
121754651
121861189
121967711
122074231
122180749
122287267
122393783
122500307
122606831
122713351
122819891
122926411
123032947
123139439
123245963
123352511
123459041
123565577
123672067
123778591
123885101
123991633
124098151
124204657
124311179
124417763
124524227
124630771
124737307
124843799
124950311
125056843
125163377
125269877
125376403
125482957
125589479
125695981
125802491
125909027
126015553
126122081
126228617
126335119
126441641
126548159
126654667
126761203
126867733
126974249
127080823
127187279
127293809
127400327
127506889
127613377
127719883
127826437
127932967
128039449
128145973
128252543
128359037
128465567
128572099
128678609
128785103
128891629
128998147
129104683
129211207
129317719
129424271
129530759
129637283
129743807
129850333
129956861
130063393
130169891
130276417
130382933
130489483
130595981
130702519
130809043
130915553
131022091
131128597
131235131
131341631
131448169
131554699
131661197
131767723
131874257
131980777
132087301
132193829
132300391
132406871
132513377
132619931
132726421
132832943
132939463
133046021
133152541
133259029
133365563
133472077
133578617
133685129
133791641
133898161
134004707
134111203
268435459
268666681
268897897
269129093
269360389
269591507
269822767
270053947
270285139
270516371
270747571
270978791
271210013
271441217
271672441
271903607
272134843
272366033
272597243
272828453
273059669
273290881
273522077
273753287
273984497
274215713
274446919
274678127
274909337
275140639
275371777
275602969
275834203
276065401
276296609
276527809
276759017
276990229
277221479
277452647
277683869
277915069
278146283
278377511
278608697
278839927
279071119
279302327
279533561
279764753
279996019
280227179
280458383
280689613
280920811
281152019
281383229
281614427
281845637
282076877
282308057
282539281
282770497
283001699
283232897
283464107
283695329
283926527
284157761
284388961
284620183
284851373
285082579
285313799
285545009
285776213
286007417
286238653
286469849
286701061
286932259
287163469
287394697
287625887
287857099
288088321
288319517
288550781
288781939
289013167
289244363
289475573
289706777
289937987
290169247
290400431
290631617
290862829
291094051
291325249
291556471
291787679
292018889
292250099
292481351
292712543
292943719
293174927
293406143
293637353
293868577
294099797
294331003
294562189
294793469
295024633
295255841
295487029
295718237
295949449
296180693
296411867
296643089
296874287
297105499
297336713
297568001
297799127
298030339
298261553
298492759
298723969
298955191
299186399
299417609
299648819
299880041
300111257
300342461
300573697
300804859
301036067
301267297
301498489
301729711
301960907
302192141
302423351
302654593
302885747
303116981
303348209
303579391
303810593
304041797
304273009
304504229
304735427
304966657
305197847
305429071
305660273
305891497
306122711
306353921
306585119
306816353
307047541
307278743
307509973
307741169
307972367
308203583
308434799
308666021
308897243
309128453
309359647
309590843
309822077
310053269
310284509
310515677
310746889
310978099
311209307
311440523
311671769
311902963
312134149
312365371
312596567
312827777
313059037
313290209
313521419
313752617
313983827
314215037
314446267
314677459
314908681
315139921
315371087
315602299
315833513
316064719
316295989
316527149
316758347
316989571
317220767
317451983
317683189
317914409
318145613
318376829
318608039
318839273
319070471
319301659
319532879
319764083
319995287
320226503
320457707
320688937
320920133
321151339
321382561
321613771
321844993
322076179
322307387
322538599
322769831
323001023
323232323
323463443
323694647
323925863
324157109
324388283
324619487
324850703
325081951
325313119
325544353
325775543
326006797
326237969
326469181
326700377
326931589
327162851
327394027
327625229
327856429
328087637
328318849
328550063
328781267
329012491
329243687
329474923
329706119
329937319
330168547
330399737
330630953
330862223
331093387
331324601
331555799
331786997
332018207
332249417
332480651
332711837
332943047
333174287
333405469
333636697
333867893
334099109
334330309
334561523
334792729
335023961
335255149
335486357
335717617
335948801
336179989
336411197
336642407
336873623
337104827
337336073
337567247
337798459
338029693
338260891
338492113
338723327
338954507
339185729
339416977
339648137
339879347
340110557
340341791
340572977
340804187
341035459
341266609
341497879
341729029
341960237
342191449
342422659
342653893
342885083
343116311
343347497
343578713
343809919
344041141
344272339
344503609
344734763
344965969
345197207
345428387
345659627
345890821
346122019
346353233
346584451
346815647
347046871
347278069
347509301
347740487
347971697
348202909
348434123
348665327
348896549
349127767
349359067
349590169
349821377
350052601
350283811
350515031
350746223
350977433
351208657
351439877
351671069
351902273
352133489
352364699
352595897
352827113
353058317
353289533
353520779
353751961
353983159
354214379
354445577
354676801
354907999
355139227
355370429
355601633
355832837
356064053
356295257
356526481
356757691
356988889
357220103
357451307
357682529
357913727
358144939
358376149
358607363
358838593
359069779
359300989
359532209
359763431
359994619
360225829
360457051
360688249
360919487
361150667
361381877
361613113
361844321
362075521
362306717
362537927
362769139
363000349
363231563
363462773
363693983
363925187
364156421
364387631
364618817
364850033
365081237
365312527
365543657
365774867
366006077
366237299
366468503
366699709
366930919
367162151
367393337
367624577
367855769
368086969
368318191
368549413
368780623
369011807
369243029
369474227
369705451
369936653
370167857
370399097
370630291
370861501
371092703
371323933
371555117
371786369
372017621
372248777
372479959
372711169
372942377
373173587
373404817
373636049
373867243
374098441
374329673
374560859
374792057
375023267
375254521
375485687
375716899
375948107
376179317
376410527
376641757
376872973
377104177
377335381
377566601
377797789
378028999
378260209
378491447
378722633
378953881
379185047
379416277
379647479
379878691
380109929
380341151
380572327
380803537
381034751
381265949
381497147
381728359
381959581
382190777
382421999
382653197
382884433
383115637
383346841
383578037
383809247
384040487
384271673
384502897
384734111
384965333
385196507
385427747
385658939
385890137
386121361
386352559
386583767
386814997
387046217
387277403
387508663
387739843
387971033
388202251
388433447
388664723
388895867
389127077
389358301
389589553
389820709
390051947
390283139
390514351
390745549
390976763
391208009
391439203
391670401
391901599
392132831
392364019
392595293
392826437
393057647
393288871
393520069
393751321
393982583
394213709
394444927
394676129
394907353
395138537
395369761
395600969
395832191
396063377
396294593
396525797
396757027
396988219
397219429
397450637
397681849
397913057
398144281
398375503
398606699
398837921
399069109
399300347
399531527
399762791
399993949
400225171
400456367
400687591
400918813
401149997
401381263
401612473
401843677
402074843
402306059
402537259
402768467
402999691
403230887
403462121
403693307
403924517
404155751
404386951
404618177
404849377
405080609
405311779
405542993
405774197
406005437
406236643
406467839
406699081
406930247
407161481
407392673
407623889
407855137
408086321
408317537
408548729
408779939
409011149
409242347
409473557
409704767
409935991
410167187
410398427
410629619
410860819
411092047
411323239
411554471
411785677
412016903
412248077
412479323
412710499
412941721
413172941
413404129
413635337
413866549
414097759
414328987
414560197
414791387
415022617
415253807
415485071
415716227
415947439
416178647
416409857
416641073
416872277
417103499
417334711
417565921
417797119
418028341
418259549
418490753
418721957
418953193
419184379
419415629
419646797
419878009
420109223
420340441
420571643
420802883
421034057
421265279
421496483
421727723
421958909
422190107
422421317
422652653
422883737
423114947
423346159
423577411
423808577
424039841
424270997
424502213
424733443
424964627
425195879
425427061
425658281
425889473
426120679
426351889
426583103
426814313
427045523
427276747
427507939
427739149
427970363
428201621
428432789
428663999
428895223
429126413
429357637
429588851
429820037
430051253
430282481
430513679
430744879
430976099
431207317
431438507
431669717
431900927
432132167
432363377
432594593
432825769
433056983
433288211
433519439
433750619
433981837
434213029
434444251
434675453
434906663
435137873
435369107
435600301
435831497
436062707
436293929
436525183
436756343
436987547
437218787
437449973
437681203
437912413
438143597
438374831
438606023
438837229
439068449
439299671
439530863
439762073
439993283
440224493
440455699
440686927
440918129
441149327
441380549
441611759
441842993
442074169
442305377
442536593
442767797
442999009
443230237
443461427
443692637
443923861
444155057
444386287
444617479
444848687
445079903
445311133
445542347
445773527
446004737
446235961
446467159
446698391
446929589
447160789
447392017
447623269
447854437
448085629
448316849
448548059
448779271
449010481
449241703
449472887
449704097
449935313
450166523
450397777
450628987
450860161
451091411
451322593
451553783
451784987
452016199
452247409
452478629
452709863
452941037
453172253
453403459
453634679
453865891
454097087
454328299
454559507
454790759
455021939
455253151
455484347
455715577
455946767
456178003
456409199
456640403
456871619
457102819
457334057
457565263
457796491
458027663
458258893
458490077
458721287
458952503
459183733
459414979
459646127
459877351
460108559
460339799
460571029
460802179
461033407
461264597
461495813
461727017
461958251
462189437
462420649
462651857
462883093
463114283
463345513
463576699
463807921
464039137
464270327
464501549
464732753
464963963
465195173
465426389
465657587
465888811
466120007
466351267
466582427
466813649
467044847
467276111
467507267
467738483
467969713
468200917
468432119
468663323
468894553
469125781
469356947
469588157
469819381
470050579
470281843
470513039
470744231
470975419
471206633
471437867
471669049
471900271
472131479
472362677
472593893
472825117
473056321
473287517
473518739
473749949
473981149
474212371
474443569
474674789
474906011
475137203
475368407
475599637
475830847
476062087
476293247
476524457
476755691
476986883
477218087
477449317
477680513
477911723
478142939
478374157
478605353
478836557
479067817
479298991
479530187
479761417
479992607
480223823
480455047
480686243
480917447
481148659
481379881
481611077
481842301
482073511
482304707
482535919
482767151
482998363
483229561
483460801
483692003
483923183
484154389
484385617
484616849
484848053
485079229
485310437
485541649
485772869
486004067
486235301
486466493
486697703
486928913
487160129
487391327
487622557
487853761
488084957
488316173
488547391
488778637
489009827
489241043
489472219
489703427
489934637
490165883
490397057
490628267
490859483
491090693
491321899
491553107
491784323
492015553
492246743
492477959
492709169
492940391
493171597
493402799
493633999
493865209
494096429
494327629
494558839
494790067
495021277
495252467
495483713
495714907
495946103
496177313
496408529
496639739
496870937
497102147
497333357
497564591
497795777
498026999
498258217
498489427
498720637
498951829
499183043
499414303
499645457
499876667
500107879
500339089
500570327
500801507
501032783
501263929
501495161
501726349
501957557
502188767
502419991
502651199
502882399
503113607
503344843
503576071
503807243
504038459
504269659
504500881
504732119
504963287
505194499
505425719
505656923
505888169
506119349
506350553
506581769
506812987
507044233
507275389
507506603
507737833
507969029
508200229
508431437
508662653
508893881
509125087
509356279
509587493
509818703
510049919
510281131
510512341
510743537
510974747
511205957
511437187
511668379
511899593
512130799
512362009
512593247
512824447
513055643
513286867
513518087
513749273
513980491
514211693
514442911
514674137
514905337
515136527
515367757
515598949
515830157
516061369
516292577
516523807
516755003
516986209
517217509
517448677
517679857
517911073
518142259
518373577
518604763
518835887
519067097
519298309
519529523
519760727
519991949
520223149
520454357
520685587
520916791
521147989
521379211
521610469
521841623
522072827
522304051
522535267
522766459
522997679
523228883
523460087
523691297
523922519
524153719
524384929
524616137
524847353
525078559
525309779
525540979
525772201
526003411
526234637
526465861
526697027
526928249
527159453
527390687
527621867
527853083
528084329
528315499
528546709
528777919
529009127
529240337
529471559
529702781
529933967
530165177
530396389
530627599
530858819
531090067
531321227
531552449
531783673
532014869
532246093
532477289
532708537
532939717
533170907
533402119
533633339
533864537
534095747
534326957
534558169
534789407
535020587
535251799
535483021
535714237
535945429
536176643
536407847
536639093
