5
7
17
67
71
257
263
269
1031
1033
1039
1049
1051
1061
4099
4111
4127
4129
4133
4139
4153
4157
4159
16411
16417
16421
16427
16433
16447
16451
16453
16477
16481
16487
16493
16519
16529
16547
16553
16561
16567
65537
65539
65543
65551
65557
65563
65579
65581
65587
65599
65609
65617
65629
65633
65647
65651
65657
65677
65687
65699
65701
65707
65713
65717
65719
65729
65731
65761
65777
65789
262147
262151
262153
262187
262193
262217
262231
262237
262253
262261
262271
262303
262313
262321
262331
262337
262349
262351
262369
262387
262391
262399
262411
262433
262459
262469
262489
262501
262511
262513
262519
262541
262543
262553
262567
262583
262597
262621
262627
262643
262649
262651
262657
262681
262693
262697
262709
262723
262733
262739
262741
262747
262781
262783
262807
262819
1048583
1048589
1048601
1048609
1048613
1048627
1048633
1048661
1048681
1048703
1048709
1048717
1048721
1048759
1048783
1048793
1048799
1048807
1048829
1048837
1048847
1048867
1048877
1048889
1048891
1048897
1048909
1048919
1048963
1048991
1049011
1049023
1049039
1049051
1049057
1049063
1049077
1049089
1049093
1049101
1049117
1049129
1049131
1049137
1049141
1049143
1049171
1049173
1049177
1049183
1049201
1049219
1049227
1049239
1049263
1049281
1049297
1049333
1049339
1049387
1049413
1049429
1049437
1049459
1049471
1049473
1049479
1049483
1049497
1049509
1049519
1049527
1049533
1049537
1049549
1049569
1049599
1049603
1049611
1049623
1049639
1049663
1049677
1049681
1049683
1049687
1049707
1049717
1049747
1049773
1049791
1049809
1049821
1049827
1049833
1049837
1049843
1049849
1049857
4194319
4194329
4194353
4194371
4194389
4194397
4194403
4194409
4194419
4194433
4194439
4194451
4194493
4194503
4194511
4194523
4194527
4194559
4194581
4194583
4194599
4194601
4194637
4194643
4194661
4194677
4194679
4194713
4194719
4194739
4194761
4194769
4194781
4194793
4194823
4194847
4194851
4194857
4194863
4194871
4194887
4194907
4194917
4194919
4194961
4194973
4194989
4195001
4195019
4195021
4195027
4195033
4195057
4195063
4195117
4195127
4195129
4195157
4195183
4195189
4195201
4195211
4195229
4195231
4195249
4195253
4195259
4195271
4195273
4195283
4195291
4195297
4195307
4195309
4195327
4195349
4195357
4195421
4195441
4195463
4195483
4195487
4195493
4195501
4195531
4195547
4195559
4195573
4195579
4195589
4195619
4195621
4195649
4195657
4195679
4195703
4195747
4195759
4195771
4195777
4195801
4195823
4195847
4195859
4195861
4195871
4195879
4195883
4195921
4195937
4195949
4195951
4195969
4195973
4195999
4196011
4196057
4196077
4196081
4196089
4196099
4196119
4196147
4196149
4196167
4196177
4196183
4196233
4196237
4196239
4196249
4196267
4196299
4196303
4196333
4196341
4196347
4196363
4196369
4196371
4196389
4196393
4196407
4196417
4196459
4196497
4196509
4196513
4196527
4196567
4196573
4196581
4196629
4196641
4196657
4196659
4196683
4196713
4196737
4196747
4196779
4196789
4196791
4196809
4196821
4196837
4196839
4196849
4196867
4196869
4196893
4196897
4196903
4196917
4196923
4196939
4196953
4196981
4196987
4196993
4196999
4197007
4197019
4197031
4197091
4197097
16777259
16777289
16777291
16777331
16777333
16777337
16777381
16777421
16777441
16777447
16777469
16777499
16777507
16777531
16777571
16777577
16777597
16777601
16777619
16777633
16777639
16777643
16777669
16777679
16777681
16777699
16777711
16777721
16777723
16777729
16777751
16777777
16777781
16777807
16777811
16777823
16777829
16777837
16777853
16777903
16777907
16777949
16777967
16777973
16777987
16777991
16778009
16778023
16778071
16778077
16778089
16778123
16778129
16778137
16778147
16778173
16778227
16778231
16778291
16778309
16778357
16778383
16778401
16778413
16778429
16778441
16778449
16778453
16778497
16778521
16778537
16778543
16778549
16778561
16778603
16778623
16778627
16778633
16778639
16778683
16778689
16778701
16778771
16778789
16778809
16778819
16778821
16778837
16778857
16778863
16778869
16778887
16778897
16778911
16778917
16778929
16778947
16778959
16778981
16778989
16779001
16779013
16779041
16779053
16779151
16779163
16779173
16779179
16779181
16779193
16779199
16779211
16779229
16779239
16779247
16779253
16779283
16779293
16779307
16779311
16779317
16779341
16779361
16779377
16779403
16779407
16779431
16779439
16779449
16779461
16779479
16779491
16779509
16779523
16779533
16779551
16779559
16779599
16779647
16779667
16779671
16779677
16779691
16779703
16779713
16779727
16779733
16779743
16779751
16779757
16779767
16779779
16779803
16779809
16779823
16779839
16779863
16779871
16779877
16779881
16779899
16779911
16779913
16779929
16779937
16779943
16779953
16779979
16779989
16779991
16780007
16780031
16780051
16780073
16780079
16780091
16780157
16780163
16780187
16780199
16780201
16780213
16780229
16780237
16780259
16780273
16780289
16780333
16780369
16780381
16780391
16780399
16780417
16780447
16780453
16780459
16780483
16780487
16780493
16780523
16780537
16780541
16780567
16780571
16780597
16780601
16780607
16780609
16780633
16780651
16780669
16780681
16780723
16780727
16780787
16780789
16780801
16780817
16780831
16780837
16780843
16780867
16780873
16780901
16780909
16780919
16780963
16780979
16780987
16780991
16780997
16781033
16781059
16781077
16781081
16781117
16781129
16781143
16781147
16781183
16781197
16781203
16781207
16781243
16781263
16781273
16781287
16781293
16781299
16781327
16781353
16781357
16781371
16781381
16781393
16781407
16781437
16781441
16781477
16781483
16781537
16781539
16781551
16781563
16781593
16781603
16781621
16781623
16781627
16781629
16781641
16781647
16781671
16781701
16781707
16781711
16781719
16781747
16781753
16781797
16781801
16781803
16781813
16781827
16781851
16781879
16781903
16781909
16781917
16781939
16781953
16781957
16781971
16781977
16781983
16782001
16782011
16782037
16782041
16782047
16782071
16782091
16782119
16782133
16782151
16782167
16782197
16782209
16782277
16782287
16782289
16782299
16782313
16782319
16782343
16782347
16782391
16782401
16782413
16782419
16782449
16782457
16782461
16782473
16782487
16782509
16782527
16782551
16782559
16782581
16782583
16782589
16782611
16782671
16782673
67108879
67108913
67108919
67108933
67108957
67108961
67108981
67109023
67109033
67109051
67109071
67109123
67109131
67109167
67109171
67109177
67109191
67109201
67109209
67109221
67109227
67109233
67109243
67109269
67109281
67109291
67109299
67109321
67109323
67109363
67109407
67109417
67109431
67109443
67109479
67109507
67109519
67109543
67109563
67109573
67109593
67109629
67109633
67109663
67109671
67109687
67109701
67109723
67109737
67109747
67109759
67109773
67109923
67109941
67109969
67110007
67110013
67110023
67110073
67110077
67110083
67110091
67110107
67110139
67110149
67110151
67110161
67110167
67110191
67110209
67110221
67110247
67110259
67110269
67110283
67110301
67110311
67110331
67110353
67110367
67110377
67110391
67110419
67110457
67110467
67110469
67110479
67110493
67110497
67110521
67110541
67110551
67110557
67110559
67110569
67110599
67110601
67110607
67110613
67110647
67110653
67110661
67110677
67110709
67110733
67110739
67110779
67110817
67110829
67110839
67110847
67110851
67110853
67110881
67110889
67110929
67110931
67110943
67110947
67111013
67111027
67111043
67111067
67111129
67111139
67111151
67111183
67111193
67111199
67111201
67111237
67111241
67111271
67111273
67111277
67111321
67111333
67111339
67111349
67111367
67111381
67111391
67111403
67111417
67111459
67111483
67111489
67111507
67111567
67111579
67111609
67111619
67111657
67111661
67111663
67111679
67111703
67111721
67111739
67111757
67111783
67111831
67111871
67111879
67111909
67111921
67111973
67111981
67111987
67112011
67112021
67112029
67112033
67112041
67112081
67112093
67112113
67112131
67112147
67112167
67112173
67112197
67112231
67112239
67112249
67112267
67112273
67112299
67112329
67112333
67112341
67112347
67112371
67112377
67112393
67112399
67112411
67112417
67112443
67112471
67112483
67112491
67112501
67112509
67112533
67112593
67112609
67112611
67112629
67112653
67112657
67112659
67112743
67112767
67112779
67112789
67112797
67112813
67112819
67112833
67112849
67112869
67112891
67112897
67112909
67112911
67112933
67112951
67112971
67112987
67113001
67113017
67113019
67113083
67113089
67113091
67113097
67113113
67113121
67113139
67113157
67113191
67113203
67113217
67113223
67113251
67113253
67113257
67113271
67113283
67113311
67113323
67113367
67113373
67113383
67113401
67113413
67113437
67113443
67113451
67113463
67113469
67113547
67113559
67113587
67113593
67113601
67113619
67113653
67113661
67113677
67113689
67113703
67113713
67113721
67113727
67113731
67113749
67113769
67113797
67113799
67113811
67113821
67113877
67113901
67113911
67113919
67113923
67113929
67113941
67113989
67114001
67114031
67114043
67114067
67114097
67114121
67114123
67114141
67114183
67114193
67114199
67114231
67114237
67114273
67114279
67114291
67114301
67114309
67114339
67114367
67114373
67114379
67114387
67114393
67114423
67114427
67114469
67114471
67114501
67114507
67114513
67114603
67114609
67114643
67114681
67114709
67114711
67114717
67114739
67114741
67114753
67114763
67114807
67114841
67114847
67114849
67114867
67114891
67114921
67114933
67114937
67114987
67115017
67115051
67115057
67115063
67115071
67115089
67115101
67115117
67115123
67115137
67115149
67115159
67115179
67115183
67115203
67115221
67115227
67115267
67115287
67115297
67115327
67115329
67115359
67115369
67115381
67115393
67115443
67115479
67115491
67115533
67115539
67115569
67115593
67115603
67115617
67115621
67115683
67115687
67115717
67115723
67115747
67115753
67115761
67115777
67115791
67115801
67115821
67115887
67115903
67115941
67115959
67115963
67115989
67116053
67116059
67116079
67116083
67116089
67116107
67116149
67116157
67116169
67116173
67116193
67116197
67116223
67116233
67116253
67116293
67116311
67116317
67116347
67116367
67116383
67116389
67116397
67116407
67116431
67116443
67116449
67116451
67116479
67116481
67116487
67116523
67116547
67116601
67116619
67116649
67116659
67116661
67116667
67116703
67116727
67116733
67116739
67116743
67116761
67116787
67116809
67116869
67116883
67116887
67116913
67116961
67116971
67116977
67116989
67117007
67117009
67117021
67117031
67117073
67117079
67117097
67117117
67117121
67117147
67117157
67117181
67117189
67117231
67117273
67117277
67117301
67117319
67117321
67117331
67117333
67117361
67117409
67117423
67117433
67117493
67117499
67117517
67117541
67117543
67117553
67117559
67117597
67117607
67117619
67117627
67117643
67117681
67117691
67117723
67117793
67117829
67117859
67117901
67117903
67117907
67117951
67117961
67117991
67118003
67118027
67118039
67118041
67118053
67118101
67118113
67118143
67118173
67118179
67118221
67118251
67118273
67118309
67118323
67118339
67118411
67118413
67118419
67118423
67118437
67118461
67118509
67118539
67118551
67118563
67118591
67118593
67118651
67118663
67118677
67118687
67118717
67118747
67118749
67118759
67118783
67118809
67118861
67118869
67118881
67118911
67118921
67118939
67118951
67118959
67118969
67118977
67118981
67119007
67119011
67119109
67119113
67119139
67119163
67119197
67119203
67119251
67119263
67119271
67119287
67119301
67119307
67119319
67119323
67119389
67119391
67119397
67119421
67119467
67119469
67119491
67119509
67119511
67119539
67119551
67119607
67119623
67119649
67119667
67119691
67119697
67119749
67119769
67119797
67119821
67119827
67119841
67119851
67119869
67119931
67119937
67119971
67120019
67120057
67120093
67120117
67120153
67120159
67120211
67120237
67120241
67120243
67120271
67120283
67120307
67120327
67120337
67120373
67120379
67120409
67120441
67120447
67120453
67120481
67120499
67120541
67120579
67120609
67120621
67120633
67120657
67120681
67120699
67120717
67120741
67120751
67120763
67120769
67120771
268435459
268435463
268435493
268435523
268435537
268435561
268435577
268435579
268435597
268435631
268435639
268435649
268435669
268435697
268435711
268435723
268435747
268435751
268435757
268435813
268435823
268435873
268435879
268435889
268435961
268435987
268436011
268436041
268436053
268436071
268436081
268436087
268436089
268436141
268436167
268436177
268436191
268436219
268436249
268436261
268436263
268436269
268436279
268436281
268436291
268436327
268436407
268436419
268436429
268436431
268436453
268436507
268436563
268436629
268436653
268436669
268436671
268436677
268436687
268436699
268436741
268436743
268436747
268436759
268436767
268436797
268436801
268436803
268436821
268436827
268436837
268436863
268436867
268436879
268436899
268436941
268436957
268436981
268437011
268437017
268437031
268437047
268437049
268437067
268437097
268437107
268437119
268437131
268437151
268437161
268437173
268437193
268437223
268437227
268437241
268437287
268437317
268437329
268437343
268437349
268437383
268437409
268437431
268437451
268437457
268437469
268437511
268437523
268437563
268437569
268437593
268437629
268437647
268437709
268437713
268437721
268437731
268437749
268437751
268437781
268437839
268437847
268437857
268437889
268437907
268437919
268437929
268437943
268438013
268438031
268438033
268438039
268438043
268438063
268438073
268438081
268438139
268438147
268438153
268438187
268438199
268438201
268438223
268438229
268438243
268438253
268438271
268438277
268438337
268438399
268438459
268438493
268438501
268438531
268438553
268438559
268438571
268438591
268438627
268438633
268438657
268438679
268438697
268438741
268438777
268438787
268438829
268438831
268438843
268438871
268438873
268438879
268438883
268438901
268438913
268438927
268438969
268438991
268438999
268439009
268439021
268439023
268439057
268439069
268439081
268439123
268439159
268439161
268439183
268439189
268439207
268439251
268439263
268439267
268439273
268439287
268439291
268439293
268439309
268439351
268439357
268439359
268439363
268439383
268439387
268439407
268439491
268439579
268439593
268439599
268439609
268439621
268439627
268439651
268439659
268439663
268439681
268439723
268439729
268439767
268439783
268439789
268439791
268439803
268439807
268439827
268439849
268439851
268439891
268439917
268439929
268439959
268439971
268440017
268440043
268440049
268440083
268440097
268440101
268440103
268440127
268440163
268440223
268440229
268440247
268440317
268440397
268440409
268440433
268440437
268440449
268440451
268440457
268440463
268440479
268440503
268440541
268440551
268440577
268440581
268440593
268440611
268440629
268440631
268440649
268440673
268440691
268440713
268440719
268440743
268440779
268440803
268440827
268440833
268440859
268440881
268440901
268440941
268440943
268440961
268440979
268441009
268441021
268441051
268441097
268441099
268441127
268441153
268441181
268441189
268441193
268441219
268441241
268441259
268441333
268441351
268441363
268441399
268441403
268441417
268441421
268441451
268441469
268441471
268441477
268441507
268441517
268441559
268441567
268441573
268441601
268441639
268441651
268441669
268441687
268441727
268441729
268441757
268441787
268441813
268441871
268441879
268441903
268441931
268441933
268441939
268441949
268441967
268441969
268441973
268441997
268442017
268442021
268442023
268442033
268442063
268442071
268442081
268442093
268442107
268442117
268442137
268442173
268442179
268442201
268442227
268442231
268442233
268442261
268442263
268442281
268442309
268442311
268442327
268442347
268442353
268442381
268442387
268442399
268442413
268442417
268442491
268442513
268442519
268442527
268442533
268442557
268442623
268442627
268442653
268442663
268442677
268442701
268442723
268442737
268442771
268442789
268442809
268442831
268442873
268442917
268442921
268442927
268442947
268442969
268442983
268442989
268443011
268443059
268443061
268443067
268443101
268443173
268443187
268443199
268443221
268443223
268443283
268443293
268443319
268443323
268443341
268443349
268443361
268443397
268443437
268443443
268443503
268443509
268443541
268443577
268443589
268443613
268443619
268443641
268443661
268443677
268443689
268443697
268443701
268443709
268443713
268443731
268443739
268443751
268443779
268443793
268443811
268443827
268443839
268443841
268443863
268443869
268443907
268443919
268443947
268444003
268444013
268444019
268444037
268444049
268444051
268444067
268444069
268444087
268444123
268444129
268444147
268444171
268444181
268444223
268444243
268444303
268444321
268444333
268444349
268444367
268444403
268444439
268444441
268444457
268444481
268444487
268444499
268444511
268444541
268444601
268444609
268444613
268444667
268444669
268444697
268444699
268444727
268444733
268444747
268444789
268444859
268444877
268444907
268444933
268444951
268444963
268444973
268444993
268444997
268445041
268445057
268445077
268445119
268445137
268445161
268445171
268445179
268445207
268445209
268445237
268445267
268445273
268445291
268445297
268445299
268445377
268445381
268445407
268445447
268445519
268445537
268445539
268445549
268445563
268445579
268445629
268445651
268445659
268445677
268445729
268445731
268445741
268445777
268445789
268445791
268445797
268445809
268445831
268445843
268445867
268445897
268445909
268445917
268445921
268445977
268446001
268446023
268446049
268446053
268446067
268446083
268446089
268446097
268446103
268446131
268446149
268446151
268446163
268446169
268446173
268446197
268446203
268446223
268446251
268446259
268446289
268446323
268446361
268446397
268446403
268446413
268446419
268446427
268446457
268446491
268446509
268446539
268446551
268446553
268446569
268446599
268446601
268446653
268446671
268446679
268446683
268446691
268446727
268446757
268446781
268446791
268446797
268446809
268446833
268446851
268446859
268446863
268446901
268446911
268446929
268447001
268447013
268447019
268447021
268447027
268447043
268447063
268447079
268447087
268447117
268447121
268447141
268447147
268447163
268447189
268447199
268447243
268447273
268447297
268447307
268447313
268447327
268447331
268447339
268447349
268447351
268447363
268447373
268447411
268447423
268447441
268447483
268447547
268447567
268447573
268447589
268447603
268447607
268447639
268447661
268447687
268447717
268447747
268447793
268447807
268447819
268447831
268447847
268447849
268447859
268447873
268447877
268447891
268447897
268447909
268447943
268447957
268447981
268448023
268448027
268448051
268448107
268448113
268448149
268448153
268448239
268448261
268448291
268448293
268448303
268448317
268448329
268448333
268448347
268448393
268448419
268448461
268448489
268448497
268448503
268448507
268448599
268448603
268448633
268448639
268448641
268448671
268448693
268448707
268448729
268448731
268448743
268448749
268448753
268448783
268448821
268448827
268448837
268448839
268448867
268448903
268448923
268448951
268448963
268448981
268448987
268449019
268449037
268449061
268449067
268449113
268449121
268449127
268449151
268449173
268449199
268449221
268449281
268449283
268449299
268449361
268449403
268449409
268449437
268449439
268449443
268449481
268449521
268449539
268449557
268449631
268449647
268449653
268449667
268449691
268449707
268449743
268449749
268449751
268449757
268449761
268449773
268449787
268449791
268449833
268449871
268449877
268449893
268449901
268449931
268449943
268449949
268449983
268449991
268450019
268450037
268450051
268450057
268450073
268450087
268450097
268450099
268450103
268450157
268450199
268450201
268450211
268450241
268450249
268450253
268450271
268450277
268450279
268450291
268450337
268450339
268450363
268450381
268450393
268450423
268450439
268450463
268450489
268450529
268450537
268450547
268450573
268450583
268450603
268450613
268450619
268450631
268450661
268450667
268450673
268450727
268450729
268450771
268450781
268450807
268450811
268450817
268450837
268450879
268450891
268450901
268450913
268450921
268450933
268450939
268450991
268450993
268451011
268451017
268451033
268451039
268451047
268451077
268451087
268451129
268451189
268451207
268451219
268451221
268451237
268451251
268451257
268451297
268451321
268451327
268451329
268451333
268451341
268451371
268451387
268451411
268451419
268451453
268451461
268451483
268451507
268451527
268451531
268451549
268451591
268451609
268451629
268451633
268451669
268451683
268451749
268451783
268451809
268451861
268451863
268451867
268451899
268451903
268451933
268451941
268451957
268451987
268451993
268452011
268452017
268452029
268452031
268452061
268452071
268452073
268452127
268452137
268452187
268452211
268452221
268452263
268452269
268452271
268452293
268452307
268452319
268452323
268452337
268452347
268452377
268452383
268452409
268452421
268452469
268452479
268452487
268452497
268452511
268452533
268452553
268452589
268452599
268452607
268452637
268452659
268452677
268452689
268452731
268452817
268452869
268452883
268452907
268452911
268452937
268452973
268452997
268453021
268453037
268453057
268453061
268453067
268453099
268453111
268453177
268453249
268453301
268453313
268453333
268453351
268453357
268453399
268453403
268453411
268453433
268453439
268453441
268453483
268453487
268453501
268453529
268453553
268453571
268453621
268453649
268453651
268453663
268453699
268453709
268453721
268453729
268453733
268453751
268453753
268453763
268453807
268453813
268453819
268453837
268453847
268453849
268453873
268453883
268453891
268453901
268453903
268453943
268453949
268453963
268453967
268453973
268454027
268454033
268454041
268454057
268454077
268454099
268454149
268454159
268454161
268454167
268454209
268454227
268454231
268454237
268454243
268454257
268454269
268454279
268454281
268454297
268454309
268454311
268454323
268454341
268454353
268454399
268454419
268454437
268454449
268454489
268454503
268454509
268454519
268454539
268454567
268454587
268454603
268454611
268454617
268454623
268454657
268454677
268454687
268454707
268454723
268454773
268454777
268454801
268454807
268454821
268454843
268454861
268454867
268454881
268454887
268454909
268454917
268454959
268454981
268454983
268454987
268454993
268455029
268455043
268455101
268455113
268455127
268455137
268455151
268455157
268455169
268455191
268455227
268455247
268455269
268455329
268455353
268455359
268455371
268455373
268455391
268455401
268455437
268455457
268455463
268455469
268455479
268455491
268455527
268455553
268455557
268455601
268455613
268455623
268455631
268455637
268455647
268455679
268455689
268455709
268455743
268455749
268455763
268455779
268455797
268455799
268455809
268455829
268455851
268455881
268455893
268455911
268455919
268455949
268455953
268455973
268456049
268456051
268456079
268456091
268456099
268456109
268456117
268456157
268456159
268456169
268456193
268456211
268456217
268456229
268456241
268456261
268456343
268456361
268456369
268456387
268456403
268456411
268456417
268456459
268456477
268456481
268456523
268456553
268456577
268456579
268456613
268456637
268456703
268456711
268456717
268456763
268456801
268456849
268456879
268456883
268456891
268456907
268456919
268456921
268456927
268456939
268456957
268456961
268456963
268456967
268456999
268457039
268457051
268457083
268457087
268457153
268457191
268457201
268457227
268457239
268457249
268457261
268457309
268457333
268457341
268457351
268457359
268457393
268457407
268457411
268457417
268457419
268457429
268457443
268457507
268457531
268457537
268457599
268457641
268457647
268457653
268457671
268457689
268457699
268457701
268457741
268457743
268457747
268457753
268457759
268457779
268457801
268457809
1073741827
1073741831
1073741833
1073741839
1073741843
1073741857
1073741891
1073741909
1073741939
1073741953
1073741969
1073741971
1073741987
1073741993
1073742037
1073742053
1073742073
1073742077
1073742091
1073742113
1073742169
1073742203
1073742209
1073742223
1073742233
1073742259
1073742277
1073742289
1073742343
1073742353
1073742361
1073742391
1073742403
1073742463
1073742493
1073742517
1073742583
1073742623
1073742653
1073742667
1073742671
1073742673
1073742707
1073742713
1073742721
1073742731
1073742767
1073742773
1073742811
1073742851
1073742853
1073742881
1073742889
1073742913
1073742931
1073742937
1073742959
1073742983
1073743007
1073743037
1073743049
1073743051
1073743079
1073743091
1073743093
1073743123
1073743129
1073743141
1073743159
1073743163
1073743189
1073743199
1073743207
1073743243
1073743291
1073743303
1073743313
1073743327
1073743331
1073743337
1073743381
1073743387
1073743393
1073743397
1073743403
1073743417
1073743421
1073743427
1073743457
1073743459
1073743469
1073743501
1073743507
1073743513
1073743543
1073743577
1073743591
1073743633
1073743739
1073743757
1073743831
1073743861
1073743871
1073743883
1073743889
1073743901
1073743921
1073743973
1073743981
1073743991
1073744059
1073744069
1073744071
1073744137
1073744159
1073744171
1073744197
1073744249
1073744257
1073744261
1073744263
1073744291
1073744297
1073744311
1073744317
1073744339
1073744377
1073744389
1073744417
1073744447
1073744461
1073744491
1073744533
1073744557
1073744569
1073744593
1073744597
1073744603
1073744621
1073744677
1073744681
1073744687
1073744779
1073744813
1073744827
1073744849
1073744863
1073744909
1073744911
1073744927
1073744933
1073744977
1073744993
1073745017
1073745031
1073745061
1073745067
1073745083
1073745121
1073745161
1073745193
1073745209
1073745251
1073745259
1073745287
1073745293
1073745301
1073745319
1073745331
1073745359
1073745367
1073745377
1073745397
1073745457
1073745469
1073745473
1073745487
1073745521
1073745529
1073745557
1073745577
1073745581
1073745599
1073745623
1073745637
1073745649
1073745697
1073745737
1073745763
1073745767
1073745769
1073745773
1073745781
1073745787
1073745797
1073745817
1073745821
1073745833
1073745839
1073745859
1073745863
1073745877
1073745889
1073745899
1073745923
1073745941
1073745943
1073745997
1073746013
1073746019
1073746097
1073746103
1073746109
1073746127
1073746159
1073746169
1073746181
1073746229
1073746243
1073746273
1073746321
1073746337
1073746351
1073746361
1073746379
1073746397
1073746403
1073746423
1073746477
1073746483
1073746511
1073746517
1073746529
1073746567
1073746573
1073746577
1073746589
1073746603
1073746621
1073746627
1073746637
1073746643
1073746669
1073746699
1073746711
1073746747
1073746759
1073746777
1073746799
1073746811
1073746823
1073746831
1073746859
1073746931
1073746939
1073746951
1073746967
1073747039
1073747063
1073747107
1073747123
1073747137
1073747153
1073747161
1073747167
1073747197
1073747221
1073747231
1073747239
1073747263
1073747273
1073747287
1073747309
1073747321
1073747327
1073747369
1073747371
1073747393
1073747419
1073747447
1073747459
1073747471
1073747497
1073747537
1073747573
1073747603
1073747621
1073747641
1073747687
1073747699
1073747747
1073747767
1073747783
1073747791
1073747833
1073747861
1073747953
1073747957
1073747977
1073747989
1073748019
1073748059
1073748061
1073748079
1073748107
1073748133
1073748163
1073748187
1073748191
1073748211
1073748239
1073748241
1073748289
1073748293
1073748301
1073748343
1073748397
1073748409
1073748433
1073748437
1073748449
1073748469
1073748497
1073748503
1073748527
1073748541
1073748569
1073748587
1073748607
1073748617
1073748619
1073748647
1073748649
1073748659
1073748661
1073748671
1073748727
1073748733
1073748737
1073748757
1073748761
1073748799
1073748853
1073748869
1073748937
1073748947
1073748979
1073748989
1073749003
1073749013
1073749021
1073749031
1073749037
1073749067
1073749073
1073749129
1073749151
1073749153
1073749211
1073749253
1073749307
1073749333
1073749343
1073749349
1073749367
1073749381
1073749409
1073749433
1073749459
1073749463
1073749471
1073749477
1073749487
1073749493
1073749499
1073749507
1073749519
1073749531
1073749541
1073749553
1073749561
1073749609
1073749619
1073749681
1073749711
1073749723
1073749727
1073749741
1073749763
1073749769
1073749777
1073749783
1073749811
1073749849
1073749889
1073749891
1073749913
1073749927
1073749933
1073749951
1073749979
1073749991
1073749993
1073750017
1073750077
1073750113
1073750137
1073750149
1073750191
1073750221
1073750231
1073750233
1073750269
1073750299
1073750303
1073750309
1073750341
1073750351
1073750387
1073750399
1073750407
1073750449
1073750459
1073750467
1073750497
1073750507
1073750567
1073750593
1073750611
1073750669
1073750683
1073750707
1073750761
1073750771
1073750773
1073750809
1073750827
1073750849
1073750869
1073750879
1073750917
1073750939
1073750981
1073750983
1073751031
1073751053
1073751073
1073751079
1073751109
1073751121
1073751131
1073751139
1073751149
1073751169
1073751191
1073751193
1073751209
1073751223
1073751241
1073751257
1073751271
1073751277
1073751293
1073751317
1073751319
1073751391
1073751401
1073751407
1073751421
1073751449
1073751461
1073751493
1073751521
1073751529
1073751551
1073751559
1073751563
1073751571
1073751589
1073751631
1073751683
1073751689
1073751691
1073751713
1073751719
1073751733
1073751779
1073751799
1073751823
1073751851
1073751863
1073751869
1073751871
1073751893
1073751919
1073751923
1073751971
1073752003
1073752019
1073752027
1073752039
1073752067
1073752093
1073752129
1073752139
1073752153
1073752201
1073752261
1073752313
1073752331
1073752333
1073752349
1073752357
1073752369
1073752391
1073752397
1073752409
1073752411
1073752417
1073752429
1073752451
1073752517
1073752541
1073752573
1073752583
1073752607
1073752619
1073752627
1073752633
1073752639
1073752651
1073752663
1073752717
1073752721
1073752733
1073752739
1073752747
1073752751
1073752763
1073752777
1073752807
1073752831
1073752837
1073752843
1073752873
1073752877
1073752919
1073752949
1073752969
1073752973
1073753003
1073753063
1073753089
1073753113
1073753143
1073753147
1073753207
1073753221
1073753243
1073753279
1073753281
1073753309
1073753311
1073753347
1073753353
1073753381
1073753389
1073753393
1073753467
1073753477
1073753489
1073753491
1073753501
1073753503
1073753531
1073753533
1073753539
1073753557
1073753561
1073753573
1073753599
1073753621
1073753651
1073753657
1073753663
1073753687
1073753717
1073753729
1073753741
1073753773
1073753839
1073753887
1073753893
1073753917
1073753951
1073753959
1073753969
1073753987
1073753999
1073754053
1073754061
1073754067
1073754079
1073754107
1073754113
1073754167
1073754191
1073754193
1073754251
1073754257
1073754259
1073754263
1073754271
1073754301
1073754307
1073754329
1073754337
1073754359
1073754361
1073754421
1073754439
1073754497
1073754499
1073754509
1073754553
1073754559
1073754569
1073754587
1073754601
1073754631
1073754683
1073754691
1073754713
1073754739
1073754761
1073754769
1073754853
1073754859
1073754889
1073754917
1073754919
1073754953
1073754971
1073755013
1073755043
1073755051
1073755093
1073755099
1073755117
1073755127
1073755141
1073755171
1073755183
1073755229
1073755231
1073755237
1073755259
1073755271
1073755283
1073755357
1073755393
1073755433
1073755457
1073755477
1073755559
1073755591
1073755603
1073755633
1073755681
1073755687
1073755699
1073755729
1073755741
1073755747
1073755757
1073755763
1073755829
1073755841
1073755849
1073755871
1073755877
1073755901
1073755909
1073755919
1073755931
1073755939
1073755973
1073755993
1073755997
1073755999
1073756009
1073756027
1073756113
1073756119
1073756191
1073756209
1073756213
1073756231
1073756237
1073756239
1073756273
1073756279
1073756323
1073756347
1073756377
1073756389
1073756401
1073756413
1073756419
1073756473
1073756491
1073756507
1073756531
1073756549
1073756561
1073756591
1073756597
1073756603
1073756653
1073756657
1073756681
1073756699
1073756707
1073756713
1073756797
1073756869
1073756881
1073756911
1073756947
1073756993
1073757017
1073757031
1073757053
1073757067
1073757071
1073757119
1073757149
1073757173
1073757227
1073757229
1073757239
1073757259
1073757283
1073757287
1073757313
1073757329
1073757371
1073757389
1073757409
1073757437
1073757439
1073757457
1073757467
1073757479
1073757491
1073757521
1073757523
1073757547
1073757577
1073757617
1073757647
1073757661
1073757673
1073757701
1073757719
1073757721
1073757739
1073757761
1073757781
1073757827
1073757833
1073757847
1073757851
1073757863
1073757869
1073757877
1073757901
1073757941
1073757959
1073757991
1073758057
1073758069
1073758109
1073758121
1073758123
1073758139
1073758141
1073758159
1073758183
1073758207
1073758223
1073758271
1073758277
1073758297
1073758327
1073758331
1073758333
1073758337
1073758339
1073758363
1073758391
1073758447
1073758451
1073758487
1073758531
1073758559
1073758583
1073758601
1073758613
1073758619
1073758649
1073758793
1073758801
1073758813
1073758849
1073758859
1073758867
1073758897
1073758909
1073758919
1073758921
1073758943
1073758949
1073758957
1073758969
1073758999
1073759041
1073759051
1073759053
1073759069
1073759087
1073759111
1073759143
1073759177
1073759189
1073759207
1073759213
1073759233
1073759243
1073759261
1073759317
1073759329
1073759387
1073759419
1073759429
1073759441
1073759459
1073759461
1073759471
1073759497
1073759543
1073759549
1073759563
1073759569
1073759591
1073759657
1073759663
1073759671
1073759683
1073759689
1073759693
1073759699
1073759707
1073759747
1073759773
1073759777
1073759779
1073759809
1073759839
1073759857
1073759879
1073759891
1073759903
1073759957
1073759963
1073759969
1073759983
1073760011
1073760031
1073760047
1073760049
1073760071
1073760089
1073760097
1073760101
1073760133
1073760143
1073760173
1073760203
1073760211
1073760223
1073760227
1073760241
1073760263
1073760269
1073760277
1073760283
1073760287
1073760329
1073760343
1073760371
1073760397
1073760403
1073760421
1073760473
1073760481
1073760487
1073760503
1073760557
1073760563
1073760587
1073760607
1073760631
1073760673
1073760689
1073760713
1073760769
1073760823
1073760829
1073760839
1073760841
1073760859
1073760871
1073760887
1073760907
1073760913
1073760923
1073760937
1073760959
1073760991
1073761009
1073761027
1073761037
1073761061
1073761063
1073761067
1073761099
1073761133
1073761181
1073761207
1073761243
1073761261
1073761267
1073761277
1073761303
1073761319
1073761321
1073761333
1073761343
1073761391
1073761433
1073761439
1073761457
1073761489
1073761523
1073761537
1073761541
1073761561
1073761583
1073761597
1073761639
1073761679
1073761681
1073761691
1073761697
1073761721
1073761727
1073761781
1073761807
1073761811
1073761813
1073761817
1073761841
1073761873
1073761933
1073761957
1073761963
1073761979
1073761981
1073761999
1073762003
1073762051
1073762083
1073762087
1073762099
1073762101
1073762117
1073762147
1073762203
1073762269
1073762309
1073762317
1073762363
1073762369
1073762377
1073762401
1073762413
1073762419
1073762453
1073762507
1073762513
1073762519
1073762581
1073762603
1073762609
1073762639
1073762647
1073762719
1073762737
1073762747
1073762759
1073762773
1073762791
1073762801
1073762803
1073762819
1073762849
1073762863
1073762917
1073762929
1073762939
1073762953
1073762983
1073763001
1073763011
1073763013
1073763109
1073763127
1073763143
1073763149
1073763161
1073763203
1073763233
1073763259
1073763287
1073763311
1073763319
1073763323
1073763331
1073763371
1073763443
1073763499
1073763521
1073763527
1073763529
1073763547
1073763553
1073763563
1073763589
1073763617
1073763619
1073763659
1073763683
1073763697
1073763703
1073763727
1073763731
1073763737
1073763767
1073763797
1073763811
1073763827
1073763871
1073763913
1073763917
1073763937
1073763959
1073763961
1073763973
1073763983
1073763989
1073763997
1073764007
1073764009
1073764031
1073764033
1073764037
1073764049
1073764057
1073764061
1073764067
1073764079
1073764127
1073764231
1073764301
1073764339
1073764381
1073764403
1073764429
1073764507
1073764529
1073764561
1073764583
1073764607
1073764649
1073764661
1073764691
1073764733
1073764751
1073764793
1073764799
1073764823
1073764837
1073764843
1073764873
1073764903
1073764921
1073764927
1073764963
1073764969
1073765003
1073765023
1073765039
1073765041
1073765047
1073765053
1073765057
1073765059
1073765081
1073765117
1073765191
1073765201
1073765207
1073765227
1073765263
1073765291
1073765299
1073765309
1073765333
1073765351
1073765353
1073765369
1073765389
1073765401
1073765453
1073765471
1073765477
1073765489
1073765491
1073765521
1073765533
1073765579
1073765587
1073765659
1073765683
1073765699
1073765761
1073765767
1073765773
1073765779
1073765801
1073765809
1073765813
1073765827
1073765831
1073765837
1073765881
1073765887
1073765899
1073765909
1073765921
1073765929
1073765947
1073766007
1073766013
1073766073
1073766091
1073766107
1073766131
1073766139
1073766163
1073766173
1073766217
1073766263
1073766329
1073766349
1073766403
1073766439
1073766467
1073766497
1073766509
1073766517
1073766541
1073766553
1073766581
1073766607
1073766619
1073766643
1073766649
1073766667
1073766679
1073766689
1073766737
1073766761
1073766773
1073766781
1073766791
1073766797
1073766829
1073766851
1073766853
1073766877
1073766943
1073766959
1073766961
1073766989
1073767003
1073767063
1073767067
1073767087
1073767103
1073767129
1073767133
1073767153
1073767169
1073767223
1073767267
1073767291
1073767309
1073767337
1073767339
1073767391
1073767403
1073767411
1073767421
1073767433
1073767441
1073767451
1073767469
1073767511
1073767531
1073767559
1073767571
1073767579
1073767589
1073767631
1073767637
1073767649
1073767699
1073767711
1073767769
1073767841
1073767873
1073767883
1073767897
1073767927
1073767931
1073767973
1073767993
1073768011
1073768089
1073768131
1073768153
1073768167
1073768203
1073768207
1073768209
1073768249
1073768321
1073768327
1073768329
1073768341
1073768383
1073768387
1073768389
1073768401
1073768407
1073768473
1073768477
1073768497
1073768519
1073768537
1073768539
1073768551
1073768561
1073768567
1073768573
1073768581
1073768621
1073768623
1073768629
1073768653
1073768677
1073768747
1073768767
1073768783
1073768797
1073768881
1073768887
1073768893
1073768903
1073768933
1073768963
1073768987
1073768989
1073768999
1073769019
1073769043
1073769089
1073769101
1073769107
1073769133
1073769187
1073769209
1073769223
1073769233
1073769251
1073769259
1073769313
1073769331
1073769353
1073769391
1073769407
1073769427
1073769449
1073769451
1073769461
1073769493
1073769511
1073769517
1073769523
1073769551
1073769569
1073769583
1073769601
1073769703
1073769713
1073769737
1073769751
1073769761
1073769803
1073769839
1073769871
1073769883
1073769889
1073769911
1073769947
1073769967
1073770001
1073770003
1073770051
1073770057
1073770127
1073770147
1073770151
1073770163
1073770177
1073770223
1073770241
1073770277
1073770283
1073770331
1073770339
1073770363
1073770403
1073770429
1073770447
1073770457
1073770463
1073770499
1073770549
1073770553
1073770561
1073770567
1073770583
1073770589
1073770597
1073770627
1073770637
1073770657
1073770661
1073770667
1073770681
1073770703
1073770717
1073770727
1073770781
1073770783
1073770799
1073770811
1073770823
1073770889
1073770897
1073770909
1073770961
1073770979
1073770981
1073770991
1073770993
1073771009
1073771021
1073771047
1073771057
1073771113
1073771129
1073771131
1073771141
1073771143
1073771159
1073771161
1073771173
1073771177
1073771183
1073771213
1073771219
1073771287
1073771291
1073771297
1073771311
1073771329
1073771333
1073771341
1073771401
1073771407
1073771431
1073771449
1073771507
1073771551
1073771557
1073771579
1073771597
1073771599
1073771617
1073771623
1073771669
1073771683
1073771687
1073771693
1073771701
1073771711
1073771717
1073771723
1073771737
1073771759
1073771771
1073771779
1073771801
1073771843
1073771851
1073771863
1073771869
1073771899
1073771911
1073771953
1073771987
1073771989
1073772031
1073772041
1073772047
1073772097
1073772101
1073772109
1073772131
1073772169
1073772223
1073772229
1073772233
1073772239
1073772283
1073772311
1073772317
1073772341
1073772347
1073772361
1073772383
1073772391
1073772397
1073772419
1073772431
1073772439
1073772461
1073772529
1073772541
1073772551
1073772563
1073772587
1073772599
1073772611
1073772613
1073772617
1073772673
1073772719
1073772727
1073772803
1073772829
1073772851
1073772899
1073772901
1073772911
1073772913
1073772941
1073772991
1073773003
1073773031
1073773069
1073773123
1073773153
1073773171
1073773187
1073773213
1073773223
1073773229
1073773243
1073773291
1073773297
1073773307
1073773357
1073773387
1073773439
1073773447
1073773453
1073773489
1073773501
1073773523
1073773537
1073773549
1073773583
1073773621
1073773709
1073773741
1073773763
1073773777
1073773793
1073773817
1073773819
1073773823
1073773829
1073773879
1073773889
1073773903
1073773927
1073773963
1073774029
1073774041
1073774047
1073774069
1073774081
1073774087
1073774089
1073774101
1073774131
1073774161
1073774171
1073774183
1073774197
1073774203
1073774239
1073774287
1073774293
1073774309
1073774327
1073774363
1073774407
1073774411
1073774413
1073774419
1073774423
1073774473
1073774479
1073774483
1073774489
1073774539
1073774551
1073774567
1073774579
1073774641
1073774651
1073774657
1073774671
1073774699
1073774749
1073774761
1073774809
1073774813
1073774837
1073774857
1073774879
1073774917
1073774939
1073774951
1073774963
1073775007
1073775013
1073775047
1073775061
1073775077
1073775089
1073775127
1073775151
1073775163
1073775169
1073775181
1073775203
1073775211
1073775229
1073775251
1073775271
1073775277
1073775293
1073775341
1073775359
1073775371
1073775421
1073775457
1073775509
1073775511
1073775517
1073775533
1073775553
1073775581
1073775587
1073775617
1073775643
1073775653
1073775667
1073775673
1073775697
1073775719
1073775749
1073775757
1073775763
1073775767
1073775793
1073775797
1073775809
1073775817
1073775847
1073775851
1073775877
1073775887
1073775889
1073775893
1073775917
1073775929
1073775931
1073775961
1073775977
1073775991
1073776009
1073776021
1073776031
1073776061
1073776079
1073776139
1073776153
1073776157
1073776159
1073776163
1073776169
1073776181
1073776201
1073776267
1073776283
1073776337
1073776391
1073776399
1073776409
1073776427
1073776441
1073776463
1073776471
1073776499
1073776513
1073776567
1073776601
1073776603
1073776609
1073776633
1073776651
1073776657
1073776673
1073776699
1073776703
1073776709
1073776721
1073776733
1073776771
1073776789
1073776799
1073776817
1073776829
1073776841
1073776871
1073776877
1073776897
1073776973
1073776981
1073777009
1073777017
1073777021
1073777027
1073777063
1073777141
1073777147
1073777161
1073777183
1073777219
1073777227
1073777231
1073777279
1073777281
1073777321
1073777323
1073777329
1073777339
1073777347
1073777357
1073777389
1073777423
1073777429
1073777501
1073777581
1073777591
1073777599
1073777603
1073777633
1073777687
1073777689
1073777729
1073777759
1073777773
1073777779
1073777807
1073777813
1073777819
1073777821
1073777833
1073777863
1073777869
1073777891
1073777899
1073777917
1073777941
1073777963
1073777981
1073778007
1073778011
1073778019
1073778047
1073778071
1073778077
1073778091
1073778143
1073778149
1073778163
1073778187
1073778203
1073778281
1073778283
1073778287
1073778289
1073778301
1073778313
1073778353
1073778401
1073778427
1073778449
1073778533
1073778557
1073778593
1073778617
1073778619
1073778623
1073778647
1073778659
1073778703
1073778707
1073778709
1073778721
1073778733
1073778743
1073778763
1073778793
1073778817
1073778821
1073778841
1073778847
1073778883
1073778941
1073778983
1073778991
1073779009
1073779033
1073779043
1073779093
1073779111
1073779117
1073779121
1073779123
1073779141
1073779151
1073779159
1073779163
1073779199
1073779237
1073779241
1073779253
1073779277
1073779307
1073779321
1073779327
1073779337
1073779349
1073779351
1073779361
1073779367
1073779387
1073779391
1073779477
1073779507
1073779543
1073779579
1073779589
1073779591
1073779639
1073779649
1073779691
1073779717
1073779747
1073779799
1073779807
1073779831
1073779843
1073779853
1073779871
1073779937
1073779939
1073779951
1073779957
1073779981
1073780021
1073780023
1073780051
1073780069
1073780083
1073780089
1073780131
1073780137
1073780161
1073780173
1073780221
1073780233
1073780237
1073780261
1073780273
1073780297
1073780321
1073780329
1073780339
1073780341
1073780399
1073780413
1073780431
1073780437
1073780467
1073780483
1073780501
1073780549
1073780581
1073780623
1073780627
1073780671
1073780677
1073780713
1073780723
1073780731
1073780789
1073780797
1073780819
1073780831
1073780849
1073780863
1073780879
1073780891
1073780923
1073780969
1073780971
1073780989
1073781053
1073781089
1073781097
1073781101
1073781119
1073781139
1073781167
1073781211
1073781227
1073781253
1073781277
1073781287
1073781307
1073781323
1073781343
1073781361
1073781377
1073781413
1073781491
1073781497
1073781559
1073781587
1073781593
1073781619
1073781623
1073781641
1073781661
1073781671
1073781691
1073781733
1073781757
1073781817
1073781851
1073781857
1073781883
1073781899
1073781953
1073781991
1073781997
1073782001
1073782019
1073782037
1073782057
1073782081
1073782097
1073782121
1073782201
1073782219
1073782231
1073782249
1073782273
1073782277
1073782289
1073782349
1073782379
1073782399
1073782403
1073782417
1073782427
1073782429
1073782447
1073782453
1073782469
1073782483
1073782517
1073782553
1073782571
1073782607
1073782621
1073782649
1073782651
1073782657
1073782673
1073782691
1073782693
1073782729
1073782733
1073782757
1073782783
1073782789
1073782793
1073782811
1073782819
1073782859
1073782877
1073782889
1073782901
1073782903
1073782933
1073782943
1073782981
1073783003
1073783017
1073783023
1073783033
1073783041
1073783059
1073783069
1073783093
1073783101
1073783107
1073783111
1073783149
1073783159
1073783209
1073783219
1073783281
1073783297
1073783299
1073783323
1073783341
1073783357
1073783383
1073783387
1073783441
1073783443
1073783471
1073783489
1073783507
1073783531
1073783561
1073783567
1073783591
1073783639
1073783653
1073783663
1073783677
1073783687
1073783701
1073783717
1073783731
1073783749
1073783807
1073783861
1073783863
1073783929
1073783939
1073783951
1073783981
1073783987
1073783999
1073784001
1073784013
1073784017
1073784029
1073784059
1073784071
1073784077
1073784119
1073784139
1073784163
1073784181
1073784193
1073784203
1073784211
1073784241
1073784317
1073784329
1073784389
1073784391
1073784401
1073784409
1073784427
1073784451
1073784473
1073784493
1073784499
1073784527
1073784539
1073784571
1073784577
1073784587
1073784623
1073784671
1073784709
1073784713
1073784721
1073784731
1073784743
1073784757
1073784773
1073784779
1073784797
1073784799
1073784857
1073784931
1073784937
1073784941
1073784977
1073784989
1073785033
1073785091
1073785129
1073785151
1073785159
1073785169
1073785187
1073785189
1073785213
1073785217
1073785241
1073785243
1073785249
1073785259
1073785261
1073785303
1073785319
1073785333
1073785343
1073785373
1073785387
1073785411
1073785417
1073785423
1073785477
1073785499
1073785507
1073785519
1073785549
1073785607
1073785631
1073785649
1073785651
1073785667
1073785673
1073785681
1073785693
1073785717
1073785759
1073785763
1073785771
1073785787
1073785799
1073785819
1073785837
1073785847
1073785877
1073785901
1073785919
1073786009
1073786033
1073786041
1073786053
1073786057
1073786081
1073786089
1073786093
1073786101
1073786123
1073786137
1073786149
1073786173
1073786183
1073786191
1073786237
1073786309
1073786323
1073786327
1073786333
1073786347
1073786353
1073786377
1073786431
1073786447
1073786459
1073786471
1073786473
1073786479
1073786491
1073786507
1073786531
1073786543
1073786557
1073786561
1073786603
1073786611
1073786633
1073786699
1073786737
1073786743
1073786789
1073786801
1073786891
1073786933
1073786939
1073786971
1073786977
1073786983
1073786999
1073787017
1073787041
1073787053
1073787073
1073787103
1073787107
1073787119
1073787137
1073787139
1073787151
1073787193
1073787199
1073787217
1073787227
1073787241
4294967311
4294967357
4294967371
4294967377
4294967387
4294967389
4294967459
4294967477
4294967497
4294967513
4294967539
4294967543
4294967549
4294967561
4294967563
4294967569
4294967597
4294967627
4294967639
4294967653
4294967681
4294967687
4294967701
4294967723
4294967759
4294967779
4294967783
4294967791
4294967797
4294967821
4294967857
4294967861
4294967867
4294967891
4294967969
4294967977
4294967983
4294968001
4294968017
4294968019
4294968023
4294968059
4294968101
4294968127
4294968143
4294968149
4294968173
4294968187
4294968199
4294968211
4294968233
4294968239
4294968257
4294968283
4294968287
4294968289
4294968317
4294968329
4294968331
4294968347
4294968371
4294968389
4294968401
4294968409
4294968413
4294968479
4294968481
4294968521
4294968533
4294968583
4294968607
4294968637
4294968683
4294968697
4294968719
4294968739
4294968767
4294968803
4294968809
4294968827
4294968833
4294968857
4294968869
4294968877
4294968883
4294968929
4294968949
4294968983
4294969039
4294969067
4294969099
4294969111
4294969117
4294969127
4294969141
4294969153
4294969177
4294969187
4294969207
4294969229
4294969241
4294969249
4294969271
4294969279
4294969319
4294969421
4294969429
4294969457
4294969489
4294969501
4294969529
4294969577
4294969597
4294969633
4294969643
4294969663
4294969667
4294969681
4294969727
4294969729
4294969733
4294969739
4294969747
4294969759
4294969781
4294969807
4294969813
4294969829
4294969831
4294969871
4294969897
4294969901
4294969907
4294969949
4294969951
4294969979
4294969993
4294969997
4294969999
4294970059
4294970081
4294970087
4294970089
4294970149
4294970189
4294970231
4294970261
4294970347
4294970377
4294970417
4294970443
4294970467
4294970503
4294970521
4294970531
4294970543
4294970567
4294970569
4294970723
4294970749
4294970761
4294970819
4294970839
4294970861
4294970863
4294970879
4294970909
4294970923
4294970993
4294971059
4294971073
4294971077
4294971097
4294971101
4294971127
4294971151
4294971169
4294971199
4294971209
4294971221
4294971227
4294971269
4294971301
4294971323
4294971349
4294971367
4294971377
4294971379
4294971389
4294971391
4294971431
4294971469
4294971491
4294971497
4294971503
4294971557
4294971563
4294971607
4294971643
4294971673
4294971781
4294971829
4294971841
4294971859
4294971883
4294971929
4294971931
4294971937
4294971943
4294971991
4294972037
4294972039
4294972049
4294972051
4294972061
4294972063
4294972069
4294972079
4294972093
4294972109
4294972117
4294972147
4294972151
4294972207
4294972237
4294972243
4294972267
4294972291
4294972307
4294972333
4294972337
4294972351
4294972393
4294972411
4294972421
4294972433
4294972441
4294972481
4294972559
4294972567
4294972579
4294972603
4294972609
4294972613
4294972657
4294972663
4294972727
4294972751
4294972789
4294972793
4294972807
4294972823
4294972859
4294972861
4294972867
4294972897
4294972931
4294972951
4294973017
4294973069
4294973071
4294973083
4294973099
4294973101
4294973117
4294973147
4294973183
4294973191
4294973201
4294973203
4294973231
4294973233
4294973273
4294973281
4294973321
4294973383
4294973387
4294973407
4294973453
4294973477
4294973497
4294973519
4294973531
4294973537
4294973539
4294973549
4294973569
4294973587
4294973593
4294973603
4294973611
4294973629
4294973633
4294973651
4294973671
4294973713
4294973717
4294973743
4294973759
4294973791
4294973831
4294973843
4294973867
4294973869
4294973897
4294973899
4294973909
4294973911
4294973923
4294973951
4294973953
4294973981
4294973987
4294973989
4294973999
4294974017
4294974049
4294974059
4294974077
4294974083
4294974107
4294974113
4294974133
4294974139
4294974227
4294974239
4294974287
4294974323
4294974331
4294974361
4294974413
4294974451
4294974457
4294974479
4294974493
4294974517
4294974527
4294974569
4294974581
4294974583
4294974599
4294974641
4294974647
4294974653
4294974731
4294974737
4294974743
4294974769
4294974793
4294974811
4294974863
4294974881
4294974913
4294974917
4294974919
4294974923
4294974953
4294974973
4294974991
4294974997
4294975031
4294975037
4294975043
4294975051
4294975057
4294975079
4294975093
4294975109
4294975117
4294975123
4294975147
4294975163
4294975211
4294975229
4294975297
4294975339
4294975369
4294975393
4294975397
4294975411
4294975417
4294975453
4294975463
4294975471
4294975499
4294975537
4294975543
4294975547
4294975561
4294975589
4294975627
4294975649
4294975673
4294975697
4294975717
4294975733
4294975739
4294975747
4294975753
4294975757
4294975781
4294975793
4294975843
4294975847
4294975849
4294975877
4294975889
4294975891
4294975907
4294975939
4294975987
4294976051
4294976069
4294976071
4294976083
4294976089
4294976129
4294976131
4294976149
4294976219
4294976221
4294976261
4294976263
4294976269
4294976281
4294976293
4294976311
4294976321
4294976341
4294976347
4294976359
4294976381
4294976383
4294976417
4294976431
4294976447
4294976453
4294976501
4294976519
4294976537
4294976549
4294976579
4294976617
4294976627
4294976639
4294976677
4294976717
4294976723
4294976731
4294976743
4294976773
4294976797
4294976839
4294976857
4294976867
4294976887
4294976929
4294976941
4294976957
4294976977
4294976981
4294977023
4294977047
4294977067
4294977079
4294977083
4294977091
4294977097
4294977149
4294977161
4294977163
4294977173
4294977217
4294977233
4294977259
4294977287
4294977311
4294977317
4294977329
4294977347
4294977389
4294977391
4294977413
4294977419
4294977431
4294977433
4294977481
4294977499
4294977503
4294977523
4294977559
4294977571
4294977623
4294977667
4294977671
4294977751
4294977761
4294977763
4294977769
4294977787
4294977793
4294977823
4294977839
4294977847
4294977859
4294977881
4294977893
4294977899
4294977943
4294977961
4294977989
4294977991
4294978003
4294978021
4294978027
4294978033
4294978057
4294978067
4294978081
4294978087
4294978091
4294978123
4294978133
4294978147
4294978157
4294978169
4294978201
4294978211
4294978223
4294978231
4294978249
4294978283
4294978307
4294978309
4294978313
4294978327
4294978333
4294978361
4294978381
4294978399
4294978489
4294978511
4294978517
4294978553
4294978559
4294978591
4294978627
4294978661
4294978679
4294978729
4294978733
4294978757
4294978777
4294978781
4294978799
4294978811
4294978867
4294978873
4294978949
4294978973
4294979009
4294979023
4294979033
4294979047
4294979053
4294979069
4294979077
4294979081
4294979111
4294979153
4294979159
4294979167
4294979207
4294979233
4294979237
4294979287
4294979321
4294979329
4294979383
4294979407
4294979417
4294979443
4294979461
4294979471
4294979519
4294979527
4294979531
4294979567
4294979587
4294979617
4294979627
4294979653
4294979693
4294979719
4294979737
4294979771
4294979809
4294979831
4294979851
4294979861
4294979863
4294979881
4294979891
4294979917
4294979929
4294979933
4294979939
4294979947
4294979987
4294979999
4294980007
4294980071
4294980089
4294980121
4294980169
4294980197
4294980227
4294980251
4294980289
4294980307
4294980311
4294980323
4294980337
4294980341
4294980377
4294980397
4294980421
4294980449
4294980479
4294980497
4294980511
4294980539
4294980587
4294980593
4294980611
4294980619
4294980629
4294980643
4294980667
4294980673
4294980709
4294980733
4294980751
4294980763
4294980821
4294980847
4294980917
4294980947
4294980959
4294980961
4294980973
4294981003
4294981007
4294981013
4294981021
4294981063
4294981069
4294981079
4294981091
4294981111
4294981129
4294981151
4294981181
4294981189
4294981231
4294981247
4294981253
4294981261
4294981289
4294981297
4294981319
4294981321
4294981357
4294981381
4294981409
4294981417
4294981441
4294981451
4294981463
4294981517
4294981531
4294981573
4294981591
4294981619
4294981657
4294981679
4294981729
4294981739
4294981753
4294981781
4294981783
4294981799
4294981807
4294981891
4294981897
4294981903
4294981907
4294981927
4294981969
4294981973
4294982057
4294982063
4294982093
4294982171
4294982173
4294982191
4294982261
4294982269
4294982291
4294982333
4294982387
4294982411
4294982431
4294982443
4294982449
4294982473
4294982501
4294982519
4294982537
4294982551
4294982567
4294982569
4294982603
4294982609
4294982617
4294982633
4294982669
4294982689
4294982711
4294982753
4294982759
4294982773
4294982801
4294982869
4294982891
4294982893
4294982929
4294982933
4294982957
4294982963
4294982983
4294983013
4294983023
4294983059
4294983073
4294983089
4294983107
4294983113
4294983137
4294983149
4294983151
4294983163
4294983181
4294983197
4294983227
4294983263
4294983401
4294983403
4294983437
4294983461
4294983463
4294983467
4294983503
4294983521
4294983601
4294983661
4294983701
4294983727
4294983731
4294983733
4294983793
4294983799
4294983811
4294983841
4294983857
4294983871
4294983911
4294983923
4294983937
4294983967
4294983971
4294983997
4294984009
4294984049
4294984079
4294984163
4294984201
4294984217
4294984229
4294984259
4294984271
4294984277
4294984279
4294984283
4294984289
4294984301
4294984307
4294984313
4294984321
4294984349
4294984367
4294984381
4294984403
4294984411
4294984433
4294984481
4294984501
4294984541
4294984553
4294984571
4294984579
4294984583
4294984627
4294984663
4294984699
4294984717
4294984723
4294984747
4294984831
4294984847
4294984853
4294984871
4294984909
4294984927
4294984937
4294984943
4294984957
4294985027
4294985033
4294985041
4294985083
4294985099
4294985143
4294985237
4294985239
4294985263
4294985267
4294985269
4294985287
4294985291
4294985309
4294985311
4294985333
4294985377
4294985393
4294985399
4294985437
4294985449
4294985459
4294985467
4294985491
4294985531
4294985581
4294985623
4294985647
4294985657
4294985683
4294985693
4294985741
4294985797
4294985801
4294985803
4294985809
4294985837
4294985911
4294985987
4294985999
4294986013
4294986019
4294986041
4294986049
4294986077
4294986103
4294986107
4294986133
4294986139
4294986169
4294986191
4294986193
4294986197
4294986209
4294986211
4294986221
4294986247
4294986251
4294986277
4294986331
4294986341
4294986343
4294986373
4294986389
4294986433
4294986439
4294986473
4294986491
4294986497
4294986511
4294986547
4294986629
4294986643
4294986649
4294986701
4294986737
4294986757
4294986763
4294986767
4294986781
4294986793
4294986851
4294986863
4294986889
4294986893
4294986907
4294986911
4294986953
4294986959
4294986967
4294986989
4294986991
4294987051
4294987057
4294987061
4294987111
4294987141
4294987157
4294987231
4294987289
4294987303
4294987331
4294987357
4294987387
4294987393
4294987427
4294987523
4294987561
4294987579
4294987589
4294987607
4294987621
4294987651
4294987681
4294987703
4294987751
4294987757
4294987769
4294987771
4294987799
4294987847
4294987849
4294987859
4294987889
4294987903
4294987919
4294987951
4294988011
4294988017
4294988021
4294988123
4294988129
4294988147
4294988153
4294988177
4294988179
4294988183
4294988197
4294988227
4294988233
4294988261
4294988267
4294988297
4294988311
4294988351
4294988353
4294988377
4294988387
4294988413
4294988417
4294988419
4294988429
4294988473
4294988519
4294988557
4294988561
4294988563
4294988591
4294988609
4294988641
4294988689
4294988693
4294988699
4294988707
4294988773
4294988801
4294988849
4294988861
4294988879
4294988891
4294988903
4294988947
4294988963
4294988981
4294988983
4294989053
4294989073
4294989103
4294989113
4294989137
4294989151
4294989161
4294989163
4294989169
4294989211
4294989221
4294989227
4294989241
4294989247
4294989289
4294989313
4294989331
4294989353
4294989359
4294989371
4294989379
4294989409
4294989437
4294989473
4294989551
4294989553
4294989583
4294989631
4294989649
4294989703
4294989707
4294989719
4294989733
4294989749
4294989781
4294989799
4294989817
4294989877
4294989883
4294989887
4294989913
4294989943
4294989949
4294989971
4294989977
4294989989
4294990003
4294990039
4294990067
4294990079
4294990129
4294990171
4294990241
4294990247
4294990283
4294990289
4294990321
4294990351
4294990361
4294990409
4294990423
4294990429
4294990463
4294990477
4294990529
4294990561
4294990577
4294990597
4294990621
4294990631
4294990639
4294990643
4294990657
4294990681
4294990691
4294990699
4294990723
4294990729
4294990751
4294990771
4294990781
4294990787
4294990853
4294990913
4294990967
4294991011
4294991023
4294991033
4294991053
4294991111
4294991119
4294991149
4294991161
4294991167
4294991179
4294991219
4294991251
4294991279
4294991297
4294991357
4294991359
4294991387
4294991399
4294991417
4294991423
4294991429
4294991431
4294991443
4294991447
4294991461
4294991471
4294991497
4294991507
4294991509
4294991521
4294991539
4294991551
4294991557
4294991579
4294991587
4294991653
4294991677
4294991713
4294991737
4294991749
4294991821
4294991837
4294991839
4294991849
4294991861
4294991873
4294991887
4294991891
4294991893
4294991923
4294991927
4294991977
4294991983
4294992001
4294992007
4294992019
4294992029
4294992071
4294992077
4294992089
4294992103
4294992113
4294992139
4294992151
4294992167
4294992197
4294992203
4294992223
4294992241
4294992311
4294992341
4294992343
4294992413
4294992439
4294992463
4294992467
4294992473
4294992517
4294992547
4294992643
4294992661
4294992677
4294992683
4294992703
4294992749
4294992797
4294992841
4294992899
4294992913
4294992941
4294992943
4294992953
4294992971
4294992973
4294992979
4294993019
4294993099
4294993121
4294993127
4294993141
4294993193
4294993201
4294993267
4294993289
4294993291
4294993327
4294993333
4294993349
4294993397
4294993399
4294993403
4294993421
4294993501
4294993513
4294993517
4294993523
4294993537
4294993607
4294993649
4294993657
4294993667
4294993691
4294993693
4294993721
4294993723
4294993727
4294993739
4294993741
4294993771
4294993777
4294993793
4294993837
4294993853
4294993939
4294993961
4294993979
4294994057
4294994059
4294994101
4294994117
4294994159
4294994167
4294994173
4294994191
4294994203
4294994233
4294994243
4294994261
4294994311
4294994317
4294994329
4294994339
4294994357
4294994371
4294994377
4294994387
4294994399
4294994423
4294994449
4294994477
4294994489
4294994491
4294994617
4294994651
4294994701
4294994713
4294994741
4294994747
4294994791
4294994807
4294994819
4294994827
4294994831
4294994833
4294994849
4294994887
4294994923
4294994959
4294994987
4294995007
4294995083
4294995109
4294995121
4294995143
4294995151
4294995157
4294995169
4294995181
4294995233
4294995247
4294995281
4294995283
4294995319
4294995337
4294995377
4294995389
4294995431
4294995437
4294995451
4294995461
4294995487
4294995511
4294995521
4294995569
4294995577
4294995599
4294995637
4294995647
4294995659
4294995667
4294995673
4294995701
4294995709
4294995739
4294995769
4294995823
4294995839
4294995841
4294995851
4294995857
4294995863
4294995871
4294995893
4294995917
4294995977
4294995983
4294996003
4294996007
4294996021
4294996049
4294996051
4294996163
4294996171
4294996183
4294996231
4294996243
4294996247
4294996267
4294996313
4294996319
4294996327
4294996393
4294996427
4294996513
4294996543
4294996549
4294996553
4294996567
4294996579
4294996597
4294996633
4294996663
4294996679
4294996687
4294996709
4294996777
4294996837
4294996859
4294996891
4294996913
4294996921
4294996939
4294996961
4294997009
4294997027
4294997041
4294997059
4294997071
4294997123
4294997131
4294997141
4294997149
4294997159
4294997173
4294997191
4294997197
4294997219
4294997221
4294997257
4294997261
4294997281
4294997297
4294997303
4294997323
4294997383
4294997387
4294997389
4294997401
4294997417
4294997461
4294997471
4294997491
4294997561
4294997587
4294997611
4294997627
4294997653
4294997659
4294997687
4294997711
4294997723
4294997737
4294997761
4294997797
4294997809
4294997843
4294997873
4294997879
4294997881
4294997909
4294997911
4294997921
4294997947
4294997969
4294997981
4294998023
4294998077
4294998119
4294998121
4294998131
4294998151
4294998157
4294998163
4294998179
4294998181
4294998229
4294998251
4294998263
4294998287
4294998299
4294998307
4294998313
4294998341
4294998343
4294998347
4294998353
4294998359
4294998479
4294998497
4294998553
4294998557
4294998563
4294998569
4294998641
4294998661
4294998667
4294998671
4294998691
4294998703
4294998709
4294998769
4294998781
4294998787
4294998797
4294998821
4294998823
4294998857
4294998899
4294998913
4294998937
4294998941
4294998989
4294998997
4294999013
4294999063
4294999117
4294999133
4294999169
4294999171
4294999193
4294999207
4294999279
4294999297
4294999327
4294999333
4294999339
4294999349
4294999363
4294999409
4294999421
4294999463
4294999477
4294999483
4294999537
4294999547
4294999549
4294999559
4294999699
4294999717
4294999721
4294999727
4294999733
4294999741
4294999763
4294999769
4294999777
4294999817
4294999889
4294999939
4294999949
4294999957
4294999991
4295000011
4295000023
4295000029
4295000033
4295000051
4295000077
4295000081
4295000113
4295000117
4295000119
4295000123
4295000131
4295000147
4295000221
4295000233
4295000317
4295000327
4295000341
4295000371
4295000393
4295000417
4295000429
4295000459
4295000471
4295000527
4295000533
4295000573
4295000579
4295000599
4295000603
4295000627
4295000687
4295000747
4295000779
4295000783
4295000837
4295000851
4295000867
4295000873
4295000951
4295000987
4295001013
4295001037
4295001049
4295001077
4295001089
4295001097
4295001103
4295001127
4295001131
4295001133
4295001149
4295001157
4295001197
4295001251
4295001287
4295001313
4295001331
4295001341
4295001343
4295001353
4295001391
4295001419
4295001457
4295001461
4295001463
4295001497
4295001619
4295001653
4295001673
4295001679
4295001709
4295001731
4295001751
4295001779
4295001791
4295001797
4295001827
4295001833
4295001901
4295001929
4295001947
4295001959
4295001979
4295001983
4295001989
4295002013
4295002021
4295002039
4295002087
4295002091
4295002093
4295002097
4295002133
4295002141
4295002147
4295002157
4295002169
4295002177
4295002211
4295002223
4295002279
4295002289
4295002301
4295002303
4295002339
4295002343
4295002351
4295002373
4295002379
4295002427
4295002429
4295002441
4295002463
4295002469
4295002501
4295002529
4295002541
4295002597
4295002603
4295002609
4295002633
4295002637
4295002697
4295002703
4295002721
4295002753
4295002769
4295002771
4295002799
4295002807
4295002813
4295002853
4295002861
4295002867
4295002897
4295002903
4295002913
4295002939
4295002963
4295002997
4295003039
4295003059
4295003087
4295003171
4295003177
4295003189
4295003197
4295003231
4295003249
4295003263
4295003287
4295003291
4295003311
4295003359
4295003387
4295003389
4295003423
4295003441
4295003467
4295003513
4295003533
4295003543
4295003633
4295003659
4295003663
4295003723
4295003731
4295003737
4295003759
4295003803
4295003807
4295003809
4295003813
4295003857
4295003893
4295003897
4295003899
4295003917
4295003939
4295003953
4295003963
4295003989
4295004001
4295004031
4295004037
4295004041
4295004053
4295004073
4295004079
4295004101
4295004127
4295004143
4295004187
4295004193
4295004209
4295004251
4295004269
4295004293
4295004319
4295004341
4295004379
4295004391
4295004409
4295004479
4295004529
4295004541
4295004563
4295004577
4295004599
4295004611
4295004617
4295004641
4295004673
4295004689
4295004731
4295004737
4295004743
4295004757
4295004767
4295004773
4295004781
4295004821
4295004827
4295004869
4295004913
4295004919
4295004947
4295004953
4295004971
4295004983
4295005003
4295005021
4295005049
4295005097
4295005111
4295005139
4295005159
4295005207
4295005223
4295005313
4295005321
4295005369
4295005387
4295005411
4295005417
4295005427
4295005439
4295005459
4295005469
4295005529
4295005541
4295005567
4295005591
4295005597
4295005661
4295005667
4295005691
4295005697
4295005789
4295005849
4295005859
4295005909
4295005931
4295005951
4295005973
4295005999
4295006041
4295006047
4295006057
4295006071
4295006081
4295006083
4295006117
4295006147
4295006161
4295006171
4295006179
4295006189
4295006201
4295006207
4295006231
4295006237
4295006249
4295006267
4295006299
4295006341
4295006363
4295006369
4295006381
4295006393
4295006413
4295006423
4295006431
4295006467
4295006473
4295006483
4295006489
4295006519
4295006533
4295006543
4295006557
4295006629
4295006641
4295006707
4295006743
4295006761
4295006773
4295006819
4295006827
4295006839
4295006887
4295006899
4295006909
4295006917
4295006987
4295006993
4295007001
4295007043
4295007077
4295007091
4295007103
4295007107
4295007121
4295007137
4295007151
4295007161
4295007187
4295007191
4295007217
4295007221
4295007229
4295007257
4295007319
4295007337
4295007349
4295007359
4295007401
4295007413
4295007427
4295007443
4295007461
4295007467
4295007491
4295007529
4295007547
4295007559
4295007581
4295007583
4295007643
4295007667
4295007683
4295007707
4295007733
4295007737
4295007749
4295007781
4295007791
4295007797
4295007811
4295007839
4295007853
4295007859
4295007869
4295007881
4295007907
4295007919
4295007923
4295007929
4295007947
4295007949
4295007979
4295007991
4295008033
4295008049
4295008079
4295008093
4295008103
4295008127
4295008147
4295008169
4295008219
4295008229
4295008253
4295008279
4295008303
4295008307
4295008327
4295008351
4295008357
4295008391
4295008397
4295008441
4295008451
4295008483
4295008493
4295008513
4295008559
4295008573
4295008579
4295008607
4295008631
4295008643
4295008649
4295008657
4295008681
4295008709
4295008717
4295008723
4295008727
4295008759
4295008763
4295008793
4295008829
4295008873
4295008909
4295008967
4295008973
4295008981
4295009003
4295009027
4295009041
4295009057
4295009083
4295009113
4295009129
4295009141
4295009153
4295009171
4295009221
4295009227
4295009231
4295009249
4295009263
4295009281
4295009311
4295009423
4295009431
4295009491
4295009497
4295009501
4295009561
4295009567
4295009611
4295009647
4295009657
4295009671
4295009681
4295009689
4295009701
4295009711
4295009713
4295009737
4295009753
4295009759
4295009767
4295009783
4295009791
4295009821
4295009833
4295009921
4295009947
4295009959
4295009963
4295009989
4295010089
4295010091
4295010157
4295010233
4295010253
4295010257
4295010311
4295010347
4295010371
4295010383
4295010389
4295010397
4295010451
4295010463
4295010479
4295010487
4295010529
4295010539
4295010571
4295010583
4295010589
4295010607
4295010647
4295010659
4295010689
4295010737
4295010757
4295010779
4295010791
4295010803
4295010833
4295010871
4295010887
4295010913
4295010959
4295010977
4295011001
4295011027
4295011031
4295011051
4295011067
4295011073
4295011093
4295011109
4295011153
4295011169
4295011177
4295011187
4295011213
4295011241
4295011243
4295011247
4295011261
4295011367
4295011373
4295011379
4295011381
4295011433
4295011453
4295011507
4295011517
4295011519
4295011537
4295011547
4295011577
4295011601
4295011607
4295011681
4295011757
4295011759
4295011781
4295011813
4295011823
4295011841
4295011909
4295012023
4295012041
4295012047
4295012053
4295012101
4295012119
4295012147
4295012191
4295012213
4295012237
4295012297
4295012299
4295012303
4295012329
4295012333
4295012369
4295012383
4295012401
4295012411
4295012431
4295012437
4295012461
4295012467
4295012507
4295012539
4295012581
4295012591
4295012599
4295012621
4295012627
4295012629
4295012633
4295012647
4295012653
4295012677
4295012717
4295012741
4295012749
4295012789
4295012791
4295012881
4295012921
4295012977
4295012983
4295013007
4295013043
4295013049
4295013083
4295013089
4295013101
4295013193
4295013221
4295013253
4295013269
4295013299
4295013319
4295013323
4295013329
4295013337
4295013379
4295013397
4295013409
4295013421
4295013469
4295013509
4295013529
4295013581
4295013623
4295013641
4295013647
4295013683
4295013691
4295013713
4295013719
4295013727
4295013757
4295013803
4295013817
4295013829
4295013869
4295013871
4295013881
4295013901
4295013923
4295014007
4295014013
4295014027
4295014051
4295014063
4295014103
4295014127
4295014151
4295014177
4295014211
4295014223
4295014261
4295014271
4295014313
4295014337
4295014357
4295014369
4295014379
4295014387
4295014393
4295014433
4295014439
4295014441
4295014447
4295014499
4295014519
4295014523
4295014541
4295014609
4295014621
4295014643
4295014663
4295014727
4295014739
4295014751
4295014813
4295014817
4295014837
4295014897
4295014903
4295014949
4295014951
4295015003
4295015047
4295015069
4295015077
4295015089
4295015129
4295015149
4295015173
4295015177
4295015191
4295015213
4295015233
4295015243
4295015267
4295015299
4295015317
4295015323
4295015363
4295015381
4295015411
4295015419
4295015447
4295015453
4295015513
4295015539
4295015587
4295015591
4295015657
4295015689
4295015717
4295015729
4295015737
4295015773
4295015783
4295015843
4295015941
4295015947
4295015951
4295015957
4295015969
4295016031
4295016041
4295016043
4295016071
4295016091
4295016109
4295016127
4295016133
4295016137
4295016211
4295016227
4295016239
4295016287
4295016301
4295016311
4295016347
4295016353
4295016371
4295016409
4295016413
4295016431
4295016437
4295016511
4295016529
4295016533
4295016553
4295016581
4295016637
4295016653
4295016763
4295016767
4295016821
4295016827
4295016931
4295016949
4295016953
4295016967
4295016983
4295016991
4295016997
4295017039
4295017061
4295017063
4295017141
4295017163
4295017193
4295017201
4295017211
4295017219
4295017229
4295017249
4295017261
4295017297
4295017303
4295017319
4295017333
4295017367
4295017369
4295017399
4295017429
4295017439
4295017451
4295017499
4295017511
4295017549
4295017553
4295017589
4295017663
4295017673
4295017679
4295017721
4295017739
4295017787
4295017807
4295017817
4295017847
4295017871
4295017897
4295017901
4295017927
4295017933
4295017949
4295017997
4295018047
4295018051
4295018083
4295018087
4295018107
4295018141
4295018197
4295018209
4295018213
4295018219
4295018297
4295018309
4295018311
4295018353
4295018389
4295018401
4295018417
4295018443
4295018447
4295018467
4295018471
4295018501
4295018503
4295018521
4295018561
4295018569
4295018573
4295018593
4295018599
4295018633
4295018653
4295018683
4295018687
4295018701
4295018743
4295018747
4295018789
4295018801
4295018803
4295018807
4295018809
4295018851
4295018881
4295018891
4295018899
4295018933
4295018957
4295018971
4295018977
4295018993
4295018999
4295019007
4295019107
4295019133
4295019139
4295019173
4295019203
4295019251
4295019263
4295019271
4295019301
4295019359
4295019361
4295019367
4295019371
4295019419
4295019427
4295019437
4295019457
4295019479
4295019481
4295019503
4295019511
4295019529
4295019539
4295019551
4295019571
4295019581
4295019593
4295019643
4295019649
4295019653
4295019667
4295019691
4295019719
4295019767
4295019769
4295019779
4295019809
4295019811
4295019851
4295019871
4295019907
4295019947
4295020001
4295020019
4295020039
4295020049
4295020123
4295020151
4295020157
4295020159
4295020217
4295020259
4295020291
4295020297
4295020337
4295020343
4295020351
4295020361
4295020393
4295020397
4295020427
4295020439
4295020447
4295020459
4295020469
4295020507
4295020517
4295020549
4295020567
4295020577
4295020591
4295020603
4295020619
4295020703
4295020711
4295020739
4295020789
4295020799
4295020801
4295020841
4295020903
4295020907
4295020921
4295020931
4295020967
4295020973
4295020979
4295020991
4295020993
4295021009
4295021021
4295021023
4295021047
4295021057
4295021113
4295021147
4295021167
4295021183
4295021197
4295021207
4295021209
4295021221
4295021233
4295021239
4295021251
4295021273
4295021279
4295021281
4295021293
4295021303
4295021323
4295021327
4295021347
4295021359
4295021431
4295021453
4295021483
4295021513
4295021551
4295021567
4295021569
4295021609
4295021629
4295021639
4295021641
4295021659
4295021663
4295021671
4295021681
4295021699
4295021723
4295021737
4295021749
4295021767
4295021813
4295021851
4295021867
4295021873
4295021903
4295021921
4295021923
4295021977
4295021981
4295022059
4295022073
4295022079
4295022091
4295022097
4295022101
4295022113
4295022167
4295022169
4295022209
4295022223
4295022227
4295022283
4295022301
4295022343
4295022349
4295022367
4295022439
4295022517
4295022541
4295022559
4295022619
4295022623
4295022629
4295022631
4295022661
4295022679
4295022701
4295022731
4295022791
4295022803
4295022847
4295022857
4295022859
4295022877
4295022917
4295022929
4295022943
4295022971
4295022983
4295022997
4295023009
4295023049
4295023069
4295023087
4295023147
4295023171
4295023211
4295023253
4295023273
4295023277
4295023319
4295023349
4295023357
4295023373
4295023379
4295023399
4295023483
4295023507
4295023517
4295023553
4295023561
4295023571
4295023583
4295023591
4295023597
4295023609
4295023679
4295023697
4295023709
4295023721
4295023727
4295023729
4295023783
4295023813
4295023849
4295023903
4295023919
4295023951
4295023963
4295023981
4295024021
4295024039
4295024057
4295024059
4295024093
4295024099
4295024101
4295024147
4295024159
4295024197
4295024203
4295024257
4295024267
4295024281
4295024291
4295024311
4295024317
4295024339
4295024353
4295024369
4295024387
4295024443
4295024467
4295024473
4295024507
4295024519
4295024527
4295024533
4295024581
4295024597
4295024609
4295024621
4295024627
4295024633
4295024647
4295024683
4295024693
4295024717
4295024719
4295024813
4295024827
4295024869
4295024887
4295024927
4295024933
4295024957
4295024999
4295025041
4295025089
4295025103
4295025109
4295025131
4295025139
4295025143
4295025149
4295025167
4295025173
4295025187
4295025199
4295025211
4295025239
4295025253
4295025257
4295025307
4295025331
4295025337
4295025341
4295025347
4295025349
4295025389
4295025391
4295025407
4295025409
4295025421
4295025437
4295025463
4295025499
4295025517
4295025523
4295025529
4295025547
4295025617
4295025629
4295025641
4295025653
4295025659
4295025661
4295025671
4295025731
4295025733
4295025781
4295025841
4295025857
4295025871
4295025893
4295025901
4295025923
4295025929
4295025989
4295025997
4295026033
4295026067
4295026079
4295026213
4295026249
4295026261
4295026277
4295026289
4295026303
4295026327
4295026339
4295026369
4295026397
4295026403
4295026433
4295026441
4295026447
4295026451
4295026457
4295026459
4295026487
4295026493
4295026499
4295026537
4295026543
4295026559
4295026597
4295026633
4295026639
4295026651
4295026669
4295026699
4295026753
4295026763
4295026789
4295026807
4295026811
4295026823
4295026849
4295026889
4295026903
4295026907
4295026913
4295026943
4295026949
4295026951
4295026961
4295026987
4295026993
4295026997
4295027021
4295027039
4295027183
4295027221
4295027227
4295027249
4295027267
4295027287
4295027299
4295027329
4295027333
4295027357
4295027381
4295027393
4295027419
4295027467
4295027479
4295027519
4295027533
4295027537
4295027549
4295027603
4295027623
4295027641
4295027683
4295027689
4295027707
4295027731
4295027749
4295027777
4295027801
4295027813
4295027827
4295027903
4295027911
4295027941
4295027987
4295028007
4295028011
4295028029
4295028037
4295028047
4295028079
4295028217
4295028263
4295028271
4295028277
4295028289
4295028301
4295028341
4295028373
4295028389
4295028407
4295028443
4295028449
4295028481
4295028497
4295028503
4295028553
4295028571
4295028583
4295028587
4295028599
4295028607
4295028611
4295028623
4295028659
4295028691
4295028707
4295028713
4295028719
4295028743
4295028757
4295028779
4295028791
4295028811
4295028817
4295028851
4295028887
4295029001
4295029007
4295029027
4295029031
4295029043
4295029099
4295029111
4295029127
4295029159
4295029187
4295029213
4295029267
4295029289
4295029309
4295029339
4295029357
4295029367
4295029381
4295029397
4295029429
4295029457
4295029463
4295029517
4295029547
4295029561
4295029567
4295029603
4295029639
4295029649
4295029709
4295029721
4295029723
4295029727
4295029751
4295029807
4295029829
4295029853
4295029873
4295029877
4295029883
4295029897
4295029939
4295029979
4295029987
4295029997
4295030011
4295030023
4295030029
4295030099
4295030107
4295030137
4295030171
4295030197
4295030227
4295030231
4295030251
4295030261
4295030287
4295030291
4295030293
4295030329
4295030371
4295030381
4295030393
4295030437
4295030449
4295030459
4295030461
4295030497
4295030543
4295030549
4295030627
4295030629
4295030651
4295030669
4295030711
4295030713
4295030717
4295030771
4295030777
4295030783
4295030821
4295030827
4295030843
4295030849
4295030881
4295030911
4295030951
4295030953
4295030981
4295031007
4295031019
4295031023
4295031053
4295031061
4295031089
4295031133
4295031173
4295031197
4295031199
4295031203
4295031211
4295031229
4295031239
4295031311
4295031337
4295031343
4295031347
4295031413
4295031439
4295031541
4295031557
4295031593
4295031599
4295031619
4295031641
4295031647
4295031659
4295031677
4295031709
4295031721
4295031731
4295031733
4295031761
4295031779
4295031787
4295031859
4295031877
4295031883
4295031901
4295031911
4295031913
4295031941
4295031953
4295031971
4295031977
4295032069
4295032103
4295032129
4295032139
4295032141
4295032151
4295032163
4295032193
4295032199
4295032241
4295032243
4295032249
4295032283
4295032297
4295032319
4295032321
4295032363
4295032369
4295032393
4295032411
4295032451
4295032477
4295032487
4295032493
4295032549
4295032571
4295032591
4295032601
4295032657
4295032667
4295032681
4295032691
4295032717
4295032759
4295032793
4295032799
4295032801
4295032817
4295032831
4295032837
4295032843
4295032867
4295032883
4295032969
4295032991
4295033009
4295033021
4295033047
4295033069
4295033107
4295033123
4295033213
4295033233
4295033251
4295033261
4295033273
4295033293
4295033299
4295033311
4295033321
4295033333
4295033401
4295033417
4295033441
4295033489
4295033497
4295033503
4295033513
4295033521
4295033531
4295033563
4295033573
4295033591
4295033599
4295033627
4295033647
4295033651
4295033669
4295033671
4295033681
4295033683
4295033713
4295033723
4295033753
4295033779
4295033789
4295033807
4295033839
4295033881
4295033903
4295033909
4295033917
4295033959
4295033983
4295033993
4295034013
4295034017
4295034031
4295034043
4295034047
4295034077
4295034101
4295034109
4295034127
4295034157
4295034167
4295034181
4295034187
4295034199
4295034239
4295034277
4295034287
4295034301
4295034319
4295034349
4295034361
4295034371
4295034383
4295034391
4295034427
4295034431
4295034437
4295034439
4295034509
4295034521
4295034533
4295034577
4295034659
4295034673
4295034719
4295034727
4295034749
4295034769
4295034787
4295034869
4295034893
4295034901
4295034941
4295034979
4295035001
4295035009
4295035013
4295035033
4295035051
4295035061
4295035093
4295035097
4295035099
4295035117
4295035133
4295035207
4295035229
4295035271
4295035307
4295035309
4295035361
4295035417
4295035421
4295035427
4295035429
4295035441
4295035453
4295035463
4295035477
4295035489
4295035501
4295035513
4295035529
4295035543
4295035573
4295035579
4295035583
4295035649
4295035687
4295035711
4295035741
4295035763
4295035769
4295035799
4295035859
4295035867
4295035879
4295035931
4295036003
4295036021
4295036027
4295036059
4295036069
4295036099
4295036107
4295036167
4295036191
4295036197
4295036231
4295036237
4295036287
4295036341
4295036363
4295036401
4295036411
4295036429
4295036437
4295036461
4295036497
4295036513
4295036531
4295036533
4295036539
4295036563
4295036593
4295036611
4295036633
4295036693
4295036717
4295036729
4295036783
4295036789
4295036803
4295036807
4295036819
4295036831
4295036917
4295036969
4295036989
4295037037
4295037079
4295037091
4295037167
4295037179
4295037223
4295037281
4295037289
4295037317
4295037359
4295037361
4295037377
4295037401
4295037463
4295037473
4295037493
4295037521
4295037529
4295037559
4295037581
4295037619
4295037623
4295037661
4295037751
4295037767
4295037781
4295037823
4295037829
4295037833
4295037847
4295037863
4295037883
4295037911
4295037937
4295037961
4295037973
4295037979
4295037997
4295038021
4295038031
4295038039
4295038043
4295038057
4295038061
4295038063
4295038087
4295038093
4295038129
4295038133
4295038157
4295038159
4295038247
4295038259
4295038277
4295038291
4295038309
4295038339
4295038343
4295038367
4295038381
4295038387
4295038393
4295038409
4295038411
4295038463
4295038471
4295038511
4295038513
4295038519
4295038523
4295038541
4295038577
4295038633
4295038669
4295038679
4295038717
4295038757
4295038771
4295038793
4295038817
4295038849
4295038861
4295038903
4295038919
4295038987
4295038999
4295039003
4295039027
4295039033
4295039071
4295039081
4295039083
4295039093
4295039153
4295039191
4295039213
4295039227
4295039233
4295039249
4295039267
4295039279
4295039293
4295039299
4295039321
4295039323
4295039327
4295039339
4295039351
4295039363
4295039369
4295039377
4295039381
4295039393
4295039401
4295039417
4295039431
4295039449
4295039453
4295039459
4295039467
4295039537
4295039557
4295039569
4295039591
4295039611
4295039627
4295039633
4295039641
4295039659
4295039701
4295039831
4295039839
4295039893
4295039897
4295039909
4295039921
4295039929
4295039977
4295039981
4295039989
4295039999
4295040007
4295040017
4295040037
4295040059
4295040067
4295040083
4295040097
4295040103
4295040107
4295040121
4295040161
4295040209
4295040221
4295040229
4295040257
4295040301
4295040313
4295040329
4295040353
4295040377
4295040457
4295040461
4295040467
4295040481
4295040487
4295040499
4295040517
4295040551
4295040583
4295040601
4295040613
4295040653
4295040671
4295040691
4295040707
4295040713
4295040749
4295040751
4295040779
4295040781
4295040791
4295040811
4295040821
4295040833
4295040847
4295040859
4295040881
4295040887
4295040899
4295040901
4295040913
4295040949
4295040961
4295040989
4295041001
4295041013
4295041021
4295041031
4295041033
4295041039
4295041043
4295041061
4295041087
4295041133
4295041151
4295041159
4295041217
4295041241
4295041243
4295041249
4295041253
4295041271
4295041277
4295041301
4295041327
4295041339
4295041343
4295041357
4295041391
4295041423
4295041529
4295041567
4295041589
4295041601
4295041603
4295041631
4295041669
4295041693
4295041697
4295041711
4295041717
4295041787
4295041819
4295041859
4295041889
4295041913
4295041963
4295041967
4295041969
4295041997
4295042009
4295042023
4295042113
4295042117
4295042119
4295042123
4295042137
4295042159
4295042161
4295042243
4295042261
4295042267
4295042291
4295042309
4295042329
4295042341
4295042347
4295042351
4295042363
4295042369
4295042377
4295042383
4295042413
4295042441
4295042449
4295042489
4295042509
4295042539
4295042551
4295042579
4295042677
4295042683
4295042729
4295042753
4295042761
4295042789
4295042861
4295042909
4295042923
4295042933
4295043017
4295043019
4295043029
4295043061
4295043121
4295043169
4295043209
4295043239
4295043341
4295043359
4295043377
4295043407
4295043439
4295043443
4295043449
4295043457
4295043469
4295043497
4295043551
4295043563
4295043569
4295043581
4295043587
4295043589
4295043617
4295043631
4295043653
4295043661
4295043671
4295043677
4295043679
4295043743
4295043787
4295043793
4295043799
4295043821
4295043853
4295043859
4295043871
4295043877
4295043923
4295043937
4295043941
4295043971
4295043997
4295044003
4295044097
4295044111
4295044139
4295044189
4295044223
4295044231
4295044241
4295044253
4295044289
4295044301
4295044363
4295044399
4295044423
4295044427
4295044477
4295044489
4295044519
4295044549
4295044561
4295044591
4295044597
4295044603
4295044609
4295044627
4295044643
4295044651
4295044657
4295044669
4295044711
4295044763
4295044769
4295044783
4295044799
4295044807
4295044811
4295044843
4295044879
4295044927
4295044933
4295044939
4295044969
4295044979
4295045011
4295045107
4295045129
4295045143
4295045179
4295045201
4295045207
4295045213
4295045263
4295045267
4295045281
4295045299
4295045303
4295045351
4295045357
4295045371
4295045413
4295045431
4295045449
4295045471
4295045501
4295045539
4295045543
4295045549
4295045561
4295045611
4295045633
4295045659
4295045663
4295045683
4295045707
4295045717
4295045723
4295045731
4295045743
4295045759
4295045773
4295045827
4295045837
4295045849
4295045857
4295045863
4295045873
4295045879
4295045917
4295045933
4295045981
4295046011
4295046029
4295046053
4295046089
4295046101
4295046103
4295046127
4295046163
4295046179
4295046199
4295046229
4295046257
4295046263
4295046269
4295046319
4295046341
4295046367
4295046377
4295046419
4295046487
4295046527
4295046533
4295046551
4295046563
4295046589
4295046649
4295046667
4295046689
4295046709
4295046727
4295046737
4295046757
4295046779
4295046803
4295046823
4295046851
4295046911
4295046929
4295046971
4295046983
4295047037
4295047069
4295047073
4295047103
4295047121
4295047129
4295047153
4295047181
4295047193
4295047213
4295047247
4295047259
4295047277
4295047327
4295047391
4295047403
4295047453
4295047457
4295047481
4295047487
4295047511
4295047553
4295047567
4295047583
4295047591
4295047643
4295047667
4295047693
4295047699
4295047763
4295047811
4295047837
4295047843
4295047873
4295047877
4295047891
4295047903
4295047919
4295047937
4295047961
4295047969
4295047997
4295048039
4295048053
4295048071
4295048081
4295048101
4295048123
4295048203
4295048209
4295048237
4295048239
4295048273
4295048293
4295048297
4295048347
4295048383
4295048411
4295048413
4295048437
4295048479
4295048489
4295048519
4295048539
4295048561
4295048573
4295048579
4295048581
4295048599
4295048633
4295048647
4295048651
4295048671
4295048711
4295048713
4295048717
4295048761
4295048789
4295048803
4295048873
4295048887
4295048899
4295048909
4295048917
4295048921
4295048939
4295048959
4295048981
4295048993
4295049001
4295049053
4295049107
4295049127
4295049151
4295049173
4295049179
4295049193
4295049197
4295049211
4295049217
4295049247
4295049277
4295049289
4295049293
4295049299
4295049307
4295049359
4295049361
4295049377
4295049413
4295049419
4295049433
4295049529
4295049547
4295049569
4295049571
4295049593
4295049607
4295049667
4295049691
4295049701
4295049719
4295049749
4295049757
4295049761
4295049763
4295049767
4295049841
4295049851
4295049853
4295049893
4295049919
4295049943
4295049989
4295049991
4295050069
4295050087
4295050127
4295050157
4295050181
4295050189
4295050213
4295050241
4295050247
4295050259
4295050267
4295050271
4295050283
4295050297
4295050327
4295050349
4295050387
4295050439
4295050447
4295050451
4295050471
4295050483
4295050537
4295050547
4295050549
4295050577
4295050619
4295050699
4295050709
4295050723
4295050741
4295050769
4295050813
4295050819
4295050831
4295050853
4295050873
4295050891
4295050897
4295050913
4295050919
4295050937
4295050943
4295050979
4295050993
4295051009
4295051011
4295051017
4295051021
4295051039
4295051051
4295051081
4295051083
4295051113
4295051129
4295051161
4295051171
4295051191
4295051197
4295051219
4295051221
4295051237
4295051249
4295051273
4295051291
4295051323
4295051329
4295051339
4295051347
4295051389
4295051393
4295051429
4295051443
4295051459
4295051461
4295051503
4295051557
4295051567
4295051573
4295051597
4295051599
4295051617
4295051653
4295051681
4295051687
4295051729
4295051731
4295051737
4295051743
4295051773
4295051843
4295051869
4295051923
4295051933
4295051941
4295051963
4295052007
4295052037
4295052059
4295052079
4295052101
4295052103
4295052161
4295052191
4295052271
4295052283
4295052313
4295052343
4295052367
4295052383
4295052403
4295052413
4295052473
4295052523
4295052529
4295052547
4295052551
4295052557
4295052577
4295052583
4295052617
4295052631
4295052647
4295052649
4295052673
4295052739
4295052823
4295052829
4295052901
4295052919
4295052947
4295052967
4295052989
4295052997
4295053027
4295053057
4295053079
4295053117
4295053141
4295053163
4295053171
4295053183
4295053199
4295053201
4295053219
4295053223
4295053283
4295053313
4295053319
4295053363
4295053387
4295053393
4295053447
4295053453
4295053463
4295053501
4295053507
4295053541
4295053579
4295053619
4295053643
4295053661
4295053699
4295053717
4295053727
4295053747
4295053793
4295053801
4295053823
4295053831
4295053853
4295053897
4295053913
4295053963
4295054009
4295054033
4295054039
4295054047
4295054051
4295054069
4295054083
4295054087
4295054089
4295054107
4295054149
4295054167
4295054243
4295054249
4295054273
4295054279
4295054297
4295054299
4295054327
4295054341
4295054359
4295054381
4295054417
4295054453
4295054501
4295054509
4295054563
4295054567
4295054587
4295054597
4295054623
4295054653
4295054677
4295054719
4295054737
4295054749
4295054767
4295054789
4295054807
4295054843
4295054851
4295054903
4295054927
4295054941
4295054993
4295055031
4295055041
4295055067
4295055109
4295055113
4295055119
4295055133
4295055139
4295055161
4295055187
4295055209
4295055217
4295055223
4295055251
4295055283
4295055299
4295055311
4295055319
4295055329
4295055341
4295055343
4295055419
4295055421
4295055461
4295055463
4295055467
4295055551
4295055553
4295055577
4295055613
4295055617
4295055619
4295055623
4295055629
4295055637
4295055641
4295055679
4295055727
4295055733
4295055761
4295055767
4295055769
4295055781
4295055827
4295055847
4295055883
4295055907
4295055911
4295055917
4295055977
4295055979
4295056009
4295056013
4295056067
4295056091
4295056151
4295056159
4295056193
4295056253
4295056309
4295056351
4295056369
4295056387
4295056391
4295056399
4295056499
4295056517
4295056523
4295056657
4295056669
4295056673
4295056697
4295056699
4295056739
4295056741
4295056751
4295056769
4295056793
4295056813
4295056841
4295056891
4295056901
4295056907
4295056937
4295056939
4295056943
4295056949
4295056957
4295057023
4295057047
4295057087
4295057119
4295057167
4295057183
4295057189
4295057201
4295057203
4295057231
4295057243
4295057251
4295057287
4295057297
4295057317
4295057363
4295057387
4295057401
4295057413
4295057477
4295057479
4295057489
4295057491
4295057551
4295057563
4295057587
4295057603
4295057609
4295057617
4295057629
4295057639
4295057647
4295057687
4295057761
4295057779
4295057783
4295057797
4295057807
4295057821
