2
5
7
17
23
59
71
83
103
191
233
269
293
337
379
487
691
797
859
937
997
1051
1117
1213
1301
1451
1657
2069
2357
2579
2729
2879
3037
3187
3323
3461
3581
3709
3853
4007
4159
4349
4561
4793
5051
5419
5839
6373
7019
7607
8123
8573
8929
9257
9551
9857
10163
10457
10733
11057
11317
11617
11903
12157
12433
12659
12959
13229
13553
13841
14177
14543
14831
15199
15551
15907
16361
16843
17341
17863
18401
19157
19861
20663
21529
22453
23473
24421
25469
26407
27299
28163
28921
29717
30493
31181
31859
32479
33071
33629
34267
34819
35419
36011
36583
37087
37607
38231
38767
39301
39841
40427
40961
41491
41981
42457
42961
43597
44123
44687
45281
45841
46471
47059
47639
48247
48823
49429
50033
50671
51361
51971
52691
53359
54083
54787
55621
56369
57073
57847
58699
59513
60509
61507
62501
63541
64661
65717
66949
68099
69467
70853
72103
73597
75079
76631
78173
79841
81401
83059
84731
86389
88019
89753
91297
92801
94351
95791
97369
98869
