5
11
29
53
127
173
293
367
541
853
967
1373
1693
1861
2213
2819
3491
3727
4493
5051
5333
6247
6899
7927
9413
10211
10613
11467
11887
12781
16139
17167
18773
19333
22229
22807
24659
26573
27893
29947
32051
32771
36493
37253
38821
39607
44531
49739
51539
52453
54293
57131
58099
63029
66067
69191
72367
73453
76733
78977
80107
85853
94253
96731
97973
100493
109567
113591
120413
121843
124633
128903
134699
139133
143651
146701
151337
157627
160807
167309
175573
177257
185767
187507
192737
196271
201611
208877
212557
214373
218107
229459
237173
241093
249017
253013
259099
271451
273551
292693
299213
310273
316991
323767
326057
332933
344587
351653
358811
361211
368453
375773
380707
383171
398171
410899
413461
418631
426421
434293
436957
452953
458333
466517
477497
491417
502687
516973
528559
537307
546137
552053
564013
573101
579133
591377
597539
619373
635249
654491
657743
674057
677333
683933
687277
703943
727613
734471
737887
744791
769147
776173
779693
786803
822667
829949
844601
863047
877997
885487
896837
908213
935093
942847
954539
966293
982087
994013
