5
11
29
53
127
173
293
367
541
853
967
1373
1693
1861
2213
2819
3491
3727
4493
5051
5333
6247
6899
7927
9413
10211
10613
11467
11887
12781
16139
17167
18773
19333
22229
22807
24659
26573
27893
29947
32051
32771
36493
37253
38821
39607
44531
49739
51539
52453
54293
57131
58099
63029
66067
69191
72367
73453
76733
78977
80107
85853
94253
96731
97973
100493
109567
113591
120413
121843
124633
128903
134699
139133
143651
146701
151337
157627
160807
167309
175573
177257
185767
187507
192737
196271
201611
208877
212557
214373
218107
229459
237173
241093
249017
253013
259099
271451
273551
292693
299213
310273
316991
323767
326057
332933
344587
351653
358811
361211
368453
375773
380707
383171
398171
410899
413461
418631
426421
434293
436957
452953
458333
466517
477497
491417
502687
516973
528559
537307
546137
552053
564013
573101
579133
591377
597539
619373
635249
654491
657743
674057
677333
683933
687277
703943
727613
734471
737887
744791
769147
776173
779693
786803
822667
829949
844601
863047
877997
885487
896837
908213
935093
942847
954539
966293
982087
994013
1018091
1026197
1038383
1042451
1062977
1067137
1079527
1100419
1104613
1125739
1129991
1142773
1181573
1190291
1194659
1203421
1216619
1229897
1247693
1261133
1274671
1324819
1329437
1352597
1371259
1394777
1408987
1423259
1442411
1471397
1481099
1495751
1510469
1515377
1530173
1560007
1585093
1630763
1635863
1646101
1661549
1666711
1682237
1692629
1697827
1708283
1739767
1745057
1760947
1852327
1868693
1885151
1907189
1957243
1985287
2024933
2036339
2042059
2053507
2070737
2093813
2105407
2111231
2128697
2163851
2193371
2199299
2211179
2217143
2229083
2247019
2283137
2319533
2343967
2380853
2399407
2411821
2430487
2455499
2468047
2493259
2505901
2550437
2563207
2582491
2588893
2601773
2621167
2627657
2647133
2679773
2745661
2765579
2778901
2785577
2866261
2879819
2886607
2920691
2961851
2968733
3003307
3031103
3052033
3073013
3094099
3157751
3179107
3193381
3200543
3243613
3279737
3323399
3352571
3411433
3463333
3485701
3500671
3508139
3523141
3530647
3568337
3613807
3636667
3659587
3728779
3736501
3798629
3806423
3892741
3916453
3948173
3972071
3988021
3996007
4012013
4044179
4068301
4108757
4116857
4157563
4214851
4255987
4280767
4330567
4338913
4355573
4363927
4405829
4456327
4464781
4532653
4541183
4566781
4583899
4592453
4635437
4669949
4748047
4853243
4870861
4897379
4932853
5004193
5013133
5031071
5067047
5139301
5148371
5166541
5202971
5230387
5257877
5276233
5331493
5340743
5442893
5470943
5480287
5508469
5527213
5555461
5621653
5650133
5669189
5678713
5707357
5726459
5755207
5812927
5841907
5870939
5938993
5958499
5987819
6046697
6086117
6115741
6135533
6265019
6355457
6405979
6446533
6466853
6497441
6507619
6538267
6651251
6713321
6723667
6806893
6848701
6869647
6932693
7006621
7059683
7070291
7091587
7134251
7166339
7198523
7219973
7230731
7252253
7284617
7327861
7349527
7360411
7392967
7447459
7458379
7513123
7557019
7579027
7656301
7711733
7778539
7789687
7823219
7845611
7856819
7946777
8025893
8048581
8082653
8128213
8162467
8185369
8288647
8334773
8392619
8427413
8462291
8508893
8567341
8637749
8720227
8743853
8779391
8814983
8826863
8994017
9006013
9066131
9114377
9138533
9223373
9247687
9296407
9369727
9406511
9480257
9504899
9541927
9665891
9728167
9740651
9840781
10004573
10029913
10042579
10118831
10157023
10182493
10259237
10297687
10349113
10374853
10426463
10569007
10582043
10608079
10621097
10699459
10883419
10896607
10936259
10975981
11015777
11042347
11082257
11095571
11175653
11202431
11282893
11296331
11363663
11377151
11485339
11498909
11607653
11648597
11785493
11895607
11950853
11978539
11992373
12020119
12033971
12187117
12243019
12327127
12369317
12439751
12453851
12482111
12524539
12538723
12581227
12652253
12666503
12752053
12823607
12837893
12909653
13010477
13053791
13082711
13126147
13184177
13227811
13271459
13388321
13476247
13490947
13520333
13623503
13667827
13697429
13756697
13830983
13890553
13935293
13980149
14145181
14190299
14205377
14280883
14386873
14417213
14462813
14600051
14615347
14691931
14799451
14830219
14845613
14922773
15031151
15062167
15124327
15264659
15295939
15342893
15358591
15389939
15437053
15452771
15547261
15578819
15737101
15912131
16008011
16024027
16056067
16104197
16152379
16168447
16216741
16394419
16410629
16459271
16589341
16638247
16736297
16752653
16801819
16900337
17032139
17048651
17081693
17131327
17247413
17280667
17297297
17447351
17648461
17732531
17783111
17799967
17884457
17901427
17986093
18003067
18088027
18139087
18156133
18241451
18258547
18344093
18395527
18464231
18722941
18809597
18826937
18913819
18983467
19035791
19123133
19280887
19333619
19439317
19545247
19562957
19722487
19775831
19811411
19864903
19918429
20079373
20097293
20187059
20313067
20367181
20403293
20421367
20457533
20675227
20693423
20802757
20857511
21003893
21077299
21132481
21187619
21353711
21501811
21520361
21557453
21613213
21631817
21687691
21743587
21836939
21893051
22005499
22118227
22287847
22306787
22363487
22401299
22572029
22648147
22877093
22915381
22934533
22972853
23030407
23049613
23164987
23203493
23338597
23629343
23726653
23785163
23902331
24039437
24098287
24196591
24314791
24334507
24374033
24433271
24512407
24571853
24671093
24691001
24730751
24870193
24930077
24990037
25030013
25090097
25110131
25210519
25230547
25391533
25512637
25593493
25775947
25816579
25877573
25999807
26020207
26081477
26142773
26204203
26491613
26553413
26697899
26739259
26822087
26925727
27008819
27133693
27321583
27363367
27384337
27426181
27678163
27804547
27867857
27888989
28058213
28121827
28185503
28334333
28440899
28590437
28633223
28955167
29019787
29084483
29149223
29235659
29300581
29343907
29365571
29495773
29561009
29604503
29626279
29691611
29931887
29997533
30019471
30063353
30261017
30283013
30327067
30459371
30481447
30547739
30591989
30880253
30946999
31013779
31058347
31147601
31259287
31618133
31798331
31820897
31888643
31933807
31956433
32001653
32024339
32137577
32296493
32364727
32410271
32501407
32615549
32684143
32913211
32959097
32982073
33051017
33396859
33443099
33535693
33651623
33721253
33790997
33884057
33953951
34093967
34140679
34210837
34234229
34304461
34351327
34421693
34445167
34562651
34586191
34774633
34845413
35081933
35129357
35271737
35438213
35772371
35844197
36084067
36132127
36348859
36445403
36517883
36566213
36638813
36808517
36881353
36954251
37075937
37100299
37222217
37368803
37466647
37589173
37613699
37736467
37834813
37982587
38105939
38402843
38427607
38477213
38576537
38651101
38700863
38800459
39025027
39150061
39225191
39300407
39325513
39400733
39526373
39677413
39702629
39828749
39904511
39980341
40056253
40157591
40233667
40360627
40436909
40462339
40538737
40615139
40691647
40819333
40921619
41229277
41306339
41589641
41615407
41847977
41899763
42003371
42133093
42523451
42627863
42863213
42915611
42941831
43072979
43151767
43178053
43256933
43309577
43546807
43652461
43811177
44049781
44262433
44342293
44368937
44528941
44609051
44742743
44769497
44903431
44930213
45010699
45144997
45333313
45387179
45711157
45738221
45954847
45981973
46117703
46144859
46280813
46553333
46607933
46635271
46689917
46799293
47018507
47100787
47183173
47210663
47375717
47596231
47706683
47761933
47844913
48260833
48288623
48427697
48455531
48539137
48594853
48678533
48762313
48874087
48958027
49014019
49182187
49266377
49378751
49547549
49603859
49801259
49970797
50112247
50452613
50537897
50708657
50794157
50822677
51136807
51251287
51509333
51652981
51739267
51940853
51998533
52027379
52113973
52258457
52374191
52461107
52519013
52606027
53042107
53246239
53392271
53421493
53597051
53743577
53772893
54007819
54037211
54302177
54656461
54922943
55011911
55249499
55517417
55606853
55636729
55905539
55965379
56055191
56085137
56235059
56355053
56505329
56595541
56685859
56806403
56866687
56957213
56987419
57138539
57168733
57350351
57410933
57501893
57592949
57623287
57805651
57866503
58079689
58354367
58415453
58507247
58813583
58874953
58997777
59089991
59151509
59274647
59336213
59552107
59644733
59706539
59923111
60109019
60171073
60202111
60668527
60730853
61105493
61199377
61293277
61481297
61669667
61889701
61984147
62047133
62078659
62141713
62425813
62520677
62710573
62837363
62932537
62995973
63186677
63218411
63409373
63888079
64144099
64176127
64272311
64625537
64850827
64947499
65108767
65302571
65399573
65431931
65496653
65626229
65788339
65885707
65983133
66373613
66601967
66699949
66765269
66896143
67092491
67387717
67551971
67584859
67749371
67782293
67848191
67947091
68277191
68376379
68442533
68674387
68740687
68773867
68840257
69072767
69172513
69372253
69772613
69939787
70040197
70174183
70341779
70375337
70879573
70946951
71048051
71081767
71284261
71351837
71588533
71690111
72267023
72471181
72607453
72709733
72880373
72914537
72982859
73324981
73496333
73633583
73908413
73942823
74114897
74356141
74425139
74459653
74666887
74770649
75047591
75151567
75290357
75359773
75498727
75568253
75672607
75811859
75916387
76021009
76230367
76335173
76405093
76510037
76615031
76755139
77070863
77141101
77492873
77563259
77774773
77810053
77986591
78092579
78128003
78304813
78517333
78552779
78623747
78978797
79085459
79619933
79727051
79798507
79941509
80120419
80335391
80443001
80478847
80982019
81018013
81126061
81198151
81234221
81522869
81739699
81775871
81884419
82065493
82210501
82646303
82864631
82973909
83302157
83411693
83484787
83740807
83850653
83923949
84143953
84290819
84400973
84621637
84695213
84805687
85026857
85137541
85359149
85396093
85692083
86062741
86136979
86174093
86359853
86694733
86843821
86918333
87179629
87254309
87291661
87403831
87815669
87928133
88190911
88303619
88416413
88604587
88717589
88755257
88943831
88981513
89057051
89094767
89510527
89548373
89624099
89737733
89851453
90079117
90193039
90459139
90649453
90878131
90992537
91145269
91221607
91910579
92179207
92409803
92525171
92602151
92717659
92756177
92987513
93103207
93334933
93644357
93683059
93876763
94031827
94458967
94497847
94731311
94848139
94926059
95043019
95394337
95433367
95668007
95785397
95863711
96098813
96255737
96373499
96609251
96687893
96805937
97042219
97160467
97199929
97436657
97673713
97752773
98029817
98148691
98465963
98585059
98624777
98823521
98982607
99341107
99460747
100140059
100180109
100741373
100781531
101223737
101344519
101384771
101586281
101828327
101868673
101989829
102070621
102232381
102677693
102799331
102839899
103042811
103205299
103286581
103408579
103571333
103652803
103897271
104264539
104509739
104919091
105001019
105124037
105247117
105411307
105493447
105534547
105863531
106110619
106151819
106357981
106523077
106729583
106770893
106853573
106977653
107267453
107516179
107972903
108139211
108722333
108764059
108847493
109265231
109348861
109390693
109474433
109767533
109977221
110229019
110271011
110523191
110859871
110901971
111492487
111661493
112126939
112296421
112381223
112508471
112635773
112933141
113018167
113188349
113443817
113571673
113699623
113784919
114211987
114297499
114682717
114725551
114982739
115111483
115197307
115326131
115627067
116014463
116229991
116402527
116618407
117310573
117440591
117657451
117787619
117917897
117961331
118091713
118439729
118570337
118613899
118875439
119006317
119617973
119661749
119880611
120055879
120406739
120538459
120714193
120846053
121066021
121594747
122036219
122257271
122301493
122522789
122567047
122832923
122921581
123054661
123498811
123587729
123632209
123899173
124300207
124523291
124567957
124791283
124835933
124925347
125372813
125731427
126315131
126405067
126585013
126720067
126810133
127080539
127215857
127396393
127667417
127938739
128074493
128165047
128346247
128845229
128890613
129254201
129572699
129800459
129937211
130210937
130484933
130805009
130942261
131033813
131492129
131583857
131859313
131997127
132043111
132181013
132319027
132687419
132871747
133379431
133425613
134073287
134258581
134397677
134490427
134954707
135047659
135326699
135885653
136352339
136445773
136632733
136866623
136913407
137288101
137334979
137616371
137898077
138697759
138744847
138839093
138980549
139263613
139405267
139546991
139736057
139877957
139972579
140019907
140161933
140730773
140825761
141300779
141538613
141681437
141824317
142157989
142253333
142396517
142539731
142587491
142874231
143017697
143256989
143304851
143544367
143688173
144168053
144264157
144889387
144985693
145033907
145178413
145709063
145757363
146337421
146434219
146579453
146627939
146724779
146870177
147452453
147598211
147792719
147889967
147938597
148766831
148913263
149108537
149499551
149793143
149842109
150087013
150136031
150381173
150528373
150724751
150823009
151019537
151314659
151856347
152004299
152349653
152448437
153091139
153190133
153239651
153536899
153784817
153983299
154082581
154281269
154579499
154678987
155027459
155176897
155575733
155725499
155925193
156025091
156175043
156325019
156525139
156675373
156925789
157226527
157276687
157427227
157577813
157979777
158180951
158331893
158482931
158785229
159037339
159087781
159239233
159693799
159794893
159946613
160098413
160250297
160554253
161010739
161213861
161366267
161620421
161823847
162282137
162384059
162741053
162894197
163353979
163609687
163814407
164070497
164378047
164429339
164583271
164891327
165199627
166126333
166229467
166384213
166590691
166693927
166848911
166900583
167003933
167469517
167780213
167935717
168143093
168298747
168454457
168558293
169026031
169078043
169182059
169234097
169859093
169963393
170119889
170276417
170641973
171426667
171583817
171688619
171845941
172160663
172318169
172843637
172948807
173159291
173264573
173475271
173633333
173791507
173896993
174689101
174741989
175006451
175324087
175536017
175801111
176013323
176650697
176810273
177129487
177235987
177608947
177715579
177875591
177928931
178676711
179051219
179479613
179533217
179854933
180015911
180123247
180660499
180929417
181090867
181252373
181414007
181629541
181899181
182223011
182601173
182871541
183250387
183683821
184063499
184334963
184715299
184878427
185313839
185477167
185695141
185858719
186295229
186841607
187115083
187169767
187333973
187443499
187498271
187607867
187936687
187991539
188265853
188320733
188485457
189090007
189255091
189310103
189420229
189916007
190136549
190412429
190633253
191241257
191296577
191573287
192071909
192460133
192571133
192626659
192737707
193237819
193293421
193404697
193571579
193794247
194072797
194128499
194965391
195077117
195916033
195972011
196252087
196308137
196812853
196925107
197430613
197599253
197993051
198274577
198330917
198443573
199007453
200024459
200194213
200307439
200477317
200873957
200987341
201554849
201838853
202236847
202863077
203034067
203091017
203946991
204289853
204575821
205091099
205148341
205262977
205664293
205836437
206468173
206985781
207043363
207388807
207561661
207676927
207907571
208022939
208253789
208426993
208715821
208773611
209120539
209641451
209931131
210337081
210801379
211208093
211324381
211498867
211673419
211731607
211906273
212022787
212081011
212897303
212955703
213773647
213949187
214007683
214124731
214300327
214710427
214827703
215179571
215590541
216060653
216472379
216590093
216766769
217002391
217179181
217297097
217474031
217651067
217828087
218064293
218182469
218418853
218537153
218951219
219424973
219662089
219839947
219958567
220314659
220552219
221027711
221087179
221384651
221622773
221741929
221920613
222695947
222875047
223173767
223412857
223532411
223711853
224070983
224490317
225390203
225510323
225930977
226592819
226833743
227195351
227315971
227496947
227738317
228040217
228221453
228644681
228947171
229128793
229189327
229492223
229855957
230219939
230644987
230827283
231009641
231557111
231861533
232044301
232288087
232837097
232959193
233142449
233203447
233386739
233692399
233753549
234059407
234304271
234487973
234671777
234978253
235039583
235591813
235898921
235960337
236329133
236452171
236636713
236882887
237190861
237560573
237992383
238362743
238486253
238733413
239042567
239228111
239413781
240033067
240157019
240591151
241087793
241522693
241833607
242082493
242393777
242767571
242829907
243391219
243578473
243953207
244265663
244640917
244703461
244828657
244891249
245266943
245454893
245580271
245831059
245956523
247338577
247464377
247527341
247653179
247716199
248031041
248409127
248598313
248787541
249229433
249355693
249545237
249734827
249924487
250177493
250367333
251507917
252079153
252206197
252396797
252460331
252841843
253032701
253223591
253414583
253541941
253987997
254689691
255072847
255136733
255712097
256032013
256224103
257057117
257827259
257955751
258019987
258148493
258212771
258341371
258791623
258920287
259113457
259306633
259564343
260080147
260467367
260531893
261889493
262018993
262083737
262213267
262991101
263185751
263380463
263445373
264030073
264160027
264615293
264810551
265722643
266309773
266766917
266962973
267289811
267682339
267747787
267944179
268337183
269320949
269517943
269649271
269846333
270043519
270503833
270635413
270701219
271491557
271623383
271821227
272019073
272877389
273207871
273803267
274001821
274266737
274465511
274664363
275659649
275792453
276191171
276590177
276656693
277189229
277255831
277455653
277588967
277988999
278589527
278656271
278856619
278990219
279859499
280261087
280462027
280864117
280998173
281803387
282609739
283013351
283215259
283282567
283686653
284630653
284900653
285035747
285238351
285643849
285711473
286320271
286523371
286658783
286861973
287065253
287743381
288286447
288354373
288558181
288762109
289374131
289714457
289918753
289986877
290123123
290395687
290600237
290804821
291624017
292170709
292375817
292649453
292991717
293197133
293676827
294431297
294705899
295255511
295461731
295530493
295943227
296080859
296149687
296907371
297183127
297804053
298978697
299047873
299255419
299878493
300017051
300224963
300432929
300710317
301057249
301334897
301960159
302168717
302307823
302377331
302516471
302794819
303351943
303421603
303839771
304258277
304467619
305096111
305235859
305445533
305655347
305865167
305935087
306145033
306565087
306915397
307616527
308037629
308669807
308810339
309021247
309091577
309654421
309724837
310076953
310570151
310711147
311769671
311840303
312193571
312617791
312688507
313537883
313750373
314317447
314601173
314956021
315027007
315453161
316235113
316448533
316519691
317089291
317801933
318158573
318229927
318658229
319086773
319730171
320087891
320517413
320732311
320803927
321162251
321233933
321449047
321807781
322453897
322525691
322956859
323172569
323316419
323532173
323604131
324468217
325477697
325549883
325694221
325766423
326127521
326199739
326777933
327211957
327501431
328298189
328370663
328588159
328733179
328805707
329168453
329386207
330112609
330548767
330912487
331203643
331640563
331859131
332077741
332296451
332442311
333099043
333172031
333318053
333756377
334414393
334487561
334926629
335146267
335292731
335365991
335952247
336392291
336832621
337346699
337493657
337787699
338449621
338596831
339038587
339554353
339775493
339996733
340144271
340439413
340660907
340808527
341547383
341991073
342361051
342879347
343027459
343101541
343694531
343768693
344213813
345327901
345476587
345699689
346592707
347337797
348232961
348606257
348905069
349353523
349727431
350176381
350401013
350850377
351300071
351525017
351825053
352425533
352951387
353176861
353327237
353552813
354907957
355661897
356039171
357172213
357625987
357701579
357852899
357928567
358988827
359443697
359974733
360202457
361038017
361342087
361494173
362178979
362407379
362940629
363626779
363779341
364008371
364084571
364313603
365612677
366301343
366377887
366990661
367220573
367910801
367987493
368908853
369062527
369139373
369369967
369831373
370062179
370524017
370909087
371217299
371448533
372065527
372528623
372837503
373223777
373764893
375313153
375545689
375623173
375855773
376010927
376476427
377019911
377175257
377252957
377408333
377486111
377641559
377952493
378185813
378574891
378808393
379041973
379119869
379353593
379587311
379821131
380289029
380523067
381459971
381850697
381928853
382319863
382554499
383024051
383259011
383493917
384042413
384277651
384512911
386554937
387341783
387577973
387971813
388050631
388444697
388760101
389154541
389628133
390102049
390181013
390418109
390576187
391129733
391762867
392079613
392554997
392792789
393665299
393744721
394141613
394459379
394697707
395572363
395651899
396527581
396766571
397085333
397484011
397962613
398441531
398521433
398920757
399160451
399640093
399720089
399880021
400440191
400840463
400920557
401160847
401882219
402042607
402523981
402845059
403567933
404050253
404291471
404532797
404693699
404935151
405176669
405740477
405901621
405982211
406465931
406949947
407111389
407353519
408080419
408808039
409293397
409374307
410022013
410508149
410832379
411562373
411968213
413024341
413186951
413430907
413756309
414000449
414244619
414407467
414488887
414896171
415711327
415874479
416119241
416445671
416608931
417425773
417834497
417916277
419307571
419389463
419553301
420537053
420619091
421111469
421604111
422014861
422261461
422343611
422837029
424071671
424318813
424813331
425473183
425968331
426050897
426959579
427703767
428200273
428779861
429194093
429276977
429774377
430272071
430438051
430521041
430687039
430936087
431434447
431517557
432182539
432931253
433014493
434680817
435014453
435682133
435932663
436266781
436684643
436768231
436935413
437688263
438023099
438441727
438776831
439279693
439447381
440202377
440286299
441042011
441462127
441546173
441714311
441798377
441966541
442303013
443481487
443565761
443818517
444745927
445252259
445505491
446096657
446857349
447026467
447280213
447618659
447872573
448126639
448550051
448888987
449058487
449143291
449906533
450330871
450585547
451435013
452370377
452710813
452966093
454244017
454414511
454499767
454670341
455438311
455694419
456976139
457061653
457232693
457574927
457831639
458002807
458259661
458773573
459373517
460832101
461433367
461691179
461863099
461949079
462207013
462379019
462981371
463153447
463239547
463497847
464704271
464790499
464962973
465221819
465566939
465998587
466084939
466516871
466603219
467035351
467121779
467294699
468592627
468679217
469198927
469718933
470152519
470933453
471454393
472062553
472497197
472584127
473106019
473367061
473802349
474063587
474673387
475196411
475370821
475981501
476156047
476941937
477029297
477466229
477815887
477990781
478340647
478778213
479303471
480091957
480881047
481231999
481495279
482285533
482988563
483604127
483868013
484132021
484572247
485188777
485364973
485629381
485717543
486246641
486775999
486952493
487217333
487482253
488012297
488100659
488807897
488896337
489427181
489692653
489869693
490489639
490755413
490932661
491021317
491553269
492351733
492529283
494128447
494929027
495463123
495997493
496086607
496264751
496353857
496532123
496888723
497423827
497602253
499209653
499477807
500282693
500372207
500909183
501356887
501625633
502163309
503239493
503598517
503867843
504137213
504855977
505395367
505485301
506295017
506745133
507645967
508096709
508186871
508457407
509269531
509450057
509540359
511347773
511619177
511709651
512433773
512524343
512705483
513067813
513883609
514337051
514881509
515153813
515244617
515698691
516062093
516243857
516516541
517062131
517153099
517608029
518427409
518791733
519065111
519247373
520159253
520341769
520615507
522259649
522533897
522625357
523082671
523357151
524455823
524730691
525372257
526106027
526381253
527207531
527299379
527758757
528678083
529138013
529506137
529782311
529966499
530242763
530334869
530795567
530887733
531440839
531625253
531717497
531902009
532271057
532732597
533009579
533563897
534395707
535043183
535598471
536339291
536709893
536987933
537729727
538100819
538286423
538379213
538657739
539493541
540609037
541446511
541911859
542470759
542563907
542750237
543402737
543869047
544148947
544428917
544708979
545549467
546110171
546203653
547513217
548355959
549011803
549761813
550324699
550981733
552109013
552673091
553707967
553990387
554084567
554555423
554932267
555120773
555214973
555403529
556063567
556629673
556912831
557101667
557384897
558046157
558235163
558329711
558518711
559937603
560221573
560316257
560600333
561073973
561168737
562590967
563635109
563730053
563920037
564205049
564585191
564870329
565155553
565916537
566487619
567058991
567344783
567725987
567916577
568011907
569156477
569729189
569920163
570206657
570588787
570875467
571162231
571640299
571735933
572022959
572597101
573937907
574608851
574896559
575088377
575664053
576048047
576336071
576912379
577104557
577392847
578065871
578354407
578931733
579413071
579701939
579990893
580376287
580665419
580954613
581147453
581243891
581436773
581822653
582401707
582594787
583270811
584140589
584624059
584720779
585494849
585785243
586753757
587044453
587529169
587917021
588111023
589566973
591316543
591900247
592289683
593360893
593945657
594043139
594335659
594920897
595701697
595994579
596287591
596385259
597264749
597460271
598731967
598927741
599319379
600201047
600691087
601083313
601573733
601868129
602555231
602751613
603734051
604815707
605701333
606292139
606686167
608066321
608658263
608954341
609250511
609645493
609941863
610534693
611721293
612513007
613206233
613404313
614097971
614692873
614990407
615486511
616082059
617075309
617373433
617572211
617969887
618865139
619462331
620358671
620856923
620956573
621155933
622153307
622652213
623351101
623550847
623850533
623950469
624450139
625650173
626550983
626651099
626851409
627853267
628655333
629357609
629859413
630562357
630863719
631064647
631366133
632371633
632673413
633176573
633478589
633579253
634183493
634485767
635997979
636502463
636906181
637209073
637411037
637714087
638118157
640140617
640241873
640444261
640545497
641153069
642064931
642267653
642571843
642977459
643484789
643789171
644702899
645617299
645718937
646328971
647142761
647549821
647855233
648058861
648364391
648669997
648771859
651423541
652138379
652342687
653364731
654182941
654285259
654489911
654796957
655411231
655513613
655820897
656435723
657050701
657358327
657563477
658281653
658794907
659102953
659411059
660130259
660644219
661364183
662187299
662599097
662908079
663526093
663732221
664144463
665278909
665588431
665691617
666620771
667757291
668067437
668170831
669101707
669412147
670240369
670965433
671483587
671794589
672416803
672520507
672831737
673039259
673454423
674388971
675012379
675844021
675948041
676156073
676884301
677092453
677508847
678133699
678758849
680322899
681157861
681575497
681784339
681888773
682202173
683351897
683979419
684398009
684921257
685235333
685549493
685863751
686597221
686911691
687855557
688380239
689010107
689115013
689640137
689745181
689955359
691321867
691532213
692163487
692584493
692795063
693742963
694164413
694691479
695429677
696273841
696590467
696907241
697329683
697857893
698174987
698597771
698915017
699549637
700078697
701137469
701667157
702091037
702303013
702939187
704318557
705274267
705486737
706124339
707081327
707400479
708997147
709316693
709742921
710062621
711235583
711875777
711982529
712195993
712516253
712836629
712943411
713477537
713584423
713798119
714118793
714439457
714546377
714867199
716044099
717007741
717329113
718293607
718936979
719366051
720009907
720331943
720868807
721513339
721620773
722480653
722588177
723125899
723233453
723771431
724740293
725063333
726140837
726356419
726464237
726787709
727974383
728298187
728622053
729594149
729918311
730674983
731323871
732189533
732297757
732622507
732947351
733163957
733922311
734572627
734789467
734897939
735874133
736742491
738698057
739350487
739676843
740438551
741963137
742072091
742726013
743053093
743707457
744034777
744252973
744362117
745235411
746874253
747311581
748624333
748952717
750595613
751143667
751253299
752240341
752459777
752788979
753447619
753886867
755095447
755205371
755535191
756745097
757735733
757845853
758396539
758506699
759057617
760711577
760821949
762367327
762698707
763472167
764356613
764688427
765794963
766680767
766791517
767123813
767345417
769119301
769341247
769452149
769674053
770007011
770118007
770784197
771006323
771339553
771672877
772339703
772450859
772784407
773006827
773340487
773785499
774119347
774341977
775455413
775678207
777461701
778019479
778465861
779358893
779470577
780699509
780811253
781034819
781370273
781817527
782153137
783048293
783832043
784056019
785064383
785512753
785736967
786858623
787195271
787868789
788542571
788879573
789441421
789553823
790115951
790228333
790903133
792478811
793154573
794168773
794281507
795296449
795860563
796312001
796876447
799588739
799701863
799928111
800267579
800720227
801286253
801399509
801965767
803665813
803779267
805821799
806162543
806730413
807071299
807184943
808208059
808435513
808776733
809231821
810142373
810939581
811851083
812193013
812991203
813219307
814360381
814588703
814931311
815045447
815616509
816302051
816416369
816759247
817445309
817788421
818131619
818360461
819047179
819161647
819505187
819734171
820421509
820765213
821223661
821452949
821567587
821911603
822943981
823517839
823862213
824321539
825010777
825355463
826620007
826735033
827080117
827770451
828806551
829036853
829843279
830189039
830419501
831572579
831918673
832841921
833303693
833534687
833996677
835267837
835730293
836424247
836771339
837118493
838044611
838739549
839782453
841522127
841986293
842218463
842334539
842566757
842915119
844425487
844657991
845471951
846868223
848149139
848498657
848615179
848964773
849547669
849897427
850713911
851063947
851414051
852114503
852698417
853048853
853165711
853866851
854451373
855153077
855621007
856674383
857728379
858314221
858665827
859134733
860072947
860424913
860776979
861246473
862185791
863360723
863595851
863713337
864301211
864418843
865006927
865712951
866066093
866536973
866890253
867479227
868657753
869247293
870309019
871843741
872080009
872434379
874207511
874325797
874562341
875035649
875390597
876100807
876811339
877877687
878114707
878588911
879893587
880249567
880368259
881080511
883100093
883456753
884527093
885241031
885598093
885717163
887384591
888218827
889172807
890007913
890246593
891082207
891798797
892037711
892396171
892754659
892874167
895026907
895266247
895625351
896822813
897541699
898980331
899340131
900660149
900780203
901740859
902822251
903543497
904265051
905347939
905468327
905829439
906190619
906551951
906792823
907154177
907997729
908238781
908359327
909685937
910168591
910892771
911254973
911858837
912221227
912704563
913429739
914518093
915244087
915607123
916212379
916333459
917665927
918514297
918877979
919241767
919484387
920576291
920940413
922154699
923491367
923612891
924342421
925802369
926045767
927141637
928238099
928360009
929701093
929823071
930067013
930799201
931287347
932019857
932630533
933485851
933730267
933852497
934952933
935931671
938258291
938625797
938993467
939361211
940096939
940710247
941078431
941814791
942305813
942674219
942919889
943288391
944148547
945993053
946362181
946977541
947469977
948824857
949194497
949687561
950427259
951043957
951167293
951784217
951907637
952277897
952895171
953018683
953636209
954377461
955489949
956726767
957097993
957345523
957840659
959202877
959574547
959946311
961806187
962178379
963047123
963419533
964164631
964909991
965282767
965904307
966028601
966650297
968516651
968641139
969637327
970135613
970384861
970509431
970883317
972005339
972254797
972379501
972753737
973003277
974626001
974875751
975375383
975750179
976375027
976500011
976750037
977125087
977625301
977875517
978250747
980128307
980879791
981005059
981380941
981756901
982007597
983261471
984641653
985143773
985394897
985520461
985771637
990297967
990801541
991053407
991557137
992943169
993069191
993321331
994203971
994834691
994960861
995213237
996475531
996854351
997485899
998623211
999002453
