3
5
17
29
109
157
191
227
367
577
1031
1171
1381
1439
1451
1579
1789
1987
1999
2069
2267
2477
2803
3083
3491
3631
3701
4447
4517
5333
5531
5741
5869
5939
6079
6277
8317
8387
9133
9203
9949
10357
10427
11173
11243
11779
13003
13411
14029
14437
15451
15859
16267
17351
17491
18307
19391
19531
20347
21023
21163
21839
22247
22993
23063
23879
25033
25849
25919
27073
27481
27749
28087
28297
29311
29789
30197
31013
32237
32983
33053
33391
33461
34883
35023
35291
36037
36107
36923
39301
39371
39709
39779
40933
41201
41341
41609
42017
42157
43579
43649
43987
45281
46027
47251
47659
48883
49559
51599
53161
53231
53569
53639
55201
55469
55609
57847
57917
58733
59141
59887
59957
60703
60773
61519
61927
62603
62743
63419
65867
66683
67021
67429
67499
69061
69737
69877
71777
72931
75787
76603
76871
77279
77687
79319
79657
80473
81359
83737
85229
86453
86861
88423
88493
91139
92363
93179
94811
95219
99089
99497
