# record gaps b16_1e10: closing cell, x, gap (cells), G = gap*t, G/log^2 x, G/log^3 x
393 1999.99 8 40.744 0.7052 0.0928
699 3558.43 13 66.208 0.9902 0.1211
2388 12160.4 15 76.394 0.8635 0.0918
3093 15751 16 81.487 0.8724 0.0903
10382 52873.5 17 86.580 0.7320 0.0673
18040 91875.4 21 106.952 0.8189 0.0717
19412 98863 35 178.254 1.3475 0.1172
115840 589967 43 218.997 1.2403 0.0933
125529 639312 46 234.276 1.3109 0.0981
166760 849300 49 249.555 1.3389 0.0981
736831 3.75265e+06 65 331.042 1.4446 0.0954
1168776 5.95253e+06 66 336.135 1.3813 0.0886
2012803 1.02511e+07 85 432.901 1.6612 0.1029
10746191 5.47299e+07 103 524.575 1.6523 0.0927
17467179 8.89596e+07 104 529.668 1.5810 0.0864
18692967 9.52025e+07 106 539.854 1.5995 0.0871
27582692 1.40477e+08 114 580.597 1.6496 0.0879
28513167 1.45216e+08 125 636.620 1.8024 0.0959
28608484 1.45702e+08 128 651.899 1.8450 0.0982
107136125 5.4564e+08 132 672.270 1.6611 0.0826
110059446 5.60528e+08 154 784.316 1.9328 0.0959
169346192 8.62473e+08 155 789.409 1.8647 0.0906
205780728 1.04803e+09 159 809.780 1.8771 0.0904
268452547 1.36722e+09 176 896.361 2.0256 0.0963
281340598 1.43286e+09 186 947.290 2.1312 0.1011
414091742 2.10895e+09 189 962.569 2.0883 0.0973
780267958 3.97387e+09 204 1038.963 2.1267 0.0962
946641384 4.8212e+09 225 1145.916 2.3051 0.1034
1768110379 9.00491e+09 240 1222.310 2.3266 0.1015
