# record gaps b32_1e10: closing cell, x, gap (cells), G = gap*t, G/log^2 x, G/log^3 x
210 2134.95 5 50.930 0.8666 0.1130
759 7727.02 6 61.115 0.7625 0.0852
1055 10742 7 71.301 0.8276 0.0892
3876 39476.5 8 81.487 0.7275 0.0687
5423 55234.1 9 91.673 0.7689 0.0704
7510 76492.1 13 132.417 1.0472 0.0931
47445 483267 15 152.789 0.8919 0.0681
85942 875394 17 173.161 0.9250 0.0676
251282 2.55953e+06 21 213.904 0.9825 0.0666
405768 4.13311e+06 24 244.462 1.0533 0.0691
534964 5.44909e+06 25 254.648 1.0584 0.0682
1010491 1.02928e+07 26 264.834 1.0158 0.0629
1422975 1.44943e+07 28 285.206 1.0490 0.0636
1949688 1.98594e+07 29 295.392 1.0461 0.0623
2579932 2.6279e+07 30 305.577 1.0470 0.0613
2669792 2.71943e+07 32 325.949 1.1123 0.0650
3912447 3.98519e+07 33 336.135 1.0975 0.0627
4985037 5.07772e+07 37 376.879 1.1972 0.0675
7911298 8.05838e+07 39 397.251 1.1987 0.0658
13901794 1.41603e+08 42 427.808 1.2145 0.0647
20234695 2.06109e+08 45 458.366 1.2507 0.0653
23320322 2.37539e+08 51 519.482 1.3967 0.0724
44213174 4.50352e+08 52 529.668 1.3341 0.0670
73681856 7.50517e+08 53 539.854 1.2926 0.0633
142635721 1.45288e+09 56 570.411 1.2816 0.0607
153765082 1.56624e+09 66 672.270 1.4998 0.0708
368952872 3.75812e+09 69 702.828 1.4459 0.0656
472386744 4.81169e+09 73 743.572 1.4960 0.0671
