# records of e_k for b16_1e10: cell, x_k, e, lower ratio (e+1/2)/log^2 x, upper ratio (e+3/2)/log^2 x
1415 7204.99 3 0.0444 0.0570
6772 34488 4 0.0412 0.0504
15206 77442 5 0.0434 0.0513
19404 98822.2 6 0.0491 0.0567
91843 467751 7 0.0440 0.0499
119488 608546 8 0.0479 0.0536
138364 704681 9 0.0524 0.0579
565722 2.8812e+06 10 0.0475 0.0520
1455219 7.41137e+06 11 0.0460 0.0500
1904807 9.7011e+06 12 0.0483 0.0522
4188336 2.1331e+07 14 0.0509 0.0544
13109561 6.67664e+07 15 0.0478 0.0508
32454835 1.65291e+08 16 0.0461 0.0489
40706721 2.07318e+08 17 0.0477 0.0504
167713777 8.54159e+08 18 0.0437 0.0461
210739987 1.07329e+09 19 0.0451 0.0474
260850934 1.3285e+09 20 0.0465 0.0487
414091648 2.10895e+09 21 0.0466 0.0488
977490536 4.97832e+09 22 0.0451 0.0471
977490566 4.97832e+09 23 0.0471 0.0491
977490569 4.97832e+09 24 0.0491 0.0511
1266139765 6.4484e+09 25 0.0500 0.0519
