2
3
20
30
200
150
675
2000
1500
1125
1250
151875
125000
46875
78125
10546875
7
1575
3500
39375
43750
590625
245
2450
12250
18375
1378125
11
110
2750
185625
618750
928125
4296875
193359375
10395
7700
5775
28875
144375
13475
1684375
13
650
24375
162500
243750
406250
10156250
455
2559375
6435
17
6885
1700
12750
95625
318750
66406250
1190
2975
371875
46484375
8415
1145375
5525
12155
38
57
380
570
7695
3800
4275
9500
21375
7421875
37109375
133
1330
1995
6650
9975
33250
49875
29093750
28215
20900
52250
78375
261250
4571875
247
61750
8645
43225
16209375
83208125
323
80750
605625
6056250
177650
33309375
188955
459265625
7220
146205
18050
90250
6768750
10153125
12635
63175
315875
3158750
39484375
3971
39710
67010625
37228125
52119375
4693
70395
146656250
258115
92055
460275
38356250
57534375
42191875
398905
13718
20577
137180
342950
2572125
89167
1166030
23
2300
11500
14375
1437500
89843750
134765625
1610
12075
40250
60375
5031250
28175
17609375
11385
94875
2371875
40365
8409375
20145125
29325
97750
41055
215050
134406250
150535
3763375
437
10925
9559375
47796875
24035
482885
83030
5189375
539695
688111125
58
87
870
2900
19575
7250
1468125
271875
203
76125
1141875
6343750
23925
39875
3987500
9968750
11165
377
50895
294531250
65975
329875
493
184875
924375
15406250
17255
431375
10784375
27115
44061875
551
5510
27550
5165625
289275
674975
84371875
1060675
132584375
322335
537225
4476875
44768750
393965
104690
1832075
9160375
45801875
4030565
680485
9788515
198911
929908925
3335
33350
83375
35434375
20466895
2523
25230
37845
42050
105125
1576875
26281250
29435
7358750
9251
92510
10933
239159375
375821875
14297
142970
3216825
2501975
62549375
3595275
249671875
8388975
878845
30759575
768989375
47537525
265650875
144210475
19343
1450725
23695175
6286475
34914115
37
370
9250
1156250
130078125
11655
25900
32375
505859375
5665625
28328125
18315
7215
180375
4509375
2104375
589225
396825
925925
15725
393125
3931250
756765625
703
4393750
21968750
24605
615125
9226875
386650
3427125
13357
200355
175310625
826464375
459146875
6344575
31722875
63825
106375
148925
140415
146265625
1953045
242535
151584375
960034375
160950
1207125
112665
375550
563325
46943750
531135
73768750
154914375
258190625
7671950
8256735
509675
7645125
33128875
145257375
183992675
19448125
14780575
82
615
8200
249075
41000
15375
1025000
3459375
1281250
287
28700
71750
1793750
784765625
451
101475
12684375
69059375
4797
359775
24984375
2331875
11659375
29315
6273
34850
174250
871250
8712500
24395
4791875
27183
181220
141578125
1558
7011
15580
292125
7303125
24343750
36515625
54530
272650
408975
3408125
596421875
42845
2278575
12658750
63293750
158234375
13243
66215
993225
41384375
81113375
150639125
3330225
18501250
27751875
185012500
138759375
310821
814055
508784375
1924130
12580850
18871275
2767787
345973375
81775525
2530971
1406095
351523750
13779731
77335225
943
212175
117875
1768125
5893750
14734375
20628125
7661875
23598575
179170
391934375
17469075
340423
3404230
71148407
2378
3567
5945
802575
297250
10403750
204359375
15457
1159275
1932125
28981875
67624375
20213
37899375
27792875
22591
112955
1129550
6212525
183551875
32192175
268268125
118037975
27347
119643125
323259375
33618975
212920175
793063
1517
151700
10429375
52146875
123256250
7205750
90071875
55484275
3746990
753000875
10405103
1221185
43090385
43993
3299475
269457125
12098075
18697025
104483375
1275797
3362
5043
33620
25215
84050
630375
3151875
21012500
15759375
11767
73543750
10296125
18491
288921875
2143275
17860625
89303125
371501
13002535
63878
1596950
11977125
39923750
223573
195626375
307412875
415207
103801750
259504375
13574075
409617675
433891315
749448635
196009643
14885255
37696425
85445230
213613075
348933575
907227295
18280875
121872500
231557750
334369391
15550931
188024893
62197
38873125
2176895
51312525
561327925
426609223
250342925
1803713
586206725
52307677
47
17625
2379375
35984375
51700
116325
9693750
180950
11309375
152750
3818750
5728125
716015625
106925
168025
735109375
179775
99875
1498125
2496875
24968750
83895
659175
893
8930
223250
3906875
5469625
410221875
6139375
30696875
306968750
870675
638495
227715
1138575
5844685
169670
1272525
106043750
530218750
2799555
4835595
24177975
88652575
48645
54050
81075
118234375
1486375
1248555
772915
5053675
2389010
102695
634141625
1363
1656045
68150
17889375
2623775
177190
542644375
4872725
115855
388455
1942275
906395
113299375
8416525
2460215
61505375
783725
39527
197635
172930625
321156875
56325975
131427275
250008275
173900
3260625
27171875
304325
286935
147815
1652050
27258825
1399895
6303875
13868525
5781
19270
96350
433575
1011675
11802875
59014375
5299250
6262750
20474375
102371875
511859375
10646675
36613
1281455
6407275
6956470
434779375
1108025
21052475
54736435
12573675
81030350
202575875
356495
23172175
790070
760442375
436513675
998253445
2291203
