2
3
20
30
200
150
675
2000
1500
1125
1250
125000
46875
78125
7
1575
3500
39375
43750
590625
245
2450
12250
18375
1378125
11
110
2750
185625
618750
928125
10395
7700
5775
28875
144375
13475
1684375
13
650
24375
162500
243750
406250
455
2559375
6435
17
1700
12750
95625
318750
1190
2975
371875
8415
1145375
5525
12155
38
57
380
570
3800
4275
9500
21375
133
1330
1995
6650
9975
33250
49875
29093750
28215
20900
52250
78375
261250
4571875
247
61750
8645
43225
16209375
83208125
323
80750
605625
6056250
177650
33309375
188955
459265625
7220
18050
90250
6768750
10153125
12635
63175
315875
3158750
39484375
3971
39710
67010625
37228125
52119375
4693
70395
146656250
258115
92055
460275
38356250
57534375
42191875
398905
23
2300
11500
14375
1437500
1610
12075
40250
60375
5031250
28175
17609375
11385
94875
2371875
40365
8409375
20145125
29325
97750
41055
215050
134406250
150535
3763375
437
10925
9559375
47796875
24035
482885
83030
5189375
539695
688111125
58
87
870
2900
19575
7250
271875
203
76125
1141875
6343750
23925
39875
3987500
9968750
11165
377
50895
65975
329875
493
184875
924375
15406250
17255
431375
10784375
27115
44061875
551
5510
27550
5165625
289275
674975
84371875
1060675
132584375
322335
537225
4476875
44768750
393965
104690
1832075
9160375
45801875
4030565
680485
9788515
3335
33350
83375
35434375
20466895
82
615
8200
41000
15375
1025000
3459375
1281250
287
28700
71750
1793750
451
101475
12684375
69059375
4797
359775
24984375
2331875
11659375
29315
6273
34850
174250
871250
8712500
24395
4791875
27183
181220
141578125
1558
7011
15580
292125
7303125
24343750
36515625
54530
272650
408975
3408125
596421875
42845
2278575
12658750
63293750
158234375
13243
66215
993225
41384375
81113375
150639125
3330225
18501250
27751875
185012500
138759375
310821
814055
508784375
1924130
12580850
18871275
2767787
345973375
81775525
943
212175
117875
1768125
5893750
14734375
20628125
7661875
23598575
179170
391934375
17469075
340423
3404230
2378
3567
5945
802575
297250
10403750
204359375
15457
1159275
1932125
28981875
67624375
20213
37899375
27792875
22591
112955
1129550
6212525
183551875
32192175
268268125
118037975
27347
119643125
