2048
8192
32768
49152
98304
114688
131072
196608
229376
393216
425984
458752
524288
557056
753664
786432
851968
917504
1114112
1179648
1212416
1409024
1507328
1540096
1572864
1594323
1703936
1736704
1835008
2097152
2195456
2228224
2359296
2392064
2424832
2719744
2818048
3014656
3080192
3145728
3178496
3375104
3407872
3473408
3506176
3670016
3702784
4161536
4390912
4456448
4489216
4718592
4784128
4849664
5144576
5341184
5439488
5472256
5505024
5636096
5668864
6029312
6160384
6291456
6324224
6356992
6422528
6455296
6750208
6815744
6946816
7012352
7307264
7340032
7405568
7438336
7634944
8323072
8388608
8421376
8617984
8781824
8912896
8978432
9076736
9273344
9437184
9568256
9601024
9699328
10059776
10223616
10256384
10289152
10387456
10682368
10878976
10944512
11010048
11042816
11272192
11337728
11370496
11567104
12025856
12058624
12222464
12320768
12550144
12582912
12648448
12713984
12845056
12910592
13008896
13369344
13500416
13631488
13893632
14024704
14188544
14348907
14516224
14614528
14680064
14811136
14876672
14974976
15171584
15269888
15302656
15958016
16482304
16646144
16842752
17137664
17235968
17563648
17825792
17924096
17956864
18087936
18153472
18251776
18448384
18546688
18874368
18907136
19136512
19202048
19234816
19398656
19431424
19890176
20086784
20119552
20217856
20447232
20512768
20578304
20774912
21069824
21200896
21364736
21397504
21757952
21889024
22020096
22052864
22085632
22183936
22380544
22544384
22675456
22740992
23134208
23822336
23855104
24018944
24051712
24117248
24346624
24444928
24641536
24805376
25100288
25165824
25296896
25329664
25427968
25690112
25788416
25821184
26017792
26116096
26738688
26968064
27000832
27099136
27262976
27787264
27951104
28049408
28082176
28278784
28311552
28377088
28697814
28737536
28934144
29032448
29065216
29097984
29229056
29360128
29622272
29720576
29753344
29949952
30343168
30539776
30605312
30703616
31031296
31195136
31227904
31686656
31916032
32014336
32210944
32669696
32964608
33193984
33292288
33554432
33685504
33816576
33849344
34275328
34471936
34832384
35127296
35618816
35651584
35815424
35848192
35913728
35946496
36143104
36175872
36306944
36503552
36601856
36798464
36896768
36962304
37093376
37748736
37781504
37814272
38109184
38273024
38404096
38469632
38797312
38862848
38895616
39092224
39747584
39780352
39878656
40075264
40173568
40239104
40435712
40534016
40894464
41025536
41156608
41549824
41680896
41844736
42041344
42139648
42205184
42401792
42500096
42696704
42729472
42795008
42827776
43483136
43515904
43778048
44040192
44105728
44171264
44302336
44367872
44761088
44793856
44990464
45088768
45350912
45481984
46268416
46628864
46759936
46956544
47415296
47611904
47644672
47710208
48037888
48103424
48234496
48594944
48693248
48726016
48889856
48922624
49283072
49610752
49905664
50200576
50331648
50561024
50593792
50659328
50855936
50888704
51347456
51380224
51576832
51642368
51871744
52035584
52232192
52330496
52658176
52690944
52854784
53313536
53477376
53641216
53936128
54001664
54198272
54296576
54493184
54525952
54624256
55476224
55574528
55607296
55902208
56098816
56164352
56459264
56557568
56623104
56754176
56786944
57245696
57409536
57442304
57475072
57868288
57933824
58064896
58130432
58195968
58228736
58425344
58458112
58556416
58720256
59244544
59441152
59506688
59736064
59899904
60522496
60686336
61079552
61177856
61210624
61374464
61407232
61505536
62062592
62390272
62455808
62488576
62685184
63340544
63373312
63832064
64028672
64421888
64651264
65110016
65273856
65306624
65339392
65437696
65634304
65929216
66093056
66387968
66420736
66584576
67272704
67371008
67600384
67633152
67698688
67895296
68255744
68386816
68550656
68943872
69238784
69664768
70025216
70221824
70254592
70549504
71237632
71303168
71630848
71696384
71827456
71892992
72187904
72286208
72318976
72351744
72515584
72613888
73007104
73203712
73302016
73498624
73596928
73793536
73924608
74186752
74285056
74481664
74940416
75137024
75268096
75497472
75563008
75628544
75759616
76218368
76283904
76447744
76546048
76808192
76906496
76939264
77234176
77594624
77725696
77791232
77889536
78086144
78184448
78381056
78413824
78905344
79200256
79396864
79495168
79560704
79757312
79855616
80150528
80183296
80347136
80478208
80838656
80871424
81002496
81035264
81068032
81166336
81788928
82018304
82051072
82313216
83099648
83329024
83361792
83689472
83787776
84082688
84148224
84279296
84410368
84803584
84967424
85000192
85393408
85458944
85590016
85655552
85753856
86093442
86245376
86278144
86736896
86966272
87031808
87064576
87261184
87556096
87719936
87916544
88047616
88080384
88211456
88244224
88342528
88604672
88702976
88735744
88866816
88899584
89522176
89587712
89980928
90177536
90210304
90669056
90701824
90963968
90996736
91652096
91848704
92536832
92831744
92962816
93159424
93257728
93519872
93618176
93913088
94601216
94830592
94928896
95125504
95223808
95289344
95420416
95584256
95911936
96075776
96206848
96468992
96763904
96894976
97091584
97189888
97255424
97386496
97452032
97779712
97845248
98566144
99057664
99221504
99516416
99811328
99876864
100401152
100442349
100499456
100663296
101023744
101122048
101187584
101318656
101711872
101777408
102498304
102694912
102760448
102793216
103153664
103284736
103645184
103743488
103776256
104071168
104431616
104464384
104660992
104955904
105316352
105381888
105414656
105709568
106594304
106627072
106725376
106954752
107282432
107741184
107872256
108003328
108363776
108396544
108560384
108593152
108888064
108986368
109051904
109248512
109543424
109674496
110526464
110952448
111149056
111214592
111640576
111804416
111837184
112197632
112328704
112492544
112918528
113115136
113246208
113278976
113475584
113508352
113573888
113606656
114491392
114819072
114884608
114950144
115245056
115572736
115736576
115769344
115867648
116129792
116228096
116260864
116391936
116457472
116555776
116850688
116916224
117112832
117407744
117440512
117735424
118194176
118390784
118489088
118521856
118718464
118882304
119013376
119177216
119373824
119472128
119799808
120356864
120487936
121044992
121143296
121372672
122126336
122159104
122322944
122355712
122421248
122748928
122814464
122945536
123011072
123437056
123469824
124125184
124289024
124420096
124616704
124780544
124911616
124977152
125272064
125370368
125599744
126058496
126091264
126255104
126582784
126681088
126746624
127041536
127664128
128024576
128057344
128188416
128352256
128548864
128843776
129140163
129204224
129302528
129335296
129990656
130220032
130547712
130613248
130678784
130875392
131170304
131268608
131301376
131334144
131497984
131858432
131956736
132120576
132186112
132775936
132841472
132939776
133169152
133464064
133955584
134119424
134217728
134545408
134742016
135200768
135233536
135266304
135397376
135430144
135790592
136052736
136085504
136216576
136511488
136773632
136871936
137101312
137887744
138182656
138477568
138674176
139034624
139329536
139362304
140017664
140050432
140345344
140443648
140509184
140804096
141099008
141787136
142114816
142475264
142606336
142770176
142966784
143261696
143294464
143392768
143654912
143785984
144080896
144375808
144572416
144637952
144703488
144932864
145031168
145227776
145719296
146014208
146046976
146243584
146407424
146538496
146604032
146898944
146997248
147193856
147226624
147587072
147685376
147849216
147881984
148013056
148209664
148373504
148570112
148963328
148996096
149651456
149880832
150175744
150274048
150536192
150634496
150831104
150994944
151126016
151257088
151519232
151781376
151945216
152141824
152305664
152436736
152567808
152600576
152797184
152895488
153092096
153124864
153616384
153812992
153878528
154107904
154468352
154763264
154927104
155090944
155189248
155451392
155582464
155779072
156172288
156368896
156729344
156762112
156827648
156860416
157057024
157712384
157810688
157843456
158400512
158793728
158990336
159121408
159514624
159711232
159809536
160169984
160301056
160366592
160661504
160694272
160956416
161644544
161677312
161742848
161775616
161972224
162004992
162070528
162136064
162332672
162430976
162758656
162955264
163414016
163577856
163610624
163938304
164036608
164102144
164593664
164626432
164888576
166199296
166363136
166658048
166690816
166723584
167346176
167378944
167542784
167575552
168165376
168296448
168558592
168656896
168820736
168853504
169312256
169607168
169934848
170000384
170295296
170786816
170917888
171180032
171278336
171311104
171474944
171507712
171606016
172490752
172556288
172785664
173473792
173572096
173768704
173932544
174063616
174129152
174424064
174522368
174751744
175112192
175210496
175374336
175439872
175833088
176095232
176160768
176422912
176488448
176521216
176685056
176717824
177176576
177209344
177373184
177405952
177471488
177504256
177733632
177799168
177995776
178159616
178356224
178520064
179044352
179175424
179470336
179666944
179961856
180322304
180355072
180420608
180453376
180617216
181108736
181338112
181403648
181927936
181993472
182091776
182288384
182616064
183238656
183304192
183697408
184254464
185040896
185073664
185237504
185368576
185663488
185925632
186220544
186318848
186515456
186535791
186548224
187039744
187236352
187334656
187826176
187990016
188186624
189005824
189202432
189497344
189661184
189857792
190251008
190283776
190447616
190480384
190578688
190840832
190939136
191168512
191463424
191627264
191823872
191922176
192151552
192249856
192413696
192937984
193232896
193429504
193527808
193789952
194084864
194183168
194215936
194379776
194510848
194772992
194904064
195067904
195559424
195690496
196182016
196345856
196837376
197132288
197820416
198017024
198115328
198148096
198344704
198443008
198803456
199000064
199032832
199622656
199753728
200310784
200802304
200966144
200998912
201293824
201326592
201949184
202047488
202113024
202244096
202276864
202375168
202637312
203063296
203259904
203423744
203554816
203718656
204701696
204996608
205029376
205225984
205389824
205520896
205586432
205684736
206012416
206307328
206569472
206831616
206995456
207192064
207290368
207355904
207486976
207552512
207650816
207847424
208142336
208175104
208633856
208830464
208863232
208928768
209321984
209453056
209616896
209911808
210599936
210632704
210763776
210829312
211419136
212107264
213188608
213254144
213450752
213909504
214532096
214564864
214728704
215056384
215482368
215515136
215744512
216006656
216498176
216727552
216793088
217120768
217186304
217481216
217776128
217841664
217972736
218005504
218103808
218497024
218660864
219086848
219348992
219643904
220626944
220758016
221052928
221609984
221904896
222298112
222429184
222560256
222593024
222920704
223084544
223281152
223576064
223608832
223674368
223707136
223903744
224395264
224657408
224690176
224886784
224985088
225542144
225837056
226230272
226328576
226492416
226557952
226656256
226951168
227016704
227147776
227213312
227639296
228294656
228327424
228622336
228818944
228982784
229277696
229638144
229769216
229801984
229900288
230260736
230424576
230490112
230785024
231145472
231243776
231473152
231538688
231735296
232259584
232456192
232521728
232751104
232783872
232914944
233046016
233111552
233537536
233701376
233832448
234225664
234815488
234881024
235175936
235470848
235503616
235700224
236158976
236191744
236355584
236388352
236781568
236978176
237043712
237142016
237338624
237436928
237469696
237666304
237764608
238026752
238354432
238649344
238747648
238944256
239108096
239435776
239599616
240287744
240713728
240975872
241434624
242089984
242253824
242286592
242745344
243040256
243564544
243931419
244252672
244318208
244350976
244645888
244711424
244842496
245006336
245334016
245366784
245497856
245628928
245891072
245989376
246022144
246153216
246317056
246513664
246874112
246939648
246972416
247300096
248152064
248250368
248283136
248479744
248578048
248774656
248840192
249135104
249233408
249266176
249298944
249561088
249823232
249954304
250445824
250544128
250740736
251199488
251396096
251428864
251887616
252116992
252182528
252411904
252510208
252870656
253067264
253165568
253198336
253362176
253493248
254050304
254083072
254181376
255328256
255361024
256049152
256114688
256147456
256344064
256376832
256704512
257097728
257327104
257687552
257785856
257982464
258113536
258280326
258310144
258408448
258605056
258670592
259096576
259260416
259751936
259948544
259981312
260079616
260440064
260931584
261095424
261226496
261357568
261750784
261914624
262340608
262537216
262602752
262668288
262701056
262995968
263716864
263880704
263913472
264241152
264372224
264994816
265027584
265191424
265551872
265682944
265879552
265977856
266174464
266338304
266928128
266960896
267616256
267911168
268238848
269090816
269484032
269778944
269910016
270106624
270401536
270467072
270532608
270761984
270794752
270860288
271089664
271548416
271581184
271745024
271876096
272105472
272171008
272433152
272531456
272891904
273022976
273547264
273711104
273743872
274038784
274202624
274497536
274825216
275775488
276004864
276365312
276660224
276791296
276955136
277348352
277446656
277610496
278069248
278659072
278724608
278953984
279412736
279740416
279937024
280035328
280100864
280592384
280690688
280887296
280920064
281018368
281608192
281706496
282198016
282558464
282689536
282853376
283344896
283377664
283574272
283869184
284229632
284327936
284852224
284950528
285212672
285310976
285507584
285540352
285933568
286294016
286523392
286588928
286621696
286785536
286818304
287309824
287571968
287801344
288096256
288161792
288456704
288587776
288620544
288751616
289144832
289275904
289406976
289570816
289865728
290062336
290422784
290455552
290553856
291209216
291405824
291438592
292028416
292093952
292388864
292487168
292716544
292814848
293076992
293208064
293339136
293699584
293797888
293994496
294387712
294453248
295141376
295174144
295337984
295370752
295698432
295763968
296026112
296321024
296419328
296747008
297107456
297140224
297926656
297992192
298287104
298582016
299073536
299106304
299270144
299302912
299401216
299761664
300056576
300351488
300548096
300580864
301039616
301072384
301203456
301268992
301327047
301563904
301662208
301989888
302252032
302350336
302514176
303038464
303333376
303562752
303890432
303988736
304185344
304283648
304513024
304611328
304873472
305135616
305201152
305496064
305594368
305790976
305954816
306151424
306184192
306249728
306446336
307232768
307265536
307625984
307757056
307920896
308117504
308215808
308281344
308445184
308936704
309100544
309231616
309526528
309854208
310083584
310181888
310214656
310378496
310411264
310902784
311164928
311197696
311558144
312213504
312344576
312377344
312737792
312836096
313458688
313524224
313655296
313720832
314114048
314146816
314998784
315326464
315424768
315621376
315686912
315981824
316801024
317095936
317456384
317587456
317751296
317980672
318242816
318930944
319029248
319258624
319422464
319553536
319619072
320045056
320339968
320602112
320700416
320733184
320864256
321224704
321323008
321388544
321683456
321912832
322207744
322994176
323289088
323354624
323485696
323551232
323846144
323944448
323977216
324009984
324141056
324272128
324632576
324665344
324861952
325156864
325320704
325517312
325910528
326598656
326795264
326828032
327155712
327221248
327876608
327909376
328073216
328204288
328892416
329187328
329252864
329777152
329875456
330024861
330563584
330727424
331055104
332038144
332398592
332726272
333021184
333316096
333381632
333447168
333479936
334004224
334692352
334757888
334987264
335085568
335151104
335642624
335773696
335970304
336330752
336429056
336592896
336625664
337117184
337313792
337608704
337641472
337707008
337936384
338591744
338624512
338722816
338919424
339214336
339378176
339869696
340000768
340525056
340590592
341573632
341671936
341835776
341868544
342360064
342523904
342556672
342622208
342654976
342851584
342949888
343015424
343212032
343310336
343638016
344489984
344981504
345112576
345571328
346259456
346947584
347144192
347242496
347537408
347570176
347766784
347865088
348127232
348225536
348258304
348389376
348848128
349044736
349208576
349405184
349503488
349536256
350191616
350224384
350420992
350748672
350879744
351010816
351371264
351666176
351698944
352190464
352321536
352354304
352845824
352976896
353042432
353370112
353435648
354156544
354353152
354418688
354746368
354811904
354942976
355008512
355106816
355434496
355467264
355598336
355631104
355991552
356089856
356319232
356614144
356712448
357040128
357269504
358088704
358350848
358383616
358875136
358940672
359038976
359333888
359399424
359563264
359661568
359923712
360022016
360218624
360546304
360644608
360710144
360841216
360906752
361234432
361332736
361496576
361988096
362217472
362315776
362676224
362807296
363167744
363298816
363495424
363855872
363986944
364118016
364150784
364183552
364281856
364576768
364642304
365232128
366116864
366247936
366477312
366608384
366903296
367263744
367394816
367427584
368410624
368508928
368869376
369393664
369852416
369885184
370081792
370147328
370475008
370737152
370835456
371326976
371851264
372015104
372441088
372637696
372998144
373030912
373096448
373325824
374079488
374308864
374472704
374669312
374767616
374964224
375095296
375652352
375750656
375980032
376274944
376373248
376733696
376930304
377716736
378011648
378404864
378994688
379322368
379682816
379715584
379879424
380010496
380502016
380567552
380665856
380895232
380960768
381157376
381190144
381681664
381878272
381976576
382337024
382631936
382926848
382992384
383254528
383647744
383844352
383942656
384303104
384499712
384794624
384827392
385089536
385875968
385908736
386105344
386465792
386859008
386891776
387055616
387088384
387547136
387579904
387743744
388169728
388366336
388431872
388726784
388759552
388857856
389021696
389513216
389545984
389808128
389840896
390037504
390135808
390692864
390823936
391020544
391118848
391380992
391675904
392364032
392691712
392790016
393445376
393674752
394264576
394428416
394625024
395575296
395608064
395640832
396034048
396230656
396296192
396394496
396689408
396722176
396886016
396918784
397606912
397901824
398000128
398065664
398360576
398557184
399245312
399507456
399671296
399867904
400621568
400654336
401506304
401604608
401833984
401932288
401997824
402292736
402587648
402653184
403800064
403898368
403963904
404094976
404226048
404455424
404488192
404553728
404586496
404750336
405274624
405438464
405569536
406126592
406519808
406749184
406847488
407109632
407404544
407437312
407535616
408190976
408715264
409174016
409206784
409403392
409501696
409698304
409993216
410058752
410157056
410451968
410484736
410779648
411041792
411140096
411172864
411303936
411336704
411369472
412024832
412123136
412319744
412614656
413138944
413302784
413663232
413990912
414089216
414384128
414416896
414580736
414613504
414711808
414973952
415105024
415301632
415694848
416055296
416251904
416284672
416350208
416546816
416579584
417071104
417267712
417562624
417660928
417726464
417857536
418021376
418217984
418643968
418906112
419233792
419823616
420184064
421167104
421199872
421265408
421527552
421658624
422477824
422838272
422936576
423264256
423460864
424214528
424443904
424902656
425099264
425426944
426082304
426213376
426377216
426508288
426901504
427065344
427196416
427393024
427556864
427819008
428048384
429031424
429064192
429129728
429359104
429457408
430112768
430145536
430178304
430800896
430964736
431030272
431325184
431489024
431783936
431980544
432013312
432111616
432275456
432799744
432996352
433094656
433455104
433586176
434110464
434241536
434372608
434733056
434962432
435552256
435683328
435716096
435945472
436011008
436207616
436240384
436699136
436994048
437026816
437321728
438009856
438042624
438173696
438697984
438992896
439287808
439648256
440139776
440958976
441155584
441253888
441516032
441614336
441942016
442105856
442761216
442793984
443121664
443219968
443580416
443809792
444104704
444563456
444596224
444858368
444891136
445120512
445186048
445546496
445841408
446070784
446169088
446529536
446562304
446726144
447152128
447217664
447348736
447414272
447807488
448495616
448692224
448790528
448823296
449314816
449380352
449675264
449773568
449970176
450789376
450985984
451084288
451674112
452427776
452460544
452657152
452984832
453115904
453312512
453771264
453902336
454033408
454295552
454426624
454590464
454721536
454918144
455278592
455573504
455704576
455868416
455901184
456556544
456589312
456654848
457244672
457539584
457637888
457670656
457965568
458555392
458653696
459014144
459276288
459538432
459603968
459800576
459833344
460521472
460619776
460849152
460980224
461471744
461570048
461602816
461635584
462258176
462290944
462487552
462946304
463077376
463437824
463470592
463765504
464420864
464519168
464551936
464912384
465043456
465207296
465502208
465534976
465567744
465829888
466092032
466223104
466354176
466714624
466878464
467075072
467402752
467664896
468353024
468451328
468680704
469336064
469467136
469630976
469762048
470122496
470351872
470941696
471007232
471400448
471433216
471597056
472088576
472317952
472383488
472612864
472711168
472776704
473071616
473399296
473563136
473956352
474087424
474284032
474677248
474873856
474939392
475234304
475332608
475529216
476053504
476217344
476348416
476545024
476708864
476839936
477003776
477200384
477298688
477364224
477495296
477888512
478183424
478216192
478871552
479199232
479297536
479494144
480149504
480280576
480575488
481132544
481427456
481951744
482082816
482115584
482246656
482443264
482607104
482869248
482902016
483229696
483426304
483885056
484179968
484409344
484507648
484573184
484704256
484868096
