31431472.514012553 1.0151798118772794e-10
42458602.960254662 3.5840601892372811e-09
42727643.569011085 5.3868934685049423e-10
43052227.979656652 -4.8495619604243292e-10
54513848.87403331 3.2984147575689345e-10
61696274.633219033 3.6244366590083303e-09
68468676.515334606 4.2783211234194371e-09
71112777.427178875 -4.3971044178670183e-09
71494443.71303916 1.0571249269980441e-09
72076222.511735916 -6.8899324759026141e-09
73703392.09225376 2.3739884657351564e-09
76604728.135700762 -6.0935431896851676e-09
87707356.594112948 9.230837219537394e-10
90754636.447157726 -4.4778475127724841e-09
91434373.203376919 1.7596844468822769e-09
91984453.430393532 -6.2643161543404613e-09
94294059.034965128 5.1458571374256637e-09
97450124.474789217 5.479161615770258e-09
99648235.038969353 6.9899434919572288e-09
