# X=1e+09 rho=0.8 C(X)=8 Cmax=0 mode=h
# sigma t Re Im |F| tailbound
0.745900 30.306000 -6.0433311513e-02 6.0494226266e-03 6.073533e-02 1.549e-06
0.746900 30.306000 -5.8977682911e-02 4.3223265111e-03 5.913586e-02 1.517e-06
0.747900 30.306000 -5.7524050412e-02 2.6039825222e-03 5.758296e-02 1.486e-06
0.748900 30.306000 -5.6072412894e-02 8.9434411605e-04 5.607954e-02 1.455e-06
0.749900 30.306000 -5.4622769225e-02 -8.0663495949e-04 5.462872e-02 1.426e-06
0.750900 30.306000 -5.3175118265e-02 -2.4990006656e-03 5.323381e-02 1.396e-06
0.751900 30.306000 -5.1729458867e-02 -4.1827986743e-03 5.189829e-02 1.368e-06
0.752900 30.306000 -5.0285789875e-02 -5.8580743732e-03 5.062586e-02 1.340e-06
0.753900 30.306000 -4.8844110126e-02 -7.5248728636e-03 4.942035e-02 1.312e-06
0.754900 30.306000 -4.7404418448e-02 -9.1832389650e-03 4.828572e-02 1.285e-06
0.755900 30.306000 -4.5966713660e-02 -1.0833217217e-02 4.722602e-02 1.259e-06
0.756900 30.306000 -4.4530994578e-02 -1.2474851884e-02 4.624534e-02 1.233e-06
0.757900 30.306000 -4.3097260003e-02 -1.4108186946e-02 4.534771e-02 1.208e-06
0.758900 30.306000 -4.1665508733e-02 -1.5733266122e-02 4.453707e-02 1.183e-06
0.759900 30.306000 -4.0235739557e-02 -1.7350132845e-02 4.381714e-02 1.159e-06
0.760900 30.306000 -3.8807951253e-02 -1.8958830288e-02 4.319137e-02 1.135e-06
0.761900 30.306000 -3.7382142596e-02 -2.0559401352e-02 4.266279e-02 1.112e-06
0.762900 30.306000 -3.5958312351e-02 -2.2151888673e-02 4.223395e-02 1.089e-06
0.763900 30.306000 -3.4536459273e-02 -2.3736334622e-02 4.190681e-02 1.067e-06
0.764900 30.306000 -3.3116582114e-02 -2.5312781308e-02 4.168267e-02 1.045e-06
0.765900 30.306000 -3.1698679612e-02 -2.6881270580e-02 4.156211e-02 1.023e-06
0.766900 30.306000 -3.0282750504e-02 -2.8441844028e-02 4.154496e-02 1.002e-06
0.767900 30.306000 -2.8868793513e-02 -2.9994542986e-02 4.163028e-02 9.817e-07
0.768900 30.306000 -2.7456807358e-02 -3.1539408534e-02 4.181639e-02 9.616e-07
0.769900 30.306000 -2.6046790749e-02 -3.3076481495e-02 4.210094e-02 9.419e-07
0.770900 30.306000 -2.4638742390e-02 -3.4605802449e-02 4.248093e-02 9.226e-07
0.771900 30.306000 -2.3232660973e-02 -3.6127411717e-02 4.295284e-02 9.036e-07
0.772900 30.306000 -2.1828545189e-02 -3.7641349381e-02 4.351272e-02 8.851e-07
0.773900 30.306000 -2.0426393714e-02 -3.9147655272e-02 4.415627e-02 8.669e-07
0.774900 30.306000 -1.9026205223e-02 -4.0646368979e-02 4.487899e-02 8.492e-07
0.775900 30.306000 -1.7627978378e-02 -4.2137529850e-02 4.567622e-02 8.317e-07
0.776900 30.306000 -1.6231711838e-02 -4.3621176989e-02 4.654327e-02 8.147e-07
0.777900 30.306000 -1.4837404251e-02 -4.5097349265e-02 4.747546e-02 7.980e-07
0.778900 30.306000 -1.3445054260e-02 -4.6566085310e-02 4.846823e-02 7.816e-07
0.779900 30.306000 -1.2054660498e-02 -4.8027423517e-02 4.951715e-02 7.656e-07
0.780900 30.306000 -1.0666221593e-02 -4.9481402050e-02 5.061796e-02 7.499e-07
0.781900 30.306000 -9.2797361658e-03 -5.0928058836e-02 5.176660e-02 7.345e-07
0.782900 30.306000 -7.8952028268e-03 -5.2367431577e-02 5.295925e-02 7.194e-07
0.783900 30.306000 -6.5126201816e-03 -5.3799557743e-02 5.419231e-02 7.047e-07
0.784900 30.306000 -5.1319868280e-03 -5.5224474579e-02 5.546242e-02 6.902e-07
0.785900 30.306000 -3.7533013569e-03 -5.6642219103e-02 5.676644e-02 6.761e-07
