# X=1e+09 rho=0.8 C(X)=8 Cmax=0 mode=v
# sigma t Re Im |F| tailbound
0.745900 30.306000 -6.0433311513e-02 6.0494226266e-03 6.073533e-02 1.549e-06
0.745900 30.307000 -5.8700832966e-02 7.5016500089e-03 5.917823e-02 1.549e-06
0.745900 30.308000 -5.6966404183e-02 8.9450775114e-03 5.766442e-02 1.549e-06
0.745900 30.309000 -5.5230072135e-02 1.0379704469e-02 5.619697e-02 1.549e-06
0.745900 30.310000 -5.3491883783e-02 1.1805530514e-02 5.477912e-02 1.549e-06
0.745900 30.311000 -5.1751886071e-02 1.3222555572e-02 5.341436e-02 1.549e-06
0.745900 30.312000 -5.0010125931e-02 1.4630779873e-02 5.210636e-02 1.549e-06
0.745900 30.313000 -4.8266650268e-02 1.6030203937e-02 5.085899e-02 1.549e-06
0.745900 30.314000 -4.6521505973e-02 1.7420828584e-02 4.967631e-02 1.549e-06
0.745900 30.315000 -4.4774739910e-02 1.8802654930e-02 4.856251e-02 1.549e-06
0.745900 30.316000 -4.3026398916e-02 2.0175684387e-02 4.752188e-02 1.549e-06
0.745900 30.317000 -4.1276529804e-02 2.1539918664e-02 4.655878e-02 1.549e-06
0.745900 30.318000 -3.9525179353e-02 2.2895359767e-02 4.567754e-02 1.549e-06
0.745900 30.319000 -3.7772394312e-02 2.4242009996e-02 4.488239e-02 1.549e-06
0.745900 30.320000 -3.6018221394e-02 2.5579871948e-02 4.417739e-02 1.549e-06
0.745900 30.321000 -3.4262707276e-02 2.6908948513e-02 4.356632e-02 1.549e-06
0.745900 30.322000 -3.2505898596e-02 2.8229242880e-02 4.305257e-02 1.549e-06
0.745900 30.323000 -3.0747841950e-02 2.9540758531e-02 4.263902e-02 1.549e-06
0.745900 30.324000 -2.8988583892e-02 3.0843499243e-02 4.232800e-02 1.549e-06
0.745900 30.325000 -2.7228170929e-02 3.2137469086e-02 4.212114e-02 1.549e-06
0.745900 30.326000 -2.5466649521e-02 3.3422672425e-02 4.201934e-02 1.549e-06
0.745900 30.327000 -2.3704066078e-02 3.4699113920e-02 4.202275e-02 1.549e-06
0.745900 30.328000 -2.1940466959e-02 3.5966798521e-02 4.213069e-02 1.549e-06
0.745900 30.329000 -2.0175898465e-02 3.7225731473e-02 4.234173e-02 1.549e-06
0.745900 30.330000 -1.8410406844e-02 3.8475918313e-02 4.265371e-02 1.549e-06
0.745900 30.331000 -1.6644038285e-02 3.9717364870e-02 4.306383e-02 1.549e-06
0.745900 30.332000 -1.4876838914e-02 4.0950077264e-02 4.356867e-02 1.549e-06
0.745900 30.333000 -1.3108854797e-02 4.2174061908e-02 4.416439e-02 1.549e-06
0.745900 30.334000 -1.1340131930e-02 4.3389325502e-02 4.484676e-02 1.549e-06
0.745900 30.335000 -9.5707162486e-03 4.4595875040e-02 4.561130e-02 1.549e-06
0.745900 30.336000 -7.8006536124e-03 4.5793717803e-02 4.645336e-02 1.549e-06
0.745900 30.337000 -6.0299898127e-03 4.6982861360e-02 4.736824e-02 1.549e-06
0.745900 30.338000 -4.2587705659e-03 4.8163313572e-02 4.835123e-02 1.549e-06
0.745900 30.339000 -2.4870415127e-03 4.9335082586e-02 4.939773e-02 1.549e-06
0.745900 30.340000 -7.1484821521e-04 5.0498176836e-02 5.050324e-02 1.549e-06
0.745900 30.341000 1.0577638440e-03 5.1652605041e-02 5.166343e-02 1.549e-06
0.745900 30.342000 2.8307492652e-03 5.2798376210e-02 5.287421e-02 1.549e-06
0.745900 30.343000 4.6040627332e-03 5.3935499633e-02 5.413165e-02 1.549e-06
0.745900 30.344000 6.3776590193e-03 5.5063984890e-02 5.543209e-02 1.549e-06
0.745900 30.345000 8.1514929836e-03 5.6183841838e-02 5.677210e-02 1.549e-06
0.745900 30.346000 9.9255195779e-03 5.7295080624e-02 5.814845e-02 1.549e-06
