# X=1e+09 rho=0.8 C(X)=8 Cmax=0 mode=h
# sigma t Re Im |F| tailbound
0.745900 30.346000 9.9255195779e-03 5.7295080624e-02 5.814845e-02 1.549e-06
0.746900 30.346000 1.1032377144e-02 5.5525269116e-02 5.661068e-02 1.517e-06
0.747900 30.346000 1.2139076532e-02 5.3764020622e-02 5.511739e-02 1.486e-06
0.748900 30.346000 1.3245607316e-02 5.2011290654e-02 5.367141e-02 1.455e-06
0.749900 30.346000 1.4351959164e-02 5.0267035002e-02 5.227575e-02 1.426e-06
0.750900 30.346000 1.5458121836e-02 4.8531209728e-02 5.093360e-02 1.396e-06
0.751900 30.346000 1.6564085184e-02 4.6803771173e-02 4.964838e-02 1.368e-06
0.752900 30.346000 1.7669839154e-02 4.5084675944e-02 4.842366e-02 1.340e-06
0.753900 30.346000 1.8775373778e-02 4.3373880921e-02 4.726318e-02 1.312e-06
0.754900 30.346000 1.9880679183e-02 4.1671343252e-02 4.617079e-02 1.285e-06
0.755900 30.346000 2.0985745582e-02 3.9977020347e-02 4.515046e-02 1.259e-06
0.756900 30.346000 2.2090563277e-02 3.8290869883e-02 4.420615e-02 1.233e-06
0.757900 30.346000 2.3195122659e-02 3.6612849798e-02 4.334183e-02 1.208e-06
0.758900 30.346000 2.4299414206e-02 3.4942918289e-02 4.256136e-02 1.183e-06
0.759900 30.346000 2.5403428481e-02 3.3281033812e-02 4.186838e-02 1.159e-06
0.760900 30.346000 2.6507156134e-02 3.1627155078e-02 4.126628e-02 1.135e-06
0.761900 30.346000 2.7610587900e-02 2.9981241051e-02 4.075806e-02 1.112e-06
0.762900 30.346000 2.8713714599e-02 2.8343250952e-02 4.034622e-02 1.089e-06
0.763900 30.346000 2.9816527134e-02 2.6713144246e-02 4.003270e-02 1.067e-06
0.764900 30.346000 3.0919016493e-02 2.5090880652e-02 3.981881e-02 1.045e-06
0.765900 30.346000 3.2021173742e-02 2.3476420135e-02 3.970514e-02 1.023e-06
0.766900 30.346000 3.3122990033e-02 2.1869722900e-02 3.969153e-02 1.002e-06
0.767900 30.346000 3.4224456599e-02 2.0270749401e-02 3.977709e-02 9.817e-07
0.768900 30.346000 3.5325564753e-02 1.8679460333e-02 3.996020e-02 9.616e-07
0.769900 30.346000 3.6426305884e-02 1.7095816627e-02 4.023857e-02 9.419e-07
0.770900 30.346000 3.7526671468e-02 1.5519779456e-02 4.060929e-02 9.226e-07
0.771900 30.346000 3.8626653055e-02 1.3951310226e-02 4.106893e-02 9.036e-07
0.772900 30.346000 3.9726242272e-02 1.2390370581e-02 4.161365e-02 8.851e-07
0.773900 30.346000 4.0825430825e-02 1.0836922395e-02 4.223926e-02 8.669e-07
0.774900 30.346000 4.1924210499e-02 9.2909277749e-03 4.294136e-02 8.492e-07
0.775900 30.346000 4.3022573153e-02 7.7523490556e-03 4.371545e-02 8.317e-07
0.776900 30.346000 4.4120510721e-02 6.2211488020e-03 4.455695e-02 8.147e-07
0.777900 30.346000 4.5218015213e-02 4.6972898033e-03 4.546134e-02 7.980e-07
0.778900 30.346000 4.6315078715e-02 3.1807350757e-03 4.642417e-02 7.816e-07
0.779900 30.346000 4.7411693386e-02 1.6714478558e-03 4.744115e-02 7.656e-07
0.780900 30.346000 4.8507851456e-02 1.6939160266e-04 4.850815e-02 7.499e-07
0.781900 30.346000 4.9603545229e-02 -1.3254700041e-03 4.962125e-02 7.345e-07
0.782900 30.346000 5.0698767086e-02 -2.8131730664e-03 5.077676e-02 7.194e-07
0.783900 30.346000 5.1793509472e-02 -4.2937534705e-03 5.197118e-02 7.047e-07
0.784900 30.346000 5.2887764909e-02 -5.7672468872e-03 5.320129e-02 6.902e-07
0.785900 30.346000 5.3981525985e-02 -7.2336887733e-03 5.446404e-02 6.761e-07
