# X=1e+09 rho=0.8 C(X)=8 Cmax=0 mode=v
# sigma t Re Im |F| tailbound
0.785900 30.306000 -3.7533013569e-03 -5.6642219103e-02 5.676644e-02 6.761e-07
0.785900 30.307000 -2.3381635870e-03 -5.5268075077e-02 5.531751e-02 6.761e-07
0.785900 30.308000 -9.2111603022e-04 -5.3901067841e-02 5.390894e-02 6.761e-07
0.785900 30.309000 4.9780464308e-04 -5.2541198483e-02 5.254356e-02 6.761e-07
0.785900 30.310000 1.9185617720e-03 -5.1188467867e-02 5.122441e-02 6.761e-07
0.785900 30.311000 3.3411187099e-03 -4.9842876636e-02 4.995473e-02 6.761e-07
0.785900 30.312000 4.7654388214e-03 -4.8504425212e-02 4.873796e-02 6.761e-07
0.785900 30.313000 6.1914854870e-03 -4.7173113794e-02 4.757770e-02 6.761e-07
0.785900 30.314000 7.6192221040e-03 -4.5848942359e-02 4.647772e-02 6.761e-07
0.785900 30.315000 9.0486120886e-03 -4.4531910664e-02 4.544192e-02 6.761e-07
0.785900 30.316000 1.0479618876e-02 -4.3222018241e-02 4.447432e-02 6.761e-07
0.785900 30.317000 1.1912205923e-02 -4.1919264405e-02 4.357896e-02 6.761e-07
0.785900 30.318000 1.3346336708e-02 -4.0623648246e-02 4.275986e-02 6.761e-07
0.785900 30.319000 1.4781974738e-02 -3.9335168635e-02 4.202097e-02 6.761e-07
0.785900 30.320000 1.6219083542e-02 -3.8053824222e-02 4.136608e-02 6.761e-07
0.785900 30.321000 1.7657626680e-02 -3.6779613435e-02 4.079867e-02 6.761e-07
0.785900 30.322000 1.9097567737e-02 -3.5512534485e-02 4.032192e-02 6.761e-07
0.785900 30.323000 2.0538870334e-02 -3.4252585356e-02 3.993851e-02 6.761e-07
0.785900 30.324000 2.1981498121e-02 -3.2999763820e-02 3.965061e-02 6.761e-07
0.785900 30.325000 2.3425414783e-02 -3.1754067423e-02 3.945974e-02 6.761e-07
0.785900 30.326000 2.4870584042e-02 -3.0515493495e-02 3.936675e-02 6.761e-07
0.785900 30.327000 2.6316969655e-02 -2.9284039145e-02 3.937179e-02 6.761e-07
0.785900 30.328000 2.7764535419e-02 -2.8059701262e-02 3.947425e-02 6.761e-07
0.785900 30.329000 2.9213245170e-02 -2.6842476520e-02 3.967281e-02 6.761e-07
0.785900 30.330000 3.0663062789e-02 -2.5632361372e-02 3.996550e-02 6.761e-07
0.785900 30.331000 3.2113952195e-02 -2.4429352053e-02 4.034971e-02 6.761e-07
0.785900 30.332000 3.3565877358e-02 -2.3233444581e-02 4.082231e-02 6.761e-07
0.785900 30.333000 3.5018802292e-02 -2.2044634755e-02 4.137973e-02 6.761e-07
0.785900 30.334000 3.6472691057e-02 -2.0862918160e-02 4.201807e-02 6.761e-07
0.785900 30.335000 3.7927507764e-02 -1.9688290161e-02 4.273318e-02 6.761e-07
0.785900 30.336000 3.9383216578e-02 -1.8520745909e-02 4.352075e-02 6.761e-07
0.785900 30.337000 4.0839781712e-02 -1.7360280339e-02 4.437643e-02 6.761e-07
0.785900 30.338000 4.2297167438e-02 -1.6206888170e-02 4.529585e-02 6.761e-07
0.785900 30.339000 4.3755338080e-02 -1.5060563906e-02 4.627473e-02 6.761e-07
0.785900 30.340000 4.5214258021e-02 -1.3921301835e-02 4.730890e-02 6.761e-07
0.785900 30.341000 4.6673891702e-02 -1.2789096034e-02 4.839435e-02 6.761e-07
0.785900 30.342000 4.8134203626e-02 -1.1663940364e-02 4.952726e-02 6.761e-07
0.785900 30.343000 4.9595158356e-02 -1.0545828473e-02 5.070399e-02 6.761e-07
0.785900 30.344000 5.1056720520e-02 -9.4347537976e-03 5.192113e-02 6.761e-07
0.785900 30.345000 5.2518854811e-02 -8.3307095605e-03 5.317547e-02 6.761e-07
0.785900 30.346000 5.3981525985e-02 -7.2336887733e-03 5.446404e-02 6.761e-07
