# X=1e+08 rho=0.8 C(X)=27 Cmax=300 mode=v
# sigma t Re Im |F| tailbound
0.700000 0.100000 -1.6067905839e+00 -8.0818085111e-01 1.798592e+00 8.290e-04
0.700000 0.200000 -1.0590743127e+00 -1.2437999662e+00 1.633609e+00 8.515e-04
0.700000 0.300000 -5.5283078388e-01 -1.3469286619e+00 1.455967e+00 8.877e-04
0.700000 0.400000 -1.8412424819e-01 -1.2910259749e+00 1.304090e+00 9.357e-04
0.700000 0.500000 6.8369320992e-02 -1.1836848037e+00 1.185658e+00 9.939e-04
0.700000 0.600000 2.4216890230e-01 -1.0707269034e+00 1.097771e+00 1.060e-03
0.700000 0.700000 3.6476394677e-01 -9.6833672867e-01 1.034760e+00 1.134e-03
0.700000 0.800000 4.5348067926e-01 -8.8048445061e-01 9.904027e-01 1.212e-03
0.700000 0.900000 5.1919289842e-01 -8.0686434560e-01 9.594745e-01 1.295e-03
0.700000 1.000000 5.6851340216e-01 -7.4604477531e-01 9.379714e-01 1.382e-03
0.700000 1.100000 6.0536598594e-01 -6.9605448480e-01 9.224748e-01 1.471e-03
0.700000 1.200000 6.3246137972e-01 -6.5480718547e-01 9.103735e-01 1.563e-03
0.700000 1.300000 6.5170428834e-01 -6.2064731296e-01 8.999564e-01 1.657e-03
0.700000 1.400000 6.6420803784e-01 -5.9205820489e-01 8.897782e-01 1.753e-03
0.700000 1.500000 6.7094507091e-01 -5.6741966677e-01 8.787106e-01 1.850e-03
0.700000 1.600000 6.7301527003e-01 -5.4551207858e-01 8.663331e-01 1.948e-03
0.700000 1.700000 6.7119259986e-01 -5.2554030763e-01 8.524624e-01 2.047e-03
0.700000 1.800000 6.6606194650e-01 -5.0663984310e-01 8.368527e-01 2.147e-03
0.700000 1.900000 6.5845340397e-01 -4.8811574114e-01 8.196450e-01 2.248e-03
0.700000 2.000000 6.4905985180e-01 -4.6978161262e-01 8.012325e-01 2.349e-03
0.700000 2.100000 6.3815093028e-01 -4.5147993304e-01 7.817101e-01 2.451e-03
0.700000 2.200000 6.2603305417e-01 -4.3288659757e-01 7.611230e-01 2.553e-03
0.700000 2.300000 6.1305125446e-01 -4.1391158506e-01 7.396990e-01 2.656e-03
0.700000 2.400000 5.9920058327e-01 -3.9446945094e-01 7.173894e-01 2.759e-03
0.700000 2.500000 5.8452595389e-01 -3.7406900525e-01 6.939728e-01 2.863e-03
0.700000 2.600000 5.6952447085e-01 -3.5228748618e-01 6.696750e-01 2.966e-03
0.700000 2.700000 5.5467376452e-01 -3.2909003130e-01 6.449521e-01 3.071e-03
0.700000 2.800000 5.4028441298e-01 -3.0439183712e-01 6.201303e-01 3.175e-03
0.700000 2.900000 5.2693306701e-01 -2.7814019348e-01 5.958359e-01 3.279e-03
0.700000 3.000000 5.1518362409e-01 -2.5079986278e-01 5.729876e-01 3.384e-03
0.700000 3.100000 5.0505468298e-01 -2.2300307533e-01 5.520966e-01 3.489e-03
0.700000 3.200000 4.9632203429e-01 -1.9509323463e-01 5.332888e-01 3.594e-03
0.700000 3.300000 4.8872814734e-01 -1.6738514663e-01 5.165975e-01 3.699e-03
0.700000 3.400000 4.8163988094e-01 -1.4006281995e-01 5.015920e-01 3.805e-03
0.700000 3.500000 4.7434892053e-01 -1.1265887956e-01 4.875438e-01 3.910e-03
0.700000 3.600000 4.6669741116e-01 -8.4366994860e-02 4.742618e-01 4.016e-03
0.700000 3.700000 4.5882392561e-01 -5.4560682412e-02 4.620566e-01 4.122e-03
0.700000 3.800000 4.5090937293e-01 -2.2486785528e-02 4.514697e-01 4.227e-03
0.700000 3.900000 4.4368178144e-01 1.2770889527e-02 4.438655e-01 4.333e-03
0.700000 4.000000 4.3841682993e-01 5.1611179487e-02 4.414443e-01 4.439e-03
0.700000 4.100000 4.3629308788e-01 9.3854719396e-02 4.462739e-01 4.545e-03
0.700000 4.200000 4.3837297993e-01 1.3914879556e-01 4.599274e-01 4.652e-03
0.700000 4.300000 4.4574893939e-01 1.8677137307e-01 4.832967e-01 4.758e-03
0.700000 4.400000 4.5908402925e-01 2.3562190397e-01 5.160192e-01 4.864e-03
0.700000 4.500000 4.7865301247e-01 2.8484890139e-01 5.569987e-01 4.970e-03
0.700000 4.600000 5.0503862781e-01 3.3375676550e-01 6.053574e-01 5.077e-03
0.700000 4.700000 5.3900277657e-01 3.8108835302e-01 6.601154e-01 5.183e-03
0.700000 4.800000 5.8084936957e-01 4.2511607215e-01 7.197984e-01 5.290e-03
0.700000 4.900000 6.3049285884e-01 4.6400231208e-01 7.828278e-01 5.396e-03
0.700000 5.000000 6.8744191804e-01 4.9555402645e-01 8.474374e-01 5.503e-03
0.700000 5.100000 7.5019572482e-01 5.1742619458e-01 9.113306e-01 5.610e-03
0.700000 5.200000 8.1631437718e-01 5.2793932381e-01 9.721569e-01 5.716e-03
0.700000 5.300000 8.8303017224e-01 5.2617951355e-01 1.027914e+00 5.823e-03
0.700000 5.400000 9.4715081768e-01 5.1181950606e-01 1.076594e+00 5.930e-03
0.700000 5.500000 1.0050184900e+00 4.8574281044e-01 1.116247e+00 6.036e-03
0.700000 5.600000 1.0534311366e+00 4.5043981211e-01 1.145693e+00 6.143e-03
0.700000 5.700000 1.0904063585e+00 4.0947511882e-01 1.164756e+00 6.250e-03
0.700000 5.800000 1.1154432755e+00 3.6702867547e-01 1.174276e+00 6.357e-03
0.700000 5.900000 1.1301028131e+00 3.2726471972e-01 1.176535e+00 6.464e-03
0.700000 6.000000 1.1379385868e+00 2.9274435442e-01 1.174991e+00 6.571e-03
0.700000 6.100000 1.1428094363e+00 2.6342423250e-01 1.172777e+00 6.678e-03
0.700000 6.200000 1.1472928134e+00 2.3744439418e-01 1.171606e+00 6.785e-03
0.700000 6.300000 1.1523891135e+00 2.1220982811e-01 1.171765e+00 6.892e-03
0.700000 6.400000 1.1573839510e+00 1.8499047237e-01 1.172075e+00 6.999e-03
0.700000 6.500000 1.1597595349e+00 1.5397017367e-01 1.169935e+00 7.106e-03
0.700000 6.600000 1.1561068474e+00 1.1928227420e-01 1.162244e+00 7.213e-03
0.700000 6.700000 1.1433479917e+00 8.3065920953e-02 1.146361e+00 7.320e-03
0.700000 6.800000 1.1196020840e+00 4.9186511779e-02 1.120682e+00 7.427e-03
0.700000 6.900000 1.0853314686e+00 2.2594508728e-02 1.085567e+00 7.534e-03
0.700000 7.000000 1.0439155399e+00 7.3799009661e-03 1.043942e+00 7.641e-03
0.700000 7.100000 1.0001220802e+00 4.9226145555e-03 1.000134e+00 7.748e-03
0.700000 7.200000 9.5789232301e-01 1.4203773397e-02 9.579976e-01 7.855e-03
0.700000 7.300000 9.1960064006e-01 3.3285975905e-02 9.202029e-01 7.962e-03
0.700000 7.400000 8.8631531377e-01 6.0301274056e-02 8.883643e-01 8.070e-03
0.700000 7.500000 8.5832922905e-01 9.4149270126e-02 8.634774e-01 8.177e-03
0.700000 7.600000 8.3626149878e-01 1.3462672548e-01 8.470287e-01 8.284e-03
0.700000 7.700000 8.2167574168e-01 1.8134254848e-01 8.414488e-01 8.391e-03
0.700000 7.800000 8.1621772004e-01 2.3287970896e-01 8.487899e-01 8.498e-03
0.700000 7.900000 8.2081794869e-01 2.8735685292e-01 8.696643e-01 8.606e-03
0.700000 8.000000 8.3599284559e-01 3.4294772306e-01 9.036023e-01 8.713e-03
0.700000 8.100000 8.6196332491e-01 3.9767823057e-01 9.492780e-01 8.820e-03
0.700000 8.200000 8.9839024033e-01 4.4963729471e-01 1.004629e+00 8.927e-03
0.700000 8.300000 9.4474207314e-01 4.9731345174e-01 1.067641e+00 9.035e-03
0.700000 8.400000 1.0005955097e+00 5.3917005151e-01 1.136616e+00 9.142e-03
0.700000 8.500000 1.0651559002e+00 5.7344866526e-01 1.209711e+00 9.249e-03
0.700000 8.600000 1.1371439537e+00 5.9867008843e-01 1.285108e+00 9.357e-03
0.700000 8.700000 1.2151975592e+00 6.1365886111e-01 1.361353e+00 9.464e-03
0.700000 8.800000 1.2976951241e+00 6.1733916180e-01 1.437053e+00 9.571e-03
0.700000 8.900000 1.3827086896e+00 6.0925427579e-01 1.510984e+00 9.678e-03
0.700000 9.000000 1.4689083094e+00 5.8962477161e-01 1.582829e+00 9.786e-03
0.700000 9.100000 1.5558429727e+00 5.5818280131e-01 1.652941e+00 9.893e-03
0.700000 9.200000 1.6428303718e+00 5.1352080762e-01 1.721219e+00 1.000e-02
0.700000 9.300000 1.7280313645e+00 4.5368053125e-01 1.786594e+00 1.011e-02
0.700000 9.400000 1.8081783118e+00 3.7685774865e-01 1.847033e+00 1.022e-02
0.700000 9.500000 1.8783685073e+00 2.8231972588e-01 1.899466e+00 1.032e-02
0.700000 9.600000 1.9327891822e+00 1.7177078668e-01 1.940407e+00 1.043e-02
0.700000 9.700000 1.9665700987e+00 4.9625806799e-02 1.967196e+00 1.054e-02
0.700000 9.800000 1.9769486371e+00 -7.8144525364e-02 1.978492e+00 1.064e-02
0.700000 9.900000 1.9634062243e+00 -2.0496937475e-01 1.974076e+00 1.075e-02
0.700000 10.000000 1.9280017746e+00 -3.2444584666e-01 1.955110e+00 1.086e-02
0.700000 10.100000 1.8752804220e+00 -4.3188950120e-01 1.924371e+00 1.097e-02
0.700000 10.200000 1.8107538256e+00 -5.2555617920e-01 1.885481e+00 1.107e-02
0.700000 10.300000 1.7390919227e+00 -6.0643627162e-01 1.841794e+00 1.118e-02
0.700000 10.400000 1.6628692673e+00 -6.7735010692e-01 1.795533e+00 1.129e-02
0.700000 10.500000 1.5815828634e+00 -7.4137469377e-01 1.746723e+00 1.140e-02
0.700000 10.600000 1.4920300427e+00 -7.9933531704e-01 1.692658e+00 1.150e-02
0.700000 10.700000 1.3908302983e+00 -8.4829934105e-01 1.629117e+00 1.161e-02
0.700000 10.800000 1.2770362701e+00 -8.8251348088e-01 1.552305e+00 1.172e-02
0.700000 10.900000 1.1532016427e+00 -8.9530224142e-01 1.459945e+00 1.183e-02
0.700000 11.000000 1.0256622217e+00 -8.8088685217e-01 1.352015e+00 1.193e-02
0.700000 11.100000 9.0396473475e-01 -8.3660149321e-01 1.231688e+00 1.204e-02
0.700000 11.200000 7.9864099823e-01 -7.6448027316e-01 1.105558e+00 1.215e-02
0.700000 11.300000 7.1865788296e-01 -6.7089610888e-01 9.831433e-01 1.226e-02
0.700000 11.400000 6.6996108749e-01 -5.6527697778e-01 8.765762e-01 1.236e-02
0.700000 11.500000 6.5448593420e-01 -4.5874603438e-01 7.992495e-01 1.247e-02
0.700000 11.600000 6.6972386288e-01 -3.6207677482e-01 7.613341e-01 1.258e-02
0.700000 11.700000 7.0982504808e-01 -2.8380414008e-01 7.644582e-01 1.269e-02
0.700000 11.800000 7.6710751746e-01 -2.2983696494e-01 8.007990e-01 1.279e-02
0.700000 11.900000 8.3262958447e-01 -2.0344944653e-01 8.571253e-01 1.290e-02
0.700000 12.000000 8.9697966834e-01 -2.0466561555e-01 9.200329e-01 1.301e-02
0.700000 12.100000 9.5185018156e-01 -2.3037490433e-01 9.793321e-01 1.312e-02
0.700000 12.200000 9.9090663781e-01 -2.7548183397e-01 1.028487e+00 1.322e-02
0.700000 12.300000 1.0098111758e+00 -3.3370775071e-01 1.063522e+00 1.333e-02
0.700000 12.400000 1.0064068204e+00 -3.9815202538e-01 1.082303e+00 1.344e-02
0.700000 12.500000 9.8054826663e-01 -4.6214789770e-01 1.084000e+00 1.355e-02
0.700000 12.600000 9.3345878952e-01 -5.1943118001e-01 1.068248e+00 1.365e-02
0.700000 12.700000 8.6800044664e-01 -5.6383186520e-01 1.035051e+00 1.376e-02
0.700000 12.800000 7.8939479472e-01 -5.9017816616e-01 9.856239e-01 1.387e-02
0.700000 12.900000 7.0452939586e-01 -5.9582751112e-01 9.226983e-01 1.398e-02
0.700000 13.000000 6.2038536143e-01 -5.8101793195e-01 8.499764e-01 1.408e-02
0.700000 13.100000 5.4297575893e-01 -5.4845441078e-01 7.717674e-01 1.419e-02
0.700000 13.200000 4.7634391010e-01 -5.0278628276e-01 6.926020e-01 1.430e-02
0.700000 13.300000 4.2173938697e-01 -4.4919294207e-01 6.161480e-01 1.441e-02
0.700000 13.400000 3.7824600511e-01 -3.9167935991e-01 5.445023e-01 1.451e-02
0.700000 13.500000 3.4417651041e-01 -3.3266638724e-01 4.786694e-01 1.462e-02
0.700000 13.600000 3.1778594774e-01 -2.7330621395e-01 4.191470e-01 1.473e-02
0.700000 13.700000 2.9788268255e-01 -2.1362786782e-01 3.665664e-01 1.484e-02
0.700000 13.800000 2.8456265323e-01 -1.5339279676e-01 3.232727e-01 1.494e-02
0.700000 13.900000 2.7871501057e-01 -9.3429405578e-02 2.939577e-01 1.505e-02
0.700000 14.000000 2.8064487561e-01 -3.5756926163e-02 2.829136e-01 1.516e-02
0.700000 14.100000 2.8944123705e-01 1.7253462073e-02 2.899550e-01 1.527e-02
0.700000 14.200000 3.0288168439e-01 6.3567437089e-02 3.094804e-01 1.537e-02
0.700000 14.300000 3.1754710251e-01 1.0247632022e-01 3.336728e-01 1.548e-02
0.700000 14.400000 3.3015530932e-01 1.3546578390e-01 3.568662e-01 1.559e-02
0.700000 14.500000 3.3925348643e-01 1.6525181760e-01 3.773607e-01 1.570e-02
0.700000 14.600000 3.4499081485e-01 1.9388067580e-01 3.957378e-01 1.580e-02
0.700000 14.700000 3.4759691276e-01 2.2235581407e-01 4.126327e-01 1.591e-02
0.700000 14.800000 3.4673318878e-01 2.5153678296e-01 4.283628e-01 1.602e-02
0.700000 14.900000 3.4172084221e-01 2.8285659378e-01 4.436000e-01 1.613e-02
0.700000 15.000000 3.3214392184e-01 3.1884798458e-01 4.604168e-01 1.623e-02
0.700000 15.100000 3.1910205990e-01 3.6303228867e-01 4.833410e-01 1.634e-02
0.700000 15.200000 3.0596924767e-01 4.1841233174e-01 5.183494e-01 1.645e-02
0.700000 15.300000 2.9743353750e-01 4.8599837842e-01 5.697904e-01 1.656e-02
0.700000 15.400000 2.9814050264e-01 5.6477542541e-01 6.386384e-01 1.666e-02
0.700000 15.500000 3.1208969415e-01 6.5207387246e-01 7.229110e-01 1.677e-02
0.700000 15.600000 3.4193845312e-01 7.4382486034e-01 8.186558e-01 1.688e-02
0.700000 15.700000 3.8843612723e-01 8.3557965059e-01 9.214532e-01 1.699e-02
0.700000 15.800000 4.5104245572e-01 9.2347430538e-01 1.027737e+00 1.709e-02
0.700000 15.900000 5.2854645384e-01 1.0039583740e+00 1.134590e+00 1.720e-02
0.700000 16.000000 6.1852069969e-01 1.0736750221e+00 1.239091e+00 1.731e-02
0.700000 16.100000 7.1709400091e-01 1.1305495959e+00 1.338793e+00 1.742e-02
0.700000 16.200000 8.1996102920e-01 1.1746911547e+00 1.432563e+00 1.752e-02
0.700000 16.300000 9.2360429250e-01 1.2084471297e+00 1.520983e+00 1.763e-02
0.700000 16.400000 1.0266454577e+00 1.2360717639e+00 1.606821e+00 1.774e-02
0.700000 16.500000 1.1313677134e+00 1.2621493897e+00 1.694997e+00 1.785e-02
0.700000 16.600000 1.2435547086e+00 1.2886646263e+00 1.790834e+00 1.795e-02
0.700000 16.700000 1.3700073974e+00 1.3130794074e+00 1.897656e+00 1.806e-02
0.700000 16.800000 1.5157706400e+00 1.3285680211e+00 2.015603e+00 1.817e-02
0.700000 16.900000 1.6821147784e+00 1.3253243021e+00 2.141494e+00 1.828e-02
0.700000 17.000000 1.8650776768e+00 1.2928034706e+00 2.269329e+00 1.838e-02
0.700000 17.100000 2.0556844642e+00 1.2228460898e+00 2.391901e+00 1.849e-02
0.700000 17.200000 2.2421930949e+00 1.1117098183e+00 2.502664e+00 1.860e-02
0.700000 17.300000 2.4123411102e+00 9.6017529502e-01 2.596406e+00 1.871e-02
0.700000 17.400000 2.5547787486e+00 7.7323551192e-01 2.669230e+00 1.881e-02
0.700000 17.500000 2.6607157107e+00 5.5958286286e-01 2.718923e+00 1.892e-02
0.700000 17.600000 2.7252670354e+00 3.2995248670e-01 2.745168e+00 1.903e-02
0.700000 17.700000 2.7474188012e+00 9.5190651708e-02 2.749067e+00 1.914e-02
0.700000 17.800000 2.7293787250e+00 -1.3496080176e-01 2.732713e+00 1.924e-02
0.700000 17.900000 2.6757558906e+00 -3.5290055123e-01 2.698927e+00 1.935e-02
0.700000 18.000000 2.5920423657e+00 -5.5365776836e-01 2.650513e+00 1.946e-02
0.700000 18.100000 2.4834612931e+00 -7.3408511781e-01 2.589684e+00 1.957e-02
0.700000 18.200000 2.3551305428e+00 -8.9222277400e-01 2.518472e+00 1.968e-02
0.700000 18.300000 2.2118475634e+00 -1.0277539686e+00 2.438965e+00 1.978e-02
0.700000 18.400000 2.0567646816e+00 -1.1416226307e+00 2.352357e+00 1.989e-02
0.700000 18.500000 1.8911171816e+00 -1.2342182030e+00 2.258234e+00 2.000e-02
0.700000 18.600000 1.7156027929e+00 -1.3043127622e+00 2.155116e+00 2.011e-02
0.700000 18.700000 1.5315688676e+00 -1.3493320695e+00 2.041176e+00 2.021e-02
0.700000 18.800000 1.3416894523e+00 -1.3657055545e+00 1.914493e+00 2.032e-02
0.700000 18.900000 1.1508700317e+00 -1.3494894172e+00 1.773591e+00 2.043e-02
0.700000 19.000000 9.6673043944e-01 -1.2977591861e+00 1.618254e+00 2.054e-02
0.700000 19.100000 7.9929551450e-01 -1.2100716469e+00 1.450223e+00 2.064e-02
0.700000 19.200000 6.6023560825e-01 -1.0900444645e+00 1.274405e+00 2.075e-02
0.700000 19.300000 5.6068333403e-01 -9.4707146882e-01 1.100595e+00 2.086e-02
0.700000 19.400000 5.0738715485e-01 -7.9609852133e-01 9.440416e-01 2.097e-02
0.700000 19.500000 4.9984831239e-01 -6.5442846548e-01 8.234834e-01 2.107e-02
0.700000 19.600000 5.3021859554e-01 -5.3778978805e-01 7.552149e-01 2.118e-02
0.700000 19.700000 5.8482308206e-01 -4.5739391717e-01 7.424468e-01 2.129e-02
0.700000 19.800000 6.4658640797e-01 -4.1778704386e-01 7.698182e-01 2.140e-02
0.700000 19.900000 6.9837883966e-01 -4.1608059621e-01 8.129305e-01 2.150e-02
0.700000 20.000000 7.2592741064e-01 -4.4294761595e-01 8.503959e-01 2.161e-02
0.700000 20.100000 7.1975669008e-01 -4.8398660931e-01 8.673481e-01 2.172e-02
0.700000 20.200000 6.7748512116e-01 -5.2143730383e-01 8.549169e-01 2.183e-02
0.700000 20.300000 6.0574443570e-01 -5.3806328288e-01 8.102089e-01 2.193e-02
0.700000 20.400000 5.1897944713e-01 -5.2240005304e-01 7.363705e-01 2.204e-02
0.700000 20.500000 4.3495617330e-01 -4.7221911776e-01 6.420107e-01 2.215e-02
0.700000 20.600000 3.6913172493e-01 -3.9474679099e-01 5.404473e-01 2.226e-02
0.700000 20.700000 3.2968224599e-01 -3.0356334059e-01 4.481530e-01 2.236e-02
0.700000 20.800000 3.1546398747e-01 -2.1270995050e-01 3.804774e-01 2.247e-02
0.700000 20.900000 3.1861132773e-01 -1.3109798680e-01 3.445285e-01 2.258e-02
0.700000 21.000000 3.2956826636e-01 -6.0652129840e-02 3.351029e-01 2.269e-02
0.700000 21.100000 3.4100736873e-01 2.3516312414e-03 3.410155e-01 2.279e-02
0.700000 21.200000 3.5012350528e-01 6.4896411203e-02 3.560871e-01 2.290e-02
0.700000 21.300000 3.5964883482e-01 1.3402382980e-01 3.838094e-01 2.301e-02
0.700000 21.400000 3.7667668825e-01 2.1349762791e-01 4.329741e-01 2.312e-02
0.700000 21.500000 4.0991027034e-01 3.0218376503e-01 5.092558e-01 2.323e-02
0.700000 21.600000 4.6715017198e-01 3.9401371618e-01 6.111269e-01 2.333e-02
0.700000 21.700000 5.5288719245e-01 4.7857035758e-01 7.312413e-01 2.344e-02
0.700000 21.800000 6.6587120686e-01 5.4321524698e-01 8.593412e-01 2.355e-02
0.700000 21.900000 7.9860484461e-01 5.7676725558e-01 9.851041e-01 2.366e-02
0.700000 22.000000 9.3928805456e-01 5.7234566608e-01 1.099928e+00 2.376e-02
0.700000 22.100000 1.0743262486e+00 5.2841069106e-01 1.197245e+00 2.387e-02
0.700000 22.200000 1.1906994762e+00 4.4887951595e-01 1.272501e+00 2.398e-02
0.700000 22.300000 1.2783025533e+00 3.4208349486e-01 1.323283e+00 2.409e-02
0.700000 22.400000 1.3310172859e+00 2.1860633885e-01 1.348850e+00 2.419e-02
0.700000 22.500000 1.3463332051e+00 8.9744722795e-02 1.349321e+00 2.430e-02
0.700000 22.600000 1.3251917494e+00 -3.3121586490e-02 1.325606e+00 2.441e-02
0.700000 22.700000 1.2721062420e+00 -1.3961936608e-01 1.279745e+00 2.452e-02
0.700000 22.800000 1.1944586767e+00 -2.2157924073e-01 1.214837e+00 2.462e-02
0.700000 22.900000 1.1016656321e+00 -2.7349915260e-01 1.135107e+00 2.473e-02
0.700000 23.000000 1.0046797801e+00 -2.9323170420e-01 1.046597e+00 2.484e-02
0.700000 23.100000 9.1455775119e-01 -2.8292074840e-01 9.573192e-01 2.495e-02
0.700000 23.200000 8.4036593543e-01 -2.4859714151e-01 8.763649e-01 2.505e-02
0.700000 23.300000 7.8809785179e-01 -1.9878735327e-01 8.127820e-01 2.516e-02
0.700000 23.400000 7.6016085219e-01 -1.4348790392e-01 7.735847e-01 2.527e-02
0.700000 23.500000 7.5462626376e-01 -9.2690820072e-02 7.602976e-01 2.538e-02
0.700000 23.600000 7.6568701828e-01 -5.4028455028e-02 7.675908e-01 2.548e-02
0.700000 23.700000 7.8577273292e-01 -3.1492660796e-02 7.864036e-01 2.559e-02
0.700000 23.800000 8.0735045720e-01 -2.5908643480e-02 8.077661e-01 2.570e-02
0.700000 23.900000 8.2366383505e-01 -3.5700917154e-02 8.244372e-01 2.581e-02
0.700000 24.000000 8.2911960825e-01 -5.7495652068e-02 8.311107e-01 2.592e-02
0.700000 24.100000 8.1923013331e-01 -8.6543777150e-02 8.237887e-01 2.602e-02
0.700000 24.200000 7.9076118572e-01 -1.1624961058e-01 7.992604e-01 2.613e-02
0.700000 24.300000 7.4347597778e-01 -1.3801733190e-01 7.561781e-01 2.624e-02
0.700000 24.400000 6.8190431133e-01 -1.4359111486e-01 6.968586e-01 2.635e-02
0.700000 24.500000 6.1419408432e-01 -1.2843313141e-01 6.274786e-01 2.645e-02
0.700000 24.600000 5.4880920967e-01 -9.2843463347e-02 5.566071e-01 2.656e-02
0.700000 24.700000 4.9192281705e-01 -4.0623171330e-02 4.935973e-01 2.667e-02
0.700000 24.800000 4.4636822227e-01 2.3106729779e-02 4.469659e-01 2.678e-02
0.700000 24.900000 4.1206473105e-01 9.4096298544e-02 4.226718e-01 2.688e-02
0.700000 25.000000 3.8769064049e-01 1.7006562046e-01 4.233513e-01 2.699e-02
0.700000 25.100000 3.7196795058e-01 2.5027759423e-01 4.483292e-01 2.710e-02
0.700000 25.200000 3.6389412704e-01 3.3531590521e-01 4.948290e-01 2.721e-02
0.700000 25.300000 3.6379043733e-01 4.2748564298e-01 5.613265e-01 2.731e-02
0.700000 25.400000 3.7527123793e-01 5.2951553807e-01 6.490109e-01 2.742e-02
0.700000 25.500000 4.0527634490e-01 6.4135064108e-01 7.586696e-01 2.753e-02
0.700000 25.600000 4.6134398405e-01 7.5793989289e-01 8.873056e-01 2.764e-02
0.700000 25.700000 5.4816000746e-01 8.6947900096e-01 1.027849e+00 2.774e-02
0.700000 25.800000 6.6479690276e-01 9.6368279291e-01 1.170743e+00 2.785e-02
0.700000 25.900000 8.0379739761e-01 1.0297539688e+00 1.306324e+00 2.796e-02
0.700000 26.000000 9.5349527228e-01 1.0621925408e+00 1.427377e+00 2.807e-02
0.700000 26.100000 1.1021854572e+00 1.0616068162e+00 1.530301e+00 2.818e-02
0.700000 26.200000 1.2409436434e+00 1.0327794733e+00 1.614489e+00 2.828e-02
0.700000 26.300000 1.3644517581e+00 9.8234955472e-01 1.681291e+00 2.839e-02
0.700000 26.400000 1.4707573290e+00 9.1678629314e-01 1.733097e+00 2.850e-02
0.700000 26.500000 1.5598590671e+00 8.4093223863e-01 1.772097e+00 2.861e-02
0.700000 26.600000 1.6319093255e+00 7.5825008895e-01 1.799464e+00 2.871e-02
0.700000 26.700000 1.6868264458e+00 6.7207592036e-01 1.815783e+00 2.882e-02
0.700000 26.800000 1.7249093601e+00 5.8606663800e-01 1.821754e+00 2.893e-02
0.700000 26.900000 1.7471498289e+00 5.0414545708e-01 1.818432e+00 2.904e-02
0.700000 27.000000 1.7557818557e+00 4.3052600690e-01 1.807795e+00 2.914e-02
0.700000 27.100000 1.7550130036e+00 3.6878005336e-01 1.793340e+00 2.925e-02
0.700000 27.200000 1.7503710896e+00 3.2037516504e-01 1.779449e+00 2.936e-02
0.700000 27.300000 1.7472021238e+00 2.8456750622e-01 1.770224e+00 2.947e-02
0.700000 27.400000 1.7501699343e+00 2.5910522565e-01 1.769246e+00 2.957e-02
0.700000 27.500000 1.7631098079e+00 2.4021925769e-01 1.779399e+00 2.968e-02
0.700000 27.600000 1.7881095721e+00 2.2280785880e-01 1.801938e+00 2.979e-02
0.700000 27.700000 1.8249883496e+00 2.0168756902e-01 1.836099e+00 2.990e-02
0.700000 27.800000 1.8719628428e+00 1.7273646771e-01 1.879916e+00 3.000e-02
0.700000 27.900000 1.9267720244e+00 1.3323810960e-01 1.931373e+00 3.011e-02
0.700000 28.000000 1.9879704163e+00 8.1286812274e-02 1.989632e+00 3.022e-02
0.700000 28.100000 2.0552223578e+00 1.3604340871e-02 2.055267e+00 3.033e-02
0.700000 28.200000 2.1264247263e+00 -7.6324106315e-02 2.127794e+00 3.044e-02
0.700000 28.300000 2.1935092411e+00 -1.9578401263e-01 2.202229e+00 3.054e-02
0.700000 28.400000 2.2424482836e+00 -3.4670376428e-01 2.269092e+00 3.065e-02
0.700000 28.500000 2.2589353819e+00 -5.2171654868e-01 2.318400e+00 3.076e-02
0.700000 28.600000 2.2353860676e+00 -7.0614478766e-01 2.344268e+00 3.087e-02
0.700000 28.700000 2.1743791712e+00 -8.8476312263e-01 2.347495e+00 3.097e-02
0.700000 28.800000 2.0858238950e+00 -1.0493986114e+00 2.334930e+00 3.108e-02
0.700000 28.900000 1.9787530728e+00 -1.2017627846e+00 2.315102e+00 3.119e-02
0.700000 29.000000 1.8539564974e+00 -1.3484123023e+00 2.292459e+00 3.130e-02
0.700000 29.100000 1.7037346201e+00 -1.4921599027e+00 2.264785e+00 3.140e-02
0.700000 29.200000 1.5177621349e+00 -1.6270996142e+00 2.225097e+00 3.151e-02
0.700000 29.300000 1.2895877435e+00 -1.7391649039e+00 2.165117e+00 3.162e-02
0.700000 29.400000 1.0207519835e+00 -1.8099270616e+00 2.077925e+00 3.173e-02
0.700000 29.500000 7.2188269191e-01 -1.8215574516e+00 1.959384e+00 3.183e-02
0.700000 29.600000 4.1090815845e-01 -1.7608554068e+00 1.808164e+00 3.194e-02
0.700000 29.700000 1.1048492720e-01 -1.6209252301e+00 1.624686e+00 3.205e-02
0.700000 29.800000 -1.5334142593e-01 -1.4020317295e+00 1.410392e+00 3.216e-02
0.700000 29.900000 -3.5224439336e-01 -1.1137648207e+00 1.168139e+00 3.226e-02
0.700000 30.000000 -4.5878154473e-01 -7.7843146354e-01 9.035685e-01 3.237e-02
0.700000 30.100000 -4.5368534409e-01 -4.3376656971e-01 6.276813e-01 3.248e-02
0.700000 30.200000 -3.3790018982e-01 -1.2982904560e-01 3.619836e-01 3.259e-02
0.700000 30.300000 -1.4248730750e-01 8.6148337260e-02 1.665058e-01 3.270e-02
0.700000 30.400000 7.6957965274e-02 1.9249579652e-01 2.073093e-01 3.280e-02
0.700000 30.500000 2.6431417462e-01 2.0536704608e-01 3.347202e-01 3.291e-02
0.700000 30.600000 3.8873171372e-01 1.6799554104e-01 4.234795e-01 3.302e-02
0.700000 30.700000 4.5300467834e-01 1.2557853461e-01 4.700885e-01 3.313e-02
0.700000 30.800000 4.8226076593e-01 1.0483746463e-01 4.935244e-01 3.323e-02
0.700000 30.900000 5.0505179918e-01 1.0876827642e-01 5.166313e-01 3.334e-02
0.700000 31.000000 5.3934798219e-01 1.2425587742e-01 5.534761e-01 3.345e-02
0.700000 31.100000 5.8857662147e-01 1.3389718224e-01 6.036149e-01 3.356e-02
0.700000 31.200000 6.4507719684e-01 1.2453400741e-01 6.569881e-01 3.366e-02
0.700000 31.300000 6.9546016762e-01 9.0888568670e-02 7.013741e-01 3.377e-02
0.700000 31.400000 7.2551519409e-01 3.6503227114e-02 7.264329e-01 3.388e-02
0.700000 31.500000 7.2494596042e-01 -2.7320696793e-02 7.254606e-01 3.399e-02
0.700000 31.600000 6.9089525049e-01 -8.4978940354e-02 6.961018e-01 3.409e-02
0.700000 31.700000 6.2897231753e-01 -1.2111719285e-01 6.405276e-01 3.420e-02
0.700000 31.800000 5.5210145641e-01 -1.2497192829e-01 5.660689e-01 3.431e-02
0.700000 31.900000 4.7711504979e-01 -9.3986603827e-02 4.862841e-01 3.442e-02
0.700000 32.000000 4.1917772383e-01 -3.4732013848e-02 4.206142e-01 3.452e-02
0.700000 32.100000 3.8702652238e-01 4.0319051357e-02 3.891210e-01 3.463e-02
0.700000 32.200000 3.8194912921e-01 1.1768252372e-01 3.996678e-01 3.474e-02
0.700000 32.300000 3.9947243854e-01 1.8619916631e-01 4.407362e-01 3.485e-02
0.700000 32.400000 4.3155356520e-01 2.3858913756e-01 4.931159e-01 3.496e-02
0.700000 32.500000 4.6868272969e-01 2.7189787558e-01 5.418413e-01 3.506e-02
0.700000 32.600000 5.0138746077e-01 2.8710692004e-01 5.777714e-01 3.517e-02
0.700000 32.700000 5.2107485265e-01 2.8902480367e-01 5.958644e-01 3.528e-02
0.700000 32.800000 5.2172497407e-01 2.8654465226e-01 5.952351e-01 3.539e-02
0.700000 32.900000 5.0249478672e-01 2.9124817043e-01 5.807982e-01 3.549e-02
0.700000 33.000000 4.6881855502e-01 3.1397504645e-01 5.642439e-01 3.560e-02
0.700000 33.100000 4.3103137226e-01 3.6151176453e-01 5.625645e-01 3.571e-02
0.700000 33.200000 4.0155675905e-01 4.3462197939e-01 5.917297e-01 3.582e-02
0.700000 33.300000 3.9121279504e-01 5.2784465202e-01 6.570140e-01 3.592e-02
0.700000 33.400000 4.0603315954e-01 6.3201456342e-01 7.512026e-01 3.603e-02
0.700000 33.500000 4.4717605523e-01 7.3813342113e-01 8.630222e-01 3.614e-02
0.700000 33.600000 5.1334023943e-01 8.3909726728e-01 9.836678e-01 3.625e-02
0.700000 33.700000 6.0225712961e-01 9.2898446974e-01 1.107125e+00 3.635e-02
0.700000 33.800000 7.1054772737e-01 1.0026018138e+00 1.228857e+00 3.646e-02
0.700000 33.900000 8.3376194360e-01 1.0558818386e+00 1.345379e+00 3.657e-02
0.700000 34.000000 9.6682069374e-01 1.0860257206e+00 1.454027e+00 3.668e-02
0.700000 34.100000 1.1042960012e+00 1.0915032632e+00 1.552691e+00 3.678e-02
0.700000 34.200000 1.2408263958e+00 1.0719651695e+00 1.639744e+00 3.689e-02
0.700000 34.300000 1.3711567723e+00 1.0276586308e+00 1.713521e+00 3.700e-02
0.700000 34.400000 1.4892185270e+00 9.5942797734e-01 1.771517e+00 3.711e-02
0.700000 34.500000 1.5877126690e+00 8.7020537036e-01 1.810549e+00 3.722e-02
0.700000 34.600000 1.6594683728e+00 7.6660227307e-01 1.827981e+00 3.732e-02
0.700000 34.700000 1.6998502547e+00 6.5925518414e-01 1.823214e+00 3.743e-02
0.700000 34.800000 1.7095044816e+00 5.6163820797e-01 1.799401e+00 3.754e-02
0.700000 34.900000 1.6964077459e+00 4.8660121611e-01 1.764817e+00 3.765e-02
0.700000 35.000000 1.6747030591e+00 4.4156302717e-01 1.731938e+00 3.775e-02
0.700000 35.100000 1.6602804883e+00 4.2611830881e-01 1.714091e+00 3.786e-02
0.700000 35.200000 1.6670315265e+00 4.3325324009e-01 1.722412e+00 3.797e-02
0.700000 35.300000 1.7055158120e+00 4.5087480033e-01 1.764107e+00 3.808e-02
0.700000 35.400000 1.7813929712e+00 4.6210359836e-01 1.840353e+00 3.818e-02
0.700000 35.500000 1.8923286317e+00 4.4674061517e-01 1.944347e+00 3.829e-02
0.700000 35.600000 2.0254756549e+00 3.8552225467e-01 2.061839e+00 3.840e-02
0.700000 35.700000 2.1577743336e+00 2.6633063630e-01 2.174149e+00 3.851e-02
0.700000 35.800000 2.2605913117e+00 9.0352047978e-02 2.262396e+00 3.861e-02
0.700000 35.900000 2.3086963133e+00 -1.2555941046e-01 2.312108e+00 3.872e-02
0.700000 36.000000 2.2894898960e+00 -3.5351251498e-01 2.316621e+00 3.883e-02
0.700000 36.100000 2.2068828522e+00 -5.6433385118e-01 2.277895e+00 3.894e-02
0.700000 36.200000 2.0781974696e+00 -7.3717197328e-01 2.205069e+00 3.905e-02
0.700000 36.300000 1.9261255328e+00 -8.6499513014e-01 2.111439e+00 3.915e-02
0.700000 36.400000 1.7690780520e+00 -9.5372650326e-01 2.009784e+00 3.926e-02
0.700000 36.500000 1.6149331499e+00 -1.0150622391e+00 1.907449e+00 3.937e-02
0.700000 36.600000 1.4620136842e+00 -1.0577278035e+00 1.804514e+00 3.948e-02
0.700000 36.700000 1.3052256405e+00 -1.0831382991e+00 1.696114e+00 3.958e-02
0.700000 36.800000 1.1420180141e+00 -1.0865544264e+00 1.576327e+00 3.969e-02
0.700000 36.900000 9.7531095514e-01 -1.0610438535e+00 1.441196e+00 3.980e-02
0.700000 37.000000 8.1311032277e-01 -1.0016533285e+00 1.290139e+00 3.991e-02
0.700000 37.100000 6.6586977990e-01 -9.0760879490e-01 1.125671e+00 4.001e-02
0.700000 37.200000 5.4432938760e-01 -7.8208796080e-01 9.528673e-01 4.012e-02
0.700000 37.300000 4.5898479706e-01 -6.3218869760e-01 7.812359e-01 4.023e-02
0.700000 37.400000 4.1846491826e-01 -4.7030619950e-01 6.295243e-01 4.034e-02
0.700000 37.500000 4.2540179175e-01 -3.1372268205e-01 5.285722e-01 4.044e-02
0.700000 37.600000 4.7316689083e-01 -1.8014304184e-01 5.062987e-01 4.055e-02
0.700000 37.700000 5.4683218325e-01 -8.1582364634e-02 5.528844e-01 4.066e-02
0.700000 37.800000 6.2817604730e-01 -2.0203911836e-02 6.285009e-01 4.077e-02
0.700000 37.900000 7.0259966613e-01 1.1555695572e-02 7.026947e-01 4.087e-02
0.700000 38.000000 7.6425854119e-01 2.5768554318e-02 7.646928e-01 4.098e-02
0.700000 38.100000 8.1550866586e-01 3.1735573432e-02 8.161259e-01 4.109e-02
0.700000 38.200000 8.6138438159e-01 3.2232302120e-02 8.619872e-01 4.120e-02
0.700000 38.300000 9.0419060794e-01 2.5167047916e-02 9.045408e-01 4.131e-02
0.700000 38.400000 9.4154772111e-01 7.8416283126e-03 9.415804e-01 4.141e-02
0.700000 38.500000 9.6786009327e-01 -1.9150529078e-02 9.680495e-01 4.152e-02
0.700000 38.600000 9.7807067241e-01 -5.0356284723e-02 9.793661e-01 4.163e-02
0.700000 38.700000 9.7115584191e-01 -7.7308050066e-02 9.742280e-01 4.174e-02
0.700000 38.800000 9.5073767017e-01 -9.1825600600e-02 9.551618e-01 4.184e-02
0.700000 38.900000 9.2384822488e-01 -8.7773771313e-02 9.280085e-01 4.195e-02
0.700000 39.000000 9.0037181039e-01 -6.1835944597e-02 9.024927e-01 4.206e-02
0.700000 39.100000 8.9247134177e-01 -1.5233368998e-02 8.926013e-01 4.217e-02
0.700000 39.200000 9.1232665871e-01 4.4547831345e-02 9.134136e-01 4.227e-02
0.700000 39.300000 9.6890969756e-01 1.0353233306e-01 9.744254e-01 4.238e-02
0.700000 39.400000 1.0646191255e+00 1.4241216964e-01 1.074102e+00 4.249e-02
0.700000 39.500000 1.1919014993e+00 1.3963278538e-01 1.200053e+00 4.260e-02
0.700000 39.600000 1.3316951833e+00 7.6976828348e-02 1.333918e+00 4.270e-02
0.700000 39.700000 1.4554443803e+00 -5.4321162037e-02 1.456458e+00 4.281e-02
0.700000 39.800000 1.5298769364e+00 -2.4899360161e-01 1.550007e+00 4.292e-02
0.700000 39.900000 1.5238980656e+00 -4.8503449134e-01 1.599226e+00 4.303e-02
0.700000 40.000000 1.4177543698e+00 -7.2452894508e-01 1.592159e+00 4.314e-02
0.700000 40.100000 1.2117416128e+00 -9.2042660441e-01 1.521678e+00 4.324e-02
0.700000 40.200000 9.3004641413e-01 -1.0280528984e+00 1.386319e+00 4.335e-02
0.700000 40.300000 6.1799835906e-01 -1.0176593447e+00 1.190610e+00 4.346e-02
0.700000 40.400000 3.3272593844e-01 -8.8502650572e-01 9.455043e-01 4.357e-02
0.700000 40.500000 1.2766698652e-01 -6.5619610101e-01 6.684999e-01 4.367e-02
0.700000 40.600000 3.5272796814e-02 -3.8171393909e-01 3.833402e-01 4.378e-02
0.700000 40.700000 5.5998129752e-02 -1.2046337380e-01 1.328428e-01 4.389e-02
0.700000 40.800000 1.5953802638e-01 8.0527780594e-02 1.787096e-01 4.400e-02
0.700000 40.900000 2.9856655528e-01 2.0140229579e-01 3.601456e-01 4.410e-02
0.700000 41.000000 4.2907033363e-01 2.5231690970e-01 4.977602e-01 4.421e-02
0.700000 41.100000 5.2657843694e-01 2.6239789053e-01 5.883345e-01 4.432e-02
0.700000 41.200000 5.9003575311e-01 2.6258269248e-01 6.458265e-01 4.443e-02
0.700000 41.300000 6.3467222438e-01 2.7270704607e-01 6.907807e-01 4.453e-02
0.700000 41.400000 6.8097295588e-01 2.9679150467e-01 7.428387e-01 4.464e-02
0.700000 41.500000 7.4477085841e-01 3.2506411250e-01 8.126194e-01 4.475e-02
0.700000 41.600000 8.3112072603e-01 3.4054354850e-01 8.981824e-01 4.486e-02
0.700000 41.700000 9.3366375101e-01 3.2686320830e-01 9.892257e-01 4.497e-02
0.700000 41.800000 1.0380467388e+00 2.7353631098e-01 1.073482e+00 4.507e-02
0.700000 41.900000 1.1260851830e+00 1.7803157550e-01 1.140072e+00 4.518e-02
0.700000 42.000000 1.1794209956e+00 4.6143819838e-02 1.180323e+00 4.529e-02
0.700000 42.100000 1.1826473850e+00 -1.0876982475e-01 1.187639e+00 4.540e-02
0.700000 42.200000 1.1256843305e+00 -2.6697654070e-01 1.156910e+00 4.550e-02
0.700000 42.300000 1.0066960364e+00 -4.0354247074e-01 1.084566e+00 4.561e-02
0.700000 42.400000 8.3620436523e-01 -4.9197148604e-01 9.701926e-01 4.572e-02
0.700000 42.500000 6.3862546658e-01 -5.1219619653e-01 8.186498e-01 4.583e-02
0.700000 42.600000 4.4711733752e-01 -4.5921757287e-01 6.409327e-01 4.593e-02
0.700000 42.700000 2.9308276881e-01 -3.4666536769e-01 4.539542e-01 4.604e-02
0.700000 42.800000 1.9507378584e-01 -2.0295453580e-01 2.815037e-01 4.615e-02
0.700000 42.900000 1.5185299226e-01 -6.0774070862e-02 1.635629e-01 4.626e-02
0.700000 43.000000 1.4393716025e-01 5.6283756547e-02 1.545502e-01 4.636e-02
0.700000 43.100000 1.4392639534e-01 1.4265514537e-01 2.026457e-01 4.647e-02
0.700000 43.200000 1.2931664622e-01 2.1039409252e-01 2.469584e-01 4.658e-02
0.700000 43.300000 9.0973392160e-02 2.8168351121e-01 2.960097e-01 4.669e-02
0.700000 43.400000 3.5502443010e-02 3.7910689350e-01 3.807656e-01 4.679e-02
0.700000 43.500000 -1.7905761617e-02 5.1666222405e-01 5.169724e-01 4.690e-02
0.700000 43.600000 -4.5215254364e-02 6.9437249372e-01 6.958431e-01 4.701e-02
0.700000 43.700000 -2.6572563417e-02 8.9876845862e-01 8.991612e-01 4.712e-02
0.700000 43.800000 4.7244857471e-02 1.1081648050e+00 1.109171e+00 4.723e-02
0.700000 43.900000 1.7241184216e-01 1.3002126831e+00 1.311594e+00 4.733e-02
0.700000 44.000000 3.3437737107e-01 1.4598007168e+00 1.497607e+00 4.744e-02
0.700000 44.100000 5.1514897653e-01 1.5839813052e+00 1.665646e+00 4.755e-02
0.700000 44.200000 7.0214633251e-01 1.6804645781e+00 1.821255e+00 4.766e-02
0.700000 44.300000 8.9324073298e-01 1.7605826034e+00 1.974216e+00 4.776e-02
0.700000 44.400000 1.0956036589e+00 1.8312649050e+00 2.133982e+00 4.787e-02
0.700000 44.500000 1.3197099186e+00 1.8903019294e+00 2.305401e+00 4.798e-02
0.700000 44.600000 1.5722417053e+00 1.9272788833e+00 2.487237e+00 4.809e-02
0.700000 44.700000 1.8526912788e+00 1.9287849549e+00 2.674449e+00 4.819e-02
0.700000 44.800000 2.1548695662e+00 1.8826777177e+00 2.861457e+00 4.830e-02
0.700000 44.900000 2.4690383708e+00 1.7786194889e+00 3.042965e+00 4.841e-02
0.700000 45.000000 2.7815534222e+00 1.6079723620e+00 3.212883e+00 4.852e-02
0.700000 45.100000 3.0742494832e+00 1.3658303596e+00 3.364001e+00 4.862e-02
0.700000 45.200000 3.3258830450e+00 1.0536137727e+00 3.488782e+00 4.873e-02
0.700000 45.300000 3.5148161509e+00 6.8052145264e-01 3.580090e+00 4.884e-02
0.700000 45.400000 3.6222505884e+00 2.6394894489e-01 3.631855e+00 4.895e-02
0.700000 45.500000 3.6359496732e+00 -1.7167334938e-01 3.640000e+00 4.906e-02
0.700000 45.600000 3.5531560150e+00 -5.9802806411e-01 3.603131e+00 4.916e-02
0.700000 45.700000 3.3818810663e+00 -9.8702308214e-01 3.522972e+00 4.927e-02
0.700000 45.800000 3.1407352290e+00 -1.3155932333e+00 3.405144e+00 4.938e-02
0.700000 45.900000 2.8559885394e+00 -1.5711331879e+00 3.259621e+00 4.949e-02
0.700000 46.000000 2.5546997749e+00 -1.7548170438e+00 3.099334e+00 4.959e-02
0.700000 46.100000 2.2563896721e+00 -1.8795865951e+00 2.936689e+00 4.970e-02
0.700000 46.200000 1.9675336516e+00 -1.9628754459e+00 2.779221e+00 4.981e-02
0.700000 46.300000 1.6819839938e+00 -2.0168009175e+00 2.626129e+00 4.992e-02
0.700000 46.400000 1.3886278645e+00 -2.0405429639e+00 2.468219e+00 5.002e-02
0.700000 46.500000 1.0830623203e+00 -2.0207354755e+00 2.292683e+00 5.013e-02
0.700000 46.600000 7.7507050911e-01 -1.9407450963e+00 2.089791e+00 5.024e-02
0.700000 46.700000 4.8665886814e-01 -1.7917274239e+00 1.856643e+00 5.035e-02
0.700000 46.800000 2.4400252957e-01 -1.5781111762e+00 1.596863e+00 5.045e-02
0.700000 46.900000 6.9533585234e-02 -1.3168364560e+00 1.318671e+00 5.056e-02
0.700000 47.000000 -2.3047043239e-02 -1.0334226513e+00 1.033680e+00 5.067e-02
0.700000 47.100000 -3.0973515901e-02 -7.5745018310e-01 7.580832e-01 5.078e-02
0.700000 47.200000 3.6620155319e-02 -5.1855560428e-01 5.198470e-01 5.089e-02
0.700000 47.300000 1.5788589433e-01 -3.4146988052e-01 3.762042e-01 5.099e-02
0.700000 47.400000 3.0033398387e-01 -2.3853957090e-01 3.835383e-01 5.110e-02
0.700000 47.500000 4.2945842459e-01 -2.0360430265e-01 4.752781e-01 5.121e-02
0.700000 47.600000 5.2095009492e-01 -2.1383909798e-01 5.631307e-01 5.132e-02
0.700000 47.700000 5.6838447685e-01 -2.3995548474e-01 6.169599e-01 5.142e-02
0.700000 47.800000 5.8196097388e-01 -2.5837000230e-01 6.367367e-01 5.153e-02
0.700000 47.900000 5.8010598351e-01 -2.5889225362e-01 6.352544e-01 5.164e-02
0.700000 48.000000 5.7896253299e-01 -2.4470407194e-01 6.285521e-01 5.175e-02
0.700000 48.100000 5.8586226574e-01 -2.2565279402e-01 6.278167e-01 5.185e-02
0.700000 48.200000 5.9992122392e-01 -2.1063205124e-01 6.358234e-01 5.196e-02
0.700000 48.300000 6.1646796281e-01 -2.0441387789e-01 6.494750e-01 5.207e-02
0.700000 48.400000 6.3015932592e-01 -2.0832660135e-01 6.637023e-01 5.218e-02
0.700000 48.500000 6.3585885317e-01 -2.2131067888e-01 6.732718e-01 5.228e-02
0.700000 48.600000 6.2894270675e-01 -2.4013451181e-01 6.732262e-01 5.239e-02
0.700000 48.700000 6.0604071453e-01 -2.5916083246e-01 6.591280e-01 5.250e-02
0.700000 48.800000 5.6674116248e-01 -2.7058423950e-01 6.280218e-01 5.261e-02
0.700000 48.900000 5.1529028878e-01 -2.6664742258e-01 5.801939e-01 5.272e-02
0.700000 49.000000 4.5969666010e-01 -2.4306170213e-01 5.200000e-01 5.282e-02
0.700000 49.100000 4.0837047855e-01 -2.0025652415e-01 4.548287e-01 5.293e-02
0.700000 49.200000 3.6774187931e-01 -1.4175050862e-01 3.941158e-01 5.304e-02
0.700000 49.300000 3.4209943875e-01 -7.2421185749e-02 3.496811e-01 5.315e-02
0.700000 49.400000 3.3388850013e-01 2.1481885747e-03 3.338954e-01 5.325e-02
0.700000 49.500000 3.4384092194e-01 7.6071702192e-02 3.521555e-01 5.336e-02
0.700000 49.600000 3.7108545853e-01 1.4322081686e-01 3.977645e-01 5.347e-02
0.700000 49.700000 4.1246654625e-01 1.9727103304e-01 4.572139e-01 5.358e-02
0.700000 49.800000 4.6172538503e-01 2.3310255517e-01 5.172303e-01 5.368e-02
0.700000 49.900000 5.1036909983e-01 2.4880017730e-01 5.677835e-01 5.379e-02
0.700000 50.000000 5.4961396620e-01 2.4628537601e-01 6.022724e-01 5.390e-02
0.700000 50.100000 5.7176047159e-01 2.3101031746e-01 6.166651e-01 5.401e-02
0.700000 50.200000 5.7149086806e-01 2.1169416502e-01 6.094393e-01 5.411e-02
0.700000 50.300000 5.4744307026e-01 1.9925039737e-01 5.825759e-01 5.422e-02
0.700000 50.400000 5.0284013716e-01 2.0488369504e-01 5.429784e-01 5.433e-02
0.700000 50.500000 4.4531722546e-01 2.3862983539e-01 5.052243e-01 5.444e-02
0.700000 50.600000 3.8699213758e-01 3.0788943254e-01 4.945289e-01 5.455e-02
0.700000 50.700000 3.4385552302e-01 4.1505999233e-01 5.389911e-01 5.465e-02
0.700000 50.800000 3.3349707304e-01 5.5542370782e-01 6.478548e-01 5.476e-02
0.700000 50.900000 3.7196608755e-01 7.1620060522e-01 8.070329e-01 5.487e-02
0.700000 51.000000 4.6983590196e-01 8.7659444648e-01 9.945670e-01 5.498e-02
0.700000 51.100000 6.2726856828e-01 1.0103332069e+00 1.189218e+00 5.508e-02
0.700000 51.200000 8.3084486038e-01 1.0921899013e+00 1.372291e+00 5.519e-02
0.700000 51.300000 1.0555505407e+00 1.1060710921e+00 1.528915e+00 5.530e-02
0.700000 51.400000 1.2717528649e+00 1.0504040648e+00 1.649456e+00 5.541e-02
0.700000 51.500000 1.4543874469e+00 9.3816829833e-01 1.730723e+00 5.551e-02
0.700000 51.600000 1.5903599059e+00 7.9075621245e-01 1.776102e+00 5.562e-02
0.700000 51.700000 1.6795106492e+00 6.2835934339e-01 1.793207e+00 5.573e-02
0.700000 51.800000 1.7285678448e+00 4.6349442749e-01 1.789630e+00 5.584e-02
0.700000 51.900000 1.7439444363e+00 3.0153181620e-01 1.769820e+00 5.594e-02
0.700000 52.000000 1.7287737020e+00 1.4499850052e-01 1.734844e+00 5.605e-02
0.700000 52.100000 1.6837521841e+00 -3.0518316373e-03 1.683755e+00 5.616e-02
0.700000 52.200000 1.6091459561e+00 -1.3784807160e-01 1.615040e+00 5.627e-02
0.700000 52.300000 1.5063577653e+00 -2.5341583124e-01 1.527525e+00 5.638e-02
0.700000 52.400000 1.3780327264e+00 -3.4351760176e-01 1.420204e+00 5.648e-02
0.700000 52.500000 1.2277154550e+00 -4.0113689692e-01 1.291587e+00 5.659e-02
0.700000 52.600000 1.0616664434e+00 -4.1752359468e-01 1.140816e+00 5.670e-02
0.700000 52.700000 8.9193977870e-01 -3.8432858168e-01 9.712183e-01 5.681e-02
0.700000 52.800000 7.3635001181e-01 -2.9871378855e-01 7.946328e-01 5.691e-02
0.700000 52.900000 6.1392862480e-01 -1.6703024930e-01 6.362448e-01 5.702e-02
0.700000 53.000000 5.3893292437e-01 -4.0860613425e-03 5.389484e-01 5.713e-02
0.700000 53.100000 5.1703244180e-01 1.7146887034e-01 5.447239e-01 5.724e-02
0.700000 53.200000 5.4591656322e-01 3.4287452022e-01 6.446610e-01 5.734e-02
0.700000 53.300000 6.1962728343e-01 4.9795201185e-01 7.949177e-01 5.745e-02
0.700000 53.400000 7.3192830994e-01 6.2705587938e-01 9.638040e-01 5.756e-02
0.700000 53.500000 8.7509929493e-01 7.2031026867e-01 1.133422e+00 5.767e-02
0.700000 53.600000 1.0367600155e+00 7.6883610706e-01 1.290729e+00 5.777e-02
0.700000 53.700000 1.1996425323e+00 7.6925640131e-01 1.425096e+00 5.788e-02
0.700000 53.800000 1.3457665275e+00 7.2741851978e-01 1.529779e+00 5.799e-02
0.700000 53.900000 1.4631313421e+00 6.5795237472e-01 1.604261e+00 5.810e-02
0.700000 54.000000 1.5507636895e+00 5.7825309947e-01 1.655066e+00 5.820e-02
0.700000 54.100000 1.6172829779e+00 4.9995682717e-01 1.692797e+00 5.831e-02
0.700000 54.200000 1.6732618046e+00 4.2486592152e-01 1.726359e+00 5.842e-02
0.700000 54.300000 1.7241660852e+00 3.4832634413e-01 1.759000e+00 5.853e-02
0.700000 54.400000 1.7690745814e+00 2.6557851136e-01 1.788898e+00 5.864e-02
0.700000 54.500000 1.8039517503e+00 1.7575463602e-01 1.812493e+00 5.874e-02
0.700000 54.600000 1.8260010023e+00 8.2010184744e-02 1.827842e+00 5.885e-02
0.700000 54.700000 1.8363221468e+00 -1.1637082665e-02 1.836359e+00 5.896e-02
0.700000 54.800000 1.8386752054e+00 -1.0435384271e-01 1.841634e+00 5.907e-02
0.700000 54.900000 1.8352310424e+00 -1.9948410831e-01 1.846041e+00 5.917e-02
0.700000 55.000000 1.8235467898e+00 -3.0146620798e-01 1.848298e+00 5.928e-02
0.700000 55.100000 1.7972743819e+00 -4.1185720243e-01 1.843861e+00 5.939e-02
0.700000 55.200000 1.7493130922e+00 -5.2748426354e-01 1.827111e+00 5.950e-02
0.700000 55.300000 1.6749738125e+00 -6.4144346343e-01 1.793596e+00 5.960e-02
0.700000 55.400000 1.5729038065e+00 -7.4586869162e-01 1.740789e+00 5.971e-02
0.700000 55.500000 1.4432418345e+00 -8.3336981369e-01 1.666569e+00 5.982e-02
0.700000 55.600000 1.2863799976e+00 -8.9507329500e-01 1.567141e+00 5.993e-02
0.700000 55.700000 1.1058242621e+00 -9.1838268384e-01 1.437454e+00 6.003e-02
0.700000 55.800000 9.1308385309e-01 -8.8915310792e-01 1.274486e+00 6.014e-02
0.700000 55.900000 7.2950436073e-01 -7.9827771362e-01 1.081399e+00 6.025e-02
0.700000 56.000000 5.8240084035e-01 -6.4893021659e-01 8.719525e-01 6.036e-02
0.700000 56.100000 4.9579189544e-01 -4.5994713510e-01 6.762847e-01 6.047e-02
0.700000 56.200000 4.7978720854e-01 -2.6096035022e-01 5.461649e-01 6.057e-02
0.700000 56.300000 5.2689549220e-01 -7.9980551861e-02 5.329313e-01 6.068e-02
0.700000 56.400000 6.1964290753e-01 6.7262668540e-02 6.232829e-01 6.079e-02
0.700000 56.500000 7.4266947191e-01 1.7732137488e-01 7.635449e-01 6.090e-02
0.700000 56.600000 8.8859375886e-01 2.5032058464e-01 9.231789e-01 6.100e-02
0.700000 56.700000 1.0544826373e+00 2.8153948314e-01 1.091420e+00 6.111e-02
0.700000 56.800000 1.2334358062e+00 2.5967694980e-01 1.260475e+00 6.122e-02
0.700000 56.900000 1.4078162311e+00 1.7274685372e-01 1.418375e+00 6.133e-02
0.700000 57.000000 1.5493006357e+00 1.7964162134e-02 1.549405e+00 6.143e-02
0.700000 57.100000 1.6266122878e+00 -1.9075238104e-01 1.637759e+00 6.154e-02
0.700000 57.200000 1.6169070812e+00 -4.2221824507e-01 1.671124e+00 6.165e-02
0.700000 57.300000 1.5156681861e+00 -6.3482520083e-01 1.643245e+00 6.176e-02
0.700000 57.400000 1.3408683891e+00 -7.8879711381e-01 1.555676e+00 6.186e-02
0.700000 57.500000 1.1283221514e+00 -8.5911158412e-01 1.418162e+00 6.197e-02
0.700000 57.600000 9.1992807303e-01 -8.4228760207e-01 1.247283e+00 6.208e-02
0.700000 57.700000 7.5168419216e-01 -7.5451155608e-01 1.065043e+00 6.219e-02
0.700000 57.800000 6.4620694151e-01 -6.2491287246e-01 8.989436e-01 6.230e-02
0.700000 57.900000 6.0937827992e-01 -4.8744771390e-01 7.803507e-01 6.240e-02
0.700000 58.000000 6.3104991864e-01 -3.7212611831e-01 7.325994e-01 6.251e-02
0.700000 58.100000 6.9073075553e-01 -2.9822339797e-01 7.523604e-01 6.262e-02
0.700000 58.200000 7.6539146419e-01 -2.7303637780e-01 8.126333e-01 6.273e-02
0.700000 58.300000 8.3439779982e-01 -2.9523242202e-01 8.850886e-01 6.283e-02
0.700000 58.400000 8.8010000682e-01 -3.5839295760e-01 9.502745e-01 6.294e-02
0.700000 58.500000 8.8650155387e-01 -4.5158610169e-01 9.948945e-01 6.305e-02
0.700000 58.600000 8.3993584485e-01 -5.5691099754e-01 1.007791e+00 6.316e-02
0.700000 58.700000 7.3449555127e-01 -6.4791226151e-01 9.794253e-01 6.326e-02
0.700000 58.800000 5.7947481293e-01 -6.9433799416e-01 9.043762e-01 6.337e-02
0.700000 58.900000 4.0150324485e-01 -6.7324105385e-01 7.838740e-01 6.348e-02
0.700000 59.000000 2.3766695586e-01 -5.7967622965e-01 6.265063e-01 6.359e-02
0.700000 59.100000 1.2266008168e-01 -4.3074858033e-01 4.478726e-01 6.369e-02
0.700000 59.200000 7.5210319466e-02 -2.6069166102e-01 2.713240e-01 6.380e-02
0.700000 59.300000 8.9877451320e-02 -1.0717707183e-01 1.398745e-01 6.391e-02
0.700000 59.400000 1.4074599031e-01 5.6772834259e-03 1.408604e-01 6.402e-02
0.700000 59.500000 1.9672783221e-01 7.6604569562e-02 2.111163e-01 6.413e-02
0.700000 59.600000 2.3807389264e-01 1.2222603509e-01 2.676161e-01 6.423e-02
0.700000 59.700000 2.6302146485e-01 1.6278165190e-01 3.093189e-01 6.434e-02
0.700000 59.800000 2.8221612568e-01 2.0928192545e-01 3.513472e-01 6.445e-02
0.700000 59.900000 3.0679910635e-01 2.5995142045e-01 4.021199e-01 6.456e-02
0.700000 60.000000 3.3955299121e-01 3.0681593594e-01 4.576377e-01 6.466e-02
