# X=3e+07 rho=0.8 C(X)=18 Cmax=300 mode=v
# sigma t Re Im |F| tailbound
0.650000 0.100000 -1.3160127147e+00 -6.1491902762e-01 1.452589e+00 4.437e-03
0.650000 0.150000 -1.1379332111e+00 -8.4253727044e-01 1.415896e+00 4.497e-03
0.650000 0.200000 -9.3468668575e-01 -1.0017299373e+00 1.370074e+00 4.580e-03
0.650000 0.250000 -7.2980845968e-01 -1.0987634839e+00 1.319053e+00 4.684e-03
0.650000 0.300000 -5.3811521720e-01 -1.1463282595e+00 1.266348e+00 4.808e-03
0.650000 0.350000 -3.6669149004e-01 -1.1580216171e+00 1.214692e+00 4.950e-03
0.650000 0.400000 -2.1739812036e-01 -1.1455098977e+00 1.165957e+00 5.109e-03
0.650000 0.450000 -8.9186645963e-02 -1.1177193074e+00 1.121272e+00 5.284e-03
0.650000 0.500000 2.0295210728e-02 -1.0810569204e+00 1.081247e+00 5.471e-03
0.650000 0.550000 1.1374254630e-01 -1.0399584019e+00 1.046160e+00 5.672e-03
0.650000 0.600000 1.9368565193e-01 -9.9741188793e-01 1.016044e+00 5.882e-03
0.650000 0.650000 2.6228150320e-01 -9.5534943778e-01 9.906988e-01 6.103e-03
0.650000 0.700000 3.2129547262e-01 -9.1492443294e-01 9.696997e-01 6.332e-03
0.650000 0.750000 3.7218211890e-01 -8.7673172404e-01 9.524589e-01 6.570e-03
0.650000 0.800000 4.1618278274e-01 -8.4100814730e-01 9.383511e-01 6.814e-03
0.650000 0.850000 4.5438161193e-01 -8.0781062027e-01 9.268337e-01 7.064e-03
0.650000 0.900000 4.8770415730e-01 -7.7714213630e-01 9.174995e-01 7.319e-03
0.650000 0.950000 5.1688574784e-01 -7.4900134972e-01 9.100406e-01 7.580e-03
0.650000 1.000000 5.4245640184e-01 -7.2336315900e-01 9.041644e-01 7.845e-03
0.650000 1.050000 5.6477433839e-01 -7.0013114426e-01 8.995297e-01 8.114e-03
0.650000 1.100000 5.8410286260e-01 -6.7911247830e-01 8.957510e-01 8.386e-03
0.650000 1.150000 6.0069215125e-01 -6.6004371124e-01 8.924622e-01 8.662e-03
0.650000 1.200000 6.1482164055e-01 -6.4265616073e-01 8.893889e-01 8.941e-03
0.650000 1.250000 6.2678428326e-01 -6.2673955182e-01 8.863752e-01 9.222e-03
0.650000 1.300000 6.3683284012e-01 -6.1216252211e-01 8.833454e-01 9.506e-03
0.650000 1.350000 6.4513326258e-01 -5.9883818599e-01 8.802296e-01 9.791e-03
0.650000 1.400000 6.5176366618e-01 -5.8666108091e-01 8.769077e-01 1.008e-02
0.650000 1.450000 6.5676402339e-01 -5.7546159249e-01 8.732096e-01 1.037e-02
0.650000 1.500000 6.6020493830e-01 -5.6501143824e-01 8.689698e-01 1.066e-02
0.650000 1.550000 6.6222947196e-01 -5.5507772729e-01 8.640944e-01 1.095e-02
0.650000 1.600000 6.6304004392e-01 -5.4548876450e-01 8.585919e-01 1.125e-02
0.650000 1.650000 6.6284028824e-01 -5.3616619870e-01 8.525441e-01 1.154e-02
0.650000 1.700000 6.6177287345e-01 -5.2710135563e-01 8.460373e-01 1.184e-02
0.650000 1.750000 6.5989687880e-01 -5.1829241737e-01 8.391013e-01 1.214e-02
0.650000 1.800000 6.5722047911e-01 -5.0968637175e-01 8.316964e-01 1.244e-02
0.650000 1.850000 6.5376582521e-01 -5.0116626874e-01 8.237581e-01 1.274e-02
0.650000 1.900000 6.4962023934e-01 -4.9259258794e-01 8.152631e-01 1.304e-02
0.650000 1.950000 6.4493709614e-01 -4.8386953411e-01 8.062714e-01 1.334e-02
0.650000 2.000000 6.3988463509e-01 -4.7498930965e-01 7.969110e-01 1.364e-02
0.650000 2.050000 6.3457720186e-01 -4.6602226623e-01 7.873150e-01 1.395e-02
0.650000 2.100000 6.2903584130e-01 -4.5705800421e-01 7.775526e-01 1.425e-02
0.650000 2.150000 6.2320515913e-01 -4.4813615809e-01 7.676006e-01 1.455e-02
0.650000 2.200000 6.1701488169e-01 -4.3921244827e-01 7.573737e-01 1.486e-02
0.650000 2.250000 6.1044432251e-01 -4.3018098004e-01 7.467918e-01 1.516e-02
0.650000 2.300000 6.0354690267e-01 -4.2093498182e-01 7.358363e-01 1.547e-02
0.650000 2.350000 5.9642047953e-01 -4.1142223553e-01 7.245589e-01 1.578e-02
0.650000 2.400000 5.8914736411e-01 -4.0165631013e-01 7.130375e-01 1.608e-02
0.650000 2.450000 5.8174886123e-01 -3.9167674299e-01 7.013148e-01 1.639e-02
0.650000 2.500000 5.7418837787e-01 -3.8148792768e-01 6.893659e-01 1.670e-02
0.650000 2.550000 5.6642230424e-01 -3.7102193903e-01 6.771200e-01 1.701e-02
0.650000 2.600000 5.5846350915e-01 -3.6015400250e-01 6.645242e-01 1.732e-02
0.650000 2.650000 5.5041258216e-01 -3.4876238932e-01 6.516051e-01 1.763e-02
0.650000 2.700000 5.4243378903e-01 -3.3679310530e-01 6.384857e-01 1.794e-02
0.650000 2.750000 5.3469085410e-01 -3.2428592309e-01 6.253444e-01 1.825e-02
0.650000 2.800000 5.2728543533e-01 -3.1134486331e-01 6.123443e-01 1.856e-02
0.650000 2.850000 5.2023902179e-01 -2.9807464354e-01 5.995808e-01 1.887e-02
0.650000 2.900000 5.1352835269e-01 -2.8452799745e-01 5.870839e-01 1.918e-02
0.650000 2.950000 5.0714670399e-01 -2.7070065679e-01 5.748710e-01 1.949e-02
0.650000 3.000000 5.0114497479e-01 -2.5657671785e-01 5.630079e-01 1.980e-02
0.650000 3.050000 4.9562049210e-01 -2.4219082497e-01 5.516304e-01 2.011e-02
0.650000 3.100000 4.9065830533e-01 -2.2766053864e-01 5.409019e-01 2.042e-02
0.650000 3.150000 4.8626388680e-01 -2.1316179640e-01 5.309336e-01 2.073e-02
0.650000 3.200000 4.8233373362e-01 -1.9885922353e-01 5.217191e-01 2.105e-02
0.650000 3.250000 4.7868586274e-01 -1.8483439562e-01 5.131315e-01 2.136e-02
0.650000 3.300000 4.7513232560e-01 -1.7105726207e-01 5.049864e-01 2.167e-02
0.650000 3.350000 4.7154805000e-01 -1.5741725077e-01 4.971295e-01 2.198e-02
0.650000 3.400000 4.6789364888e-01 -1.4379081281e-01 4.894898e-01 2.230e-02
0.650000 3.450000 4.6418189464e-01 -1.3009866393e-01 4.820690e-01 2.261e-02
0.650000 3.500000 4.6041610559e-01 -1.1631474810e-01 4.748812e-01 2.292e-02
0.650000 3.550000 4.5654713974e-01 -1.0242362794e-01 4.678952e-01 2.323e-02
0.650000 3.600000 4.5248153226e-01 -8.8359373062e-02 4.610281e-01 2.355e-02
0.650000 3.650000 4.4813671638e-01 -7.3971868316e-02 4.542008e-01 2.386e-02
0.650000 3.700000 4.4350589275e-01 -5.9047120788e-02 4.474193e-01 2.417e-02
0.650000 3.750000 4.3868817346e-01 -4.3370388342e-02 4.408268e-01 2.449e-02
0.650000 3.800000 4.3386374077e-01 -2.6791299970e-02 4.346901e-01 2.480e-02
0.650000 3.850000 4.2923181551e-01 -9.2492749504e-03 4.293315e-01 2.512e-02
0.650000 3.900000 4.2495443678e-01 9.2541110653e-03 4.250552e-01 2.543e-02
0.650000 3.950000 4.2114373627e-01 2.8711709356e-02 4.221213e-01 2.574e-02
0.650000 4.000000 4.1789837097e-01 4.9152136700e-02 4.207790e-01 2.606e-02
0.650000 4.050000 4.1535871385e-01 7.0633224397e-02 4.213216e-01 2.637e-02
0.650000 4.100000 4.1373590711e-01 9.3190123321e-02 4.241012e-01 2.669e-02
0.650000 4.150000 4.1328753435e-01 1.1677468789e-01 4.294682e-01 2.700e-02
0.650000 4.200000 4.1425047752e-01 1.4123149884e-01 4.376640e-01 2.732e-02
0.650000 4.250000 4.1677317110e-01 1.6633258113e-01 4.487387e-01 2.763e-02
0.650000 4.300000 4.2089259628e-01 1.9185319584e-01 4.625562e-01 2.795e-02
0.650000 4.350000 4.2657322057e-01 2.1764231955e-01 4.788871e-01 2.826e-02
0.650000 4.400000 4.3378459609e-01 2.4364358204e-01 4.975251e-01 2.858e-02
0.650000 4.450000 4.4256906231e-01 2.6985432665e-01 5.183519e-01 2.889e-02
0.650000 4.500000 4.5305816156e-01 2.9625045384e-01 5.413188e-01 2.921e-02
0.650000 4.550000 4.6543091022e-01 3.2272564802e-01 5.663725e-01 2.952e-02
0.650000 4.600000 4.7984519016e-01 3.4908152117e-01 5.933880e-01 2.984e-02
0.650000 4.650000 4.9638920731e-01 3.7506896477e-01 6.221567e-01 3.015e-02
0.650000 4.700000 5.1508292398e-01 4.0044594745e-01 6.524319e-01 3.047e-02
0.650000 4.750000 5.3592207306e-01 4.2500736380e-01 6.839910e-01 3.078e-02
0.650000 4.800000 5.5892619800e-01 4.4856462529e-01 7.166650e-01 3.110e-02
0.650000 4.850000 5.8414900586e-01 4.7089058823e-01 7.503119e-01 3.141e-02
0.650000 4.900000 6.1163628667e-01 4.9167224552e-01 7.847551e-01 3.173e-02
0.650000 4.950000 6.4135469553e-01 5.1051032136e-01 8.197296e-01 3.205e-02
0.650000 5.000000 6.7313696305e-01 5.2697361126e-01 8.548769e-01 3.236e-02
0.650000 5.050000 7.0667973911e-01 5.4067839540e-01 8.897918e-01 3.268e-02
0.650000 5.100000 7.4159552725e-01 5.5134577834e-01 9.240920e-01 3.299e-02
0.650000 5.150000 7.7748406272e-01 5.5880474780e-01 9.574676e-01 3.331e-02
0.650000 5.200000 8.1397611163e-01 5.6294593183e-01 9.896794e-01 3.363e-02
0.650000 5.250000 8.5072268824e-01 5.6366479777e-01 1.020513e+00 3.394e-02
0.650000 5.300000 8.8734131553e-01 5.6084005220e-01 1.049722e+00 3.426e-02
0.650000 5.350000 9.2336154543e-01 5.5436848338e-01 1.076996e+00 3.457e-02
0.650000 5.400000 9.5821353153e-01 5.4423846129e-01 1.101984e+00 3.489e-02
0.650000 5.450000 9.9127523354e-01 5.3059769346e-01 1.124349e+00 3.521e-02
0.650000 5.500000 1.0219556616e+00 5.1377467208e-01 1.143835e+00 3.552e-02
0.650000 5.550000 1.0497699178e+00 4.9424421436e-01 1.160299e+00 3.584e-02
0.650000 5.600000 1.0743712245e+00 4.7256338189e-01 1.173708e+00 3.615e-02
0.650000 5.650000 1.0955381342e+00 4.4931949708e-01 1.184100e+00 3.647e-02
0.650000 5.700000 1.1131475161e+00 4.2511635281e-01 1.191563e+00 3.679e-02
0.650000 5.750000 1.1271719769e+00 4.0058974486e-01 1.196239e+00 3.710e-02
0.650000 5.800000 1.1377177907e+00 3.7641497412e-01 1.198370e+00 3.742e-02
0.650000 5.850000 1.1450820078e+00 3.5326864243e-01 1.198337e+00 3.774e-02
0.650000 5.900000 1.1497823139e+00 3.3173685558e-01 1.196682e+00 3.805e-02
0.650000 5.950000 1.1525198212e+00 3.1220218059e-01 1.194057e+00 3.837e-02
0.650000 6.000000 1.1540710346e+00 2.9476437596e-01 1.191120e+00 3.869e-02
0.650000 6.050000 1.1551477637e+00 2.7923805989e-01 1.188419e+00 3.900e-02
0.650000 6.100000 1.1562844560e+00 2.6523024417e-01 1.186314e+00 3.932e-02
0.650000 6.150000 1.1577969710e+00 2.5225757539e-01 1.184959e+00 3.964e-02
0.650000 6.200000 1.1598148331e+00 2.3984504507e-01 1.184355e+00 3.995e-02
0.650000 6.250000 1.1623477320e+00 2.2756623929e-01 1.184415e+00 4.027e-02
0.650000 6.300000 1.1653330524e+00 2.1502716672e-01 1.185005e+00 4.059e-02
0.650000 6.350000 1.1686326033e+00 2.0183320207e-01 1.185934e+00 4.090e-02
0.650000 6.400000 1.1719879554e+00 1.8758724272e-01 1.186906e+00 4.122e-02
0.650000 6.450000 1.1749766268e+00 1.7194231689e-01 1.187491e+00 4.154e-02
0.650000 6.500000 1.1770141217e+00 1.5469160781e-01 1.187136e+00 4.185e-02
0.650000 6.550000 1.1774188632e+00 1.3585084749e-01 1.185230e+00 4.217e-02
0.650000 6.600000 1.1755184814e+00 1.1569054515e-01 1.181198e+00 4.249e-02
0.650000 6.650000 1.1707531205e+00 9.4705264635e-02 1.174577e+00 4.280e-02
0.650000 6.700000 1.1627387138e+00 7.3542382383e-02 1.165062e+00 4.312e-02
0.650000 6.750000 1.1512832438e+00 5.2929008189e-02 1.152499e+00 4.344e-02
0.650000 6.800000 1.1363788314e+00 3.3623225200e-02 1.136876e+00 4.376e-02
0.650000 6.850000 1.1182002292e+00 1.6385912213e-02 1.118320e+00 4.407e-02
0.650000 6.900000 1.0971210169e+00 1.9461316081e-03 1.097123e+00 4.439e-02
0.650000 6.950000 1.0737281282e+00 -9.0646892427e-03 1.073766e+00 4.471e-02
0.650000 7.000000 1.0487980465e+00 -1.6206992262e-02 1.048923e+00 4.502e-02
0.650000 7.050000 1.0232099625e+00 -1.9319764872e-02 1.023392e+00 4.534e-02
0.650000 7.100000 9.9780727279e-01 -1.8550346642e-02 9.979797e-01 4.566e-02
0.650000 7.150000 9.7325559837e-01 -1.4297520088e-02 9.733606e-01 4.598e-02
0.650000 7.200000 9.4995716022e-01 -7.0808245999e-03 9.499835e-01 4.629e-02
0.650000 7.250000 9.2805761838e-01 2.6111943679e-03 9.280613e-01 4.661e-02
0.650000 7.300000 9.0753543032e-01 1.4430001655e-02 9.076501e-01 4.693e-02
0.650000 7.350000 8.8832356354e-01 2.8194722033e-02 8.887709e-01 4.724e-02
0.650000 7.400000 8.7040359243e-01 4.3845341991e-02 8.715072e-01 4.756e-02
0.650000 7.450000 8.5383748793e-01 6.1365556360e-02 8.560398e-01 4.788e-02
0.650000 7.500000 8.3874467478e-01 8.0725734904e-02 8.426205e-01 4.820e-02
0.650000 7.550000 8.2526290127e-01 1.0187076448e-01 8.315266e-01 4.851e-02
0.650000 7.600000 8.1353193448e-01 1.2473970867e-01 8.230396e-01 4.883e-02
0.650000 7.650000 8.0371163044e-01 1.4928132897e-01 8.174578e-01 4.915e-02
0.650000 7.700000 7.9601234378e-01 1.7543673260e-01 8.151158e-01 4.947e-02
0.650000 7.750000 7.9070118138e-01 2.0309090713e-01 8.163665e-01 4.978e-02
0.650000 7.800000 7.8806302309e-01 2.3202512560e-01 8.215102e-01 5.010e-02
0.650000 7.850000 7.8832929390e-01 2.6190894318e-01 8.306981e-01 5.042e-02
0.650000 7.900000 7.9161506869e-01 2.9234757107e-01 8.438729e-01 5.073e-02
0.650000 7.950000 7.9790522619e-01 3.2296323702e-01 8.607892e-01 5.105e-02
0.650000 8.000000 8.0710131674e-01 3.5346401921e-01 8.811069e-01 5.137e-02
0.650000 8.050000 8.1910173864e-01 3.8365913586e-01 9.045010e-01 5.169e-02
0.650000 8.100000 8.3386564298e-01 4.1341326511e-01 9.307215e-01 5.200e-02
0.650000 8.150000 8.5142155003e-01 4.4257186562e-01 9.595773e-01 5.232e-02
0.650000 8.200000 8.7181841918e-01 4.7090783015e-01 9.908691e-01 5.264e-02
0.650000 8.250000 8.9505512449e-01 4.9812436233e-01 1.024330e+00 5.296e-02
0.650000 8.300000 9.2103790917e-01 5.2391006429e-01 1.059619e+00 5.327e-02
0.650000 8.350000 9.4959507857e-01 5.4800640355e-01 1.096377e+00 5.359e-02
0.650000 8.400000 9.8053785974e-01 5.7023955592e-01 1.134296e+00 5.391e-02
0.650000 8.450000 1.0137237340e+00 5.9049375094e-01 1.173166e+00 5.423e-02
0.650000 8.500000 1.0490761484e+00 6.0864445712e-01 1.212852e+00 5.454e-02
0.650000 8.550000 1.0865441466e+00 6.2449872666e-01 1.253227e+00 5.486e-02
0.650000 8.600000 1.1260269901e+00 6.3778678411e-01 1.294105e+00 5.518e-02
0.650000 8.650000 1.1673139740e+00 6.4821550994e-01 1.335217e+00 5.550e-02
0.650000 8.700000 1.2100813248e+00 6.5555340271e-01 1.376244e+00 5.581e-02
0.650000 8.750000 1.2539520032e+00 6.5969549270e-01 1.416896e+00 5.613e-02
0.650000 8.800000 1.2985847951e+00 6.6066930286e-01 1.456985e+00 5.645e-02
0.650000 8.850000 1.3437424218e+00 6.5858010829e-01 1.496453e+00 5.677e-02
0.650000 8.900000 1.3893046422e+00 6.5352995768e-01 1.535340e+00 5.708e-02
0.650000 8.950000 1.4352289867e+00 6.4555621686e-01 1.573730e+00 5.740e-02
0.650000 9.000000 1.4814929311e+00 6.3461572982e-01 1.611694e+00 5.772e-02
0.650000 9.050000 1.5280559315e+00 6.2060565412e-01 1.649274e+00 5.804e-02
0.650000 9.100000 1.5748561817e+00 6.0338741182e-01 1.686490e+00 5.836e-02
0.650000 9.150000 1.6218238075e+00 5.8278359124e-01 1.723354e+00 5.867e-02
0.650000 9.200000 1.6688747444e+00 5.5854598603e-01 1.759863e+00 5.899e-02
0.650000 9.250000 1.7158615520e+00 5.3032483848e-01 1.795947e+00 5.931e-02
0.650000 9.300000 1.7624911874e+00 4.9768028725e-01 1.831410e+00 5.963e-02
0.650000 9.350000 1.8082512922e+00 4.6015708337e-01 1.865882e+00 5.994e-02
0.650000 9.400000 1.8523924311e+00 4.1740490025e-01 1.898838e+00 6.026e-02
0.650000 9.450000 1.8939877747e+00 3.6929506318e-01 1.929655e+00 6.058e-02
0.650000 9.500000 1.9320498270e+00 3.1598227893e-01 1.957718e+00 6.090e-02
0.650000 9.550000 1.9656532653e+00 2.5788952215e-01 1.982498e+00 6.121e-02
0.650000 9.600000 1.9940139198e+00 1.9563665618e-01 2.003588e+00 6.153e-02
0.650000 9.650000 2.0165053906e+00 1.2996091858e-01 2.020689e+00 6.185e-02
0.650000 9.700000 2.0326353937e+00 6.1672513354e-02 2.033571e+00 6.217e-02
0.650000 9.750000 2.0420264340e+00 -8.3442997781e-03 2.042043e+00 6.249e-02
0.650000 9.800000 2.0444354037e+00 -7.9111786643e-02 2.045965e+00 6.280e-02
0.650000 9.850000 2.0398122184e+00 -1.4956452319e-01 2.045288e+00 6.312e-02
0.650000 9.900000 2.0283632208e+00 -2.1860832245e-01 2.040110e+00 6.344e-02
0.650000 9.950000 2.0105747221e+00 -2.8522418001e-01 2.030705e+00 6.376e-02
0.650000 10.000000 1.9871724993e+00 -3.4857795506e-01 2.017514e+00 6.407e-02
0.650000 10.050000 1.9590295500e+00 -4.0809162151e-01 2.001084e+00 6.439e-02
0.650000 10.100000 1.9270613490e+00 -4.6345583914e-01 1.982008e+00 6.471e-02
0.650000 10.150000 1.8921470398e+00 -5.1459854106e-01 1.960875e+00 6.503e-02
0.650000 10.200000 1.8550883592e+00 -5.6164502562e-01 1.938246e+00 6.535e-02
0.650000 10.250000 1.8165861657e+00 -6.0489713908e-01 1.914650e+00 6.566e-02
0.650000 10.300000 1.7772015462e+00 -6.4482910959e-01 1.890569e+00 6.598e-02
0.650000 10.350000 1.7372851150e+00 -6.8206854662e-01 1.866381e+00 6.630e-02
0.650000 10.400000 1.6968930747e+00 -7.1732621985e-01 1.842282e+00 6.662e-02
0.650000 10.450000 1.6557364473e+00 -7.5126389669e-01 1.818203e+00 6.693e-02
0.650000 10.500000 1.6132087434e+00 -7.8433018447e-01 1.793772e+00 6.725e-02
0.650000 10.550000 1.5685046519e+00 -8.1662265680e-01 1.768355e+00 6.757e-02
0.650000 10.600000 1.5207973779e+00 -8.4783019937e-01 1.741161e+00 6.789e-02
0.650000 10.650000 1.4694134805e+00 -8.7727343610e-01 1.711369e+00 6.821e-02
0.650000 10.700000 1.4139498795e+00 -9.0401538446e-01 1.678243e+00 6.852e-02
0.650000 10.750000 1.3543138954e+00 -9.2698768629e-01 1.641180e+00 6.884e-02
0.650000 10.800000 1.2907097087e+00 -9.4508567610e-01 1.599725e+00 6.916e-02
0.650000 10.850000 1.2236158953e+00 -9.5722071720e-01 1.553547e+00 6.948e-02
0.650000 10.900000 1.1537862814e+00 -9.6235528885e-01 1.502448e+00 6.980e-02
0.650000 10.950000 1.0822711078e+00 -9.5955952109e-01 1.446397e+00 7.011e-02
0.650000 11.000000 1.0104236813e+00 -9.4810877011e-01 1.385592e+00 7.043e-02
0.650000 11.050000 9.3985264296e-01 -9.2760472549e-01 1.320520e+00 7.075e-02
0.650000 11.100000 8.7230594357e-01 -8.9807431527e-01 1.251980e+00 7.107e-02
0.650000 11.150000 8.0951195992e-01 -8.6000193313e-01 1.181064e+00 7.138e-02
0.650000 11.200000 7.5302887827e-01 -8.1428128406e-01 1.109102e+00 7.170e-02
0.650000 11.250000 7.0414790069e-01 -7.6211299055e-01 1.037613e+00 7.202e-02
0.650000 11.300000 6.6386299629e-01 -7.0489644193e-01 9.682939e-01 7.234e-02
0.650000 11.350000 6.3288245217e-01 -6.4415498731e-01 9.030370e-01 7.266e-02
0.650000 11.400000 6.1164071795e-01 -5.8150034557e-01 8.439473e-01 7.297e-02
0.650000 11.450000 6.0028333539e-01 -5.1860924047e-01 7.932816e-01 7.329e-02
0.650000 11.500000 5.9863139290e-01 -4.5717613186e-01 7.532394e-01 7.361e-02
0.650000 11.550000 6.0615965037e-01 -3.9882655606e-01 7.255978e-01 7.393e-02
0.650000 11.600000 6.2202339088e-01 -3.4501051653e-01 7.112984e-01 7.425e-02
0.650000 11.650000 6.4514167648e-01 -2.9691857067e-01 7.101890e-01 7.456e-02
0.650000 11.700000 6.7430812172e-01 -2.5545674730e-01 7.210753e-01 7.488e-02
0.650000 11.750000 7.0828091177e-01 -2.2128324888e-01 7.420432e-01 7.520e-02
0.650000 11.800000 7.4581651579e-01 -1.9487240301e-01 7.708551e-01 7.552e-02
0.650000 11.850000 7.8564900164e-01 -1.7655578886e-01 8.052430e-01 7.584e-02
0.650000 11.900000 8.2645398921e-01 -1.6650860563e-01 8.430607e-01 7.615e-02
0.650000 11.950000 8.6684746515e-01 -1.6468980489e-01 8.823533e-01 7.647e-02
0.650000 12.000000 9.0544652710e-01 -1.7078019827e-01 9.214116e-01 7.679e-02
0.650000 12.050000 9.4097657069e-01 -1.8416928567e-01 9.588301e-01 7.711e-02
0.650000 12.100000 9.7237582890e-01 -2.0401397493e-01 9.935474e-01 7.743e-02
0.650000 12.150000 9.9884607848e-01 -2.2934870315e-01 1.024839e+00 7.774e-02
0.650000 12.200000 1.0198291930e+00 -2.5919555337e-01 1.052252e+00 7.806e-02
0.650000 12.250000 1.0349324942e+00 -2.9262490244e-01 1.075507e+00 7.838e-02
0.650000 12.300000 1.0438530664e+00 -3.2874985777e-01 1.094397e+00 7.870e-02
0.650000 12.350000 1.0463453001e+00 -3.6667874507e-01 1.108734e+00 7.902e-02
0.650000 12.400000 1.0422425734e+00 -4.0547194567e-01 1.118337e+00 7.933e-02
0.650000 12.450000 1.0315070332e+00 -4.4413909414e-01 1.123061e+00 7.965e-02
0.650000 12.500000 1.0142661565e+00 -4.8167930023e-01 1.122832e+00 7.997e-02
0.650000 12.550000 9.9081024341e-01 -5.1713546302e-01 1.117647e+00 8.029e-02
0.650000 12.600000 9.6155826528e-01 -5.4962648024e-01 1.107557e+00 8.061e-02
0.650000 12.650000 9.2702517622e-01 -5.7834264728e-01 1.092637e+00 8.092e-02
0.650000 12.700000 8.8782240105e-01 -6.0252312583e-01 1.072969e+00 8.124e-02
0.650000 12.750000 8.4469517173e-01 -6.2145435179e-01 1.048673e+00 8.156e-02
0.650000 12.800000 7.9856590242e-01 -6.3451844707e-01 1.019961e+00 8.188e-02
0.650000 12.850000 7.5053760287e-01 -6.4128627709e-01 9.871954e-01 8.220e-02
0.650000 12.900000 7.0182828919e-01 -6.4161412047e-01 9.509109e-01 8.251e-02
0.650000 12.950000 6.5364690926e-01 -6.3569137634e-01 9.117882e-01 8.283e-02
0.650000 13.000000 6.0705759842e-01 -6.2400886202e-01 8.705780e-01 8.315e-02
0.650000 13.050000 5.6288762377e-01 -6.0725965560e-01 8.280137e-01 8.347e-02
0.650000 13.100000 5.2170901810e-01 -5.8621962182e-01 7.847508e-01 8.379e-02
0.650000 13.150000 4.8388131853e-01 -5.6165984257e-01 7.413521e-01 8.410e-02
0.650000 13.200000 4.4961122670e-01 -5.3431557953e-01 6.983147e-01 8.442e-02
0.650000 13.250000 4.1898487455e-01 -5.0489561038e-01 6.561005e-01 8.474e-02
0.650000 13.300000 3.9195846721e-01 -4.7408991996e-01 6.151363e-01 8.506e-02
0.650000 13.350000 3.6833142570e-01 -4.4254016682e-01 5.757689e-01 8.538e-02
0.650000 13.400000 3.4774539342e-01 -4.1077081067e-01 5.382003e-01 8.569e-02
0.650000 13.450000 3.2973881872e-01 -3.7911514776e-01 5.024500e-01 8.601e-02
0.650000 13.500000 3.1384961366e-01 -3.4768362328e-01 4.683860e-01 8.633e-02
0.650000 13.550000 2.9972353372e-01 -3.1640173667e-01 4.358259e-01 8.665e-02
0.650000 13.600000 2.8717788001e-01 -2.8510481418e-01 4.046676e-01 8.697e-02
0.650000 13.650000 2.7619486941e-01 -2.5364405830e-01 3.749919e-01 8.729e-02
0.650000 13.700000 2.6685988212e-01 -2.2195486878e-01 3.470996e-01 8.760e-02
0.650000 13.750000 2.5928904097e-01 -1.9006639593e-01 3.214903e-01 8.792e-02
0.650000 13.800000 2.5358867006e-01 -1.5807089925e-01 2.988204e-01 8.824e-02
0.650000 13.850000 2.4985835871e-01 -1.2609511161e-01 2.798735e-01 8.856e-02
0.650000 13.900000 2.4821205467e-01 -9.4307183080e-02 2.655241e-01 8.888e-02
0.650000 13.950000 2.4877481076e-01 -6.2958393816e-02 2.566177e-01 8.919e-02
0.650000 14.000000 2.5162916482e-01 -3.2423514285e-02 2.537095e-01 8.951e-02
0.650000 14.050000 2.5672396660e-01 -3.1934086520e-03 2.567438e-01 8.983e-02
0.650000 14.100000 2.6379291420e-01 2.4202808561e-02 2.649009e-01 9.015e-02
0.650000 14.150000 2.7233547669e-01 4.9325537459e-02 2.767664e-01 9.047e-02
0.650000 14.200000 2.8168380795e-01 7.1947457874e-02 2.907270e-01 9.078e-02
0.650000 14.250000 2.9113334004e-01 9.2113797431e-02 3.053581e-01 9.110e-02
0.650000 14.300000 3.0008088897e-01 1.1011404195e-01 3.196461e-01 9.142e-02
0.650000 14.350000 3.0811311975e-01 1.2638456259e-01 3.330267e-01 9.174e-02
0.650000 14.400000 3.1501918850e-01 1.4139288093e-01 3.452956e-01 9.206e-02
0.650000 14.450000 3.2074297955e-01 1.5555342899e-01 3.564729e-01 9.238e-02
0.650000 14.500000 3.2531589158e-01 1.6919577794e-01 3.666847e-01 9.269e-02
0.650000 14.550000 3.2880668783e-01 1.8257149517e-01 3.760933e-01 9.301e-02
0.650000 14.600000 3.3129808318e-01 1.9586904647e-01 3.848676e-01 9.333e-02
0.650000 14.650000 3.3287301203e-01 2.0921662517e-01 3.931616e-01 9.365e-02
0.650000 14.700000 3.3358756103e-01 2.2267902444e-01 4.010818e-01 9.397e-02
0.650000 14.750000 3.3342616403e-01 2.3627378865e-01 4.086543e-01 9.428e-02
0.650000 14.800000 3.3226227121e-01 2.5002680960e-01 4.158264e-01 9.460e-02
0.650000 14.850000 3.2986101957e-01 2.6405992363e-01 4.225351e-01 9.492e-02
0.650000 14.900000 3.2594585573e-01 2.7867256053e-01 4.288346e-01 9.524e-02
0.650000 14.950000 3.2031536725e-01 2.9436975863e-01 4.350350e-01 9.556e-02
0.650000 15.000000 3.1296299644e-01 3.1181024921e-01 4.417822e-01 9.587e-02
0.650000 15.050000 3.0414454960e-01 3.3168958031e-01 4.500243e-01 9.619e-02
0.650000 15.100000 2.9436376737e-01 3.5460844507e-01 4.608657e-01 9.651e-02
0.650000 15.150000 2.8428973683e-01 3.8098239701e-01 4.753612e-01 9.683e-02
0.650000 15.200000 2.7465400701e-01 4.1102177472e-01 4.943417e-01 9.715e-02
0.650000 15.250000 2.6617829896e-01 4.4476791416e-01 5.183333e-01 9.747e-02
0.650000 15.300000 2.5955483617e-01 4.8214176956e-01 5.475668e-01 9.778e-02
0.650000 15.350000 2.5546113347e-01 5.2296308795e-01 5.820230e-01 9.810e-02
0.650000 15.400000 2.5456744853e-01 5.6692939500e-01 6.214608e-01 9.842e-02
0.650000 15.450000 2.5750399987e-01 6.1358136262e-01 6.654250e-01 9.874e-02
0.650000 15.500000 2.6478954683e-01 6.6229766704e-01 7.132683e-01 9.906e-02
0.650000 15.550000 2.7675798593e-01 7.1234594411e-01 7.642197e-01 9.937e-02
0.650000 15.600000 2.9352955850e-01 7.6297799469e-01 8.174931e-01 9.969e-02
0.650000 15.650000 3.1504972074e-01 8.1352388805e-01 8.723975e-01 1.000e-01
0.650000 15.700000 3.4117673030e-01 8.6343517151e-01 9.283975e-01 1.003e-01
0.650000 15.750000 3.7176688057e-01 9.1225654199e-01 9.851003e-01 1.006e-01
0.650000 15.800000 4.0670631129e-01 9.5954958430e-01 1.042183e+00 1.010e-01
0.650000 15.850000 4.4587129154e-01 1.0048224543e+00 1.099304e+00 1.013e-01
0.650000 15.900000 4.8904356206e-01 1.0475157240e+00 1.156051e+00 1.016e-01
0.650000 15.950000 5.3583477378e-01 1.0870596506e+00 1.211948e+00 1.019e-01
0.650000 16.000000 5.8566715933e-01 1.1229751307e+00 1.266522e+00 1.022e-01
0.650000 16.050000 6.3782236090e-01 1.1549674377e+00 1.319381e+00 1.026e-01
0.650000 16.100000 6.9153136481e-01 1.1829721058e+00 1.370270e+00 1.029e-01
0.650000 16.150000 7.4606161946e-01 1.2071465368e+00 1.419088e+00 1.032e-01
0.650000 16.200000 8.0077204231e-01 1.2278337520e+00 1.465883e+00 1.035e-01
0.650000 16.250000 8.5513967899e-01 1.2455330723e+00 1.510833e+00 1.038e-01
0.650000 16.300000 9.0878747645e-01 1.2608917318e+00 1.554266e+00 1.041e-01
0.650000 16.350000 9.6154105472e-01 1.2746982889e+00 1.596689e+00 1.045e-01
0.650000 16.400000 1.0135137736e+00 1.2878393298e+00 1.638823e+00 1.048e-01
0.650000 16.450000 1.0651842385e+00 1.3011919853e+00 1.681582e+00 1.051e-01
0.650000 16.500000 1.1174149690e+00 1.3154612268e+00 1.725994e+00 1.054e-01
0.650000 16.550000 1.1713787631e+00 1.3310090988e+00 1.773052e+00 1.057e-01
0.650000 16.600000 1.2284011532e+00 1.3477368890e+00 1.823558e+00 1.061e-01
0.650000 16.650000 1.2897672687e+00 1.3650602748e+00 1.878001e+00 1.064e-01
0.650000 16.700000 1.3565541654e+00 1.3819743720e+00 1.936516e+00 1.067e-01
0.650000 16.750000 1.4295280162e+00 1.3971676149e+00 1.998907e+00 1.070e-01
0.650000 16.800000 1.5091050160e+00 1.4091338620e+00 2.064717e+00 1.073e-01
0.650000 16.850000 1.5953429613e+00 1.4162546787e+00 2.133283e+00 1.076e-01
0.650000 16.900000 1.6879276586e+00 1.4168602155e+00 2.203768e+00 1.080e-01
0.650000 16.950000 1.7861440781e+00 1.4093004833e+00 2.275179e+00 1.083e-01
0.650000 17.000000 1.8888557169e+00 1.3920523006e+00 2.346398e+00 1.086e-01
0.650000 17.050000 1.9945308800e+00 1.3638558491e+00 2.416248e+00 1.089e-01
0.650000 17.100000 2.1013386742e+00 1.3238419589e+00 2.483582e+00 1.092e-01
0.650000 17.150000 2.2073001408e+00 1.2716019721e+00 2.547380e+00 1.096e-01
0.650000 17.200000 2.3104467930e+00 1.2071751748e+00 2.606806e+00 1.099e-01
0.650000 17.250000 2.4089336170e+00 1.1309703893e+00 2.661213e+00 1.102e-01
0.650000 17.300000 2.5010813992e+00 1.0436709098e+00 2.710103e+00 1.105e-01
0.650000 17.350000 2.5853664167e+00 9.4617340873e-01 2.753064e+00 1.108e-01
0.650000 17.400000 2.6604055412e+00 8.3958036670e-01 2.789741e+00 1.111e-01
0.650000 17.450000 2.7249815835e+00 7.2522264904e-01 2.819836e+00 1.115e-01
0.650000 17.500000 2.7781194646e+00 6.0466290871e-01 2.843161e+00 1.118e-01
0.650000 17.550000 2.8191816174e+00 4.7963904585e-01 2.859692e+00 1.121e-01
0.650000 17.600000 2.8479292969e+00 3.5194435504e-01 2.869593e+00 1.124e-01
0.650000 17.650000 2.8645097906e+00 2.2328236328e-01 2.873199e+00 1.127e-01
0.650000 17.700000 2.8693690388e+00 9.5152459662e-02 2.870946e+00 1.131e-01
0.650000 17.750000 2.8631289396e+00 -3.1194144551e-02 2.863299e+00 1.134e-01
0.650000 17.800000 2.8464832507e+00 -1.5472814224e-01 2.850685e+00 1.137e-01
0.650000 17.850000 2.8201475748e+00 -2.7458189482e-01 2.833483e+00 1.140e-01
0.650000 17.900000 2.7848615071e+00 -3.9000197409e-01 2.812038e+00 1.143e-01
0.650000 17.950000 2.7414102558e+00 -5.0034144809e-01 2.786695e+00 1.146e-01
0.650000 18.000000 2.6906282156e+00 -6.0508506230e-01 2.757827e+00 1.150e-01
0.650000 18.050000 2.6333682621e+00 -7.0387687289e-01 2.725816e+00 1.153e-01
0.650000 18.100000 2.5704500926e+00 -7.9652164784e-01 2.691033e+00 1.156e-01
0.650000 18.150000 2.5026165099e+00 -8.8295436576e-01 2.653808e+00 1.159e-01
0.650000 18.200000 2.4305177193e+00 -9.6319706111e-01 2.614415e+00 1.162e-01
0.650000 18.250000 2.3547190317e+00 -1.0373293403e+00 2.573083e+00 1.166e-01
0.650000 18.300000 2.2757074782e+00 -1.1054827881e+00 2.530007e+00 1.169e-01
0.650000 18.350000 2.1938746347e+00 -1.1678432432e+00 2.485346e+00 1.172e-01
0.650000 18.400000 2.1094765373e+00 -1.2246302237e+00 2.439182e+00 1.175e-01
0.650000 18.450000 2.0225995475e+00 -1.2760334724e+00 2.391479e+00 1.178e-01
0.650000 18.500000 1.9331709445e+00 -1.3221176103e+00 2.342039e+00 1.181e-01
0.650000 18.550000 1.8410341750e+00 -1.3627358084e+00 2.290514e+00 1.185e-01
0.650000 18.600000 1.7460710583e+00 -1.3974993414e+00 2.236463e+00 1.188e-01
0.650000 18.650000 1.6483217365e+00 -1.4258243313e+00 2.179436e+00 1.191e-01
0.650000 18.700000 1.5480506513e+00 -1.4470344081e+00 2.119049e+00 1.194e-01
0.650000 18.750000 1.4457376503e+00 -1.4604661453e+00 2.055023e+00 1.197e-01
0.650000 18.800000 1.3420190114e+00 -1.4655252966e+00 1.987154e+00 1.201e-01
0.650000 18.850000 1.2376339176e+00 -1.4616772337e+00 1.915264e+00 1.204e-01
0.650000 18.900000 1.1334264340e+00 -1.4484026205e+00 1.839164e+00 1.207e-01
0.650000 18.950000 1.0304133374e+00 -1.4251782022e+00 1.758660e+00 1.210e-01
0.650000 19.000000 9.2987893005e-01 -1.3915328848e+00 1.673630e+00 1.213e-01
0.650000 19.050000 8.3343075657e-01 -1.3471860267e+00 1.584146e+00 1.217e-01
0.650000 19.100000 7.4296264061e-01 -1.2922247572e+00 1.490583e+00 1.220e-01
0.650000 19.150000 6.6051595229e-01 -1.2272511848e+00 1.393710e+00 1.223e-01
0.650000 19.200000 5.8807872487e-01 -1.1534436515e+00 1.294708e+00 1.226e-01
0.650000 19.250000 5.2738580107e-01 -1.0725185116e+00 1.195170e+00 1.229e-01
0.650000 19.300000 4.7976985159e-01 -9.8662230055e-01 1.097088e+00 1.232e-01
0.650000 19.350000 4.4607560566e-01 -8.9820206250e-01 1.002871e+00 1.236e-01
0.650000 19.400000 4.2661541545e-01 -8.0988649509e-01 9.153780e-01 1.239e-01
0.650000 19.450000 4.2113609449e-01 -7.2437792901e-01 8.379015e-01 1.242e-01
0.650000 19.500000 4.2878736902e-01 -6.4433162095e-01 7.739650e-01 1.245e-01
0.650000 19.550000 4.4811262876e-01 -5.7220280920e-01 7.267881e-01 1.248e-01
0.650000 19.600000 4.7709715129e-01 -5.1007056595e-01 6.984223e-01 1.252e-01
0.650000 19.650000 5.1329357694e-01 -4.5947869762e-01 6.889056e-01 1.255e-01
0.650000 19.700000 5.5400739973e-01 -4.2134265360e-01 6.960272e-01 1.258e-01
0.650000 19.750000 5.9649178780e-01 -3.9594766580e-01 7.159448e-01 1.261e-01
0.650000 19.800000 6.3809564649e-01 -3.8302025497e-01 7.442248e-01 1.264e-01
0.650000 19.850000 6.7633776670e-01 -3.8182059249e-01 7.766722e-01 1.267e-01
0.650000 19.900000 7.0892607495e-01 -3.9120059471e-01 8.097000e-01 1.271e-01
0.650000 19.950000 7.3377492473e-01 -4.0960506133e-01 8.403582e-01 1.274e-01
0.650000 20.000000 7.4907281990e-01 -4.3504052856e-01 8.662392e-01 1.277e-01
0.650000 20.050000 7.5341791346e-01 -4.6506870065e-01 8.853968e-01 1.280e-01
0.650000 20.100000 7.4599122850e-01 -4.9687816083e-01 8.963207e-01 1.283e-01
0.650000 20.150000 7.2670725716e-01 -5.2745232055e-01 8.979473e-01 1.287e-01
0.650000 20.200000 6.9628571673e-01 -5.5380642967e-01 8.896715e-01 1.290e-01
0.650000 20.250000 6.5622120424e-01 -5.7323941645e-01 8.713379e-01 1.293e-01
0.650000 20.300000 6.0866591995e-01 -5.8355073103e-01 8.432115e-01 1.296e-01
0.650000 20.350000 5.5626032077e-01 -5.8319953982e-01 8.059449e-01 1.299e-01
0.650000 20.400000 5.0193924818e-01 -5.7141046589e-01 7.605609e-01 1.302e-01
0.650000 20.450000 4.4871922245e-01 -5.4823660382e-01 7.084577e-01 1.306e-01
0.650000 20.500000 3.9945911222e-01 -5.1457458383e-01 6.514250e-01 1.309e-01
0.650000 20.550000 3.5659678621e-01 -4.7210504650e-01 5.916455e-01 1.312e-01
0.650000 20.600000 3.2189432839e-01 -4.2312829072e-01 5.316517e-01 1.315e-01
0.650000 20.650000 2.9625195334e-01 -3.7029060181e-01 4.742155e-01 1.318e-01
0.650000 20.700000 2.7965165063e-01 -3.1624158735e-01 4.221537e-01 1.322e-01
0.650000 20.750000 2.7125732651e-01 -2.6330015396e-01 3.780311e-01 1.325e-01
0.650000 20.800000 2.6964374936e-01 -2.1321125049e-01 3.437540e-01 1.328e-01
0.650000 20.850000 2.7308186826e-01 -1.6704089830e-01 3.201193e-01 1.331e-01
0.650000 20.900000 2.7979868305e-01 -1.2520144134e-01 3.065334e-01 1.334e-01
0.650000 20.950000 2.8816009363e-01 -8.7553842820e-02 3.011676e-01 1.337e-01
0.650000 21.000000 2.9677495113e-01 -5.3523772456e-02 3.015629e-01 1.341e-01
0.650000 21.050000 3.0455658642e-01 -2.2194973530e-02 3.053643e-01 1.344e-01
0.650000 21.100000 3.1078251985e-01 7.6145843140e-03 3.108758e-01 1.347e-01
0.650000 21.150000 3.1516542177e-01 3.7260909492e-02 3.173604e-01 1.350e-01
0.650000 21.200000 3.1791173827e-01 6.8139021047e-02 3.251320e-01 1.353e-01
0.650000 21.250000 3.1972676649e-01 1.0150960292e-01 3.354540e-01 1.357e-01
0.650000 21.300000 3.2173989149e-01 1.3832670536e-01 3.502154e-01 1.360e-01
0.650000 21.350000 3.2536108674e-01 1.7911688762e-01 3.714064e-01 1.363e-01
0.650000 21.400000 3.3211336983e-01 2.2393857809e-01 4.005593e-01 1.366e-01
0.650000 21.450000 3.4349196670e-01 2.7241056519e-01 4.383996e-01 1.369e-01
0.650000 21.500000 3.6087510495e-01 3.2376786932e-01 4.848262e-01 1.372e-01
0.650000 21.550000 3.8547181820e-01 3.7690295250e-01 5.391144e-01 1.376e-01
0.650000 21.600000 4.1826697068e-01 4.3038014808e-01 6.001453e-01 1.379e-01
0.650000 21.650000 4.5993113884e-01 4.8244972556e-01 6.665541e-01 1.382e-01
0.650000 21.700000 5.1069841506e-01 5.3110697722e-01 7.368090e-01 1.385e-01
0.650000 21.750000 5.7025402142e-01 5.7422607515e-01 8.092745e-01 1.388e-01
0.650000 21.800000 6.3768803684e-01 6.0975701834e-01 8.822979e-01 1.392e-01
0.650000 21.850000 7.1154975765e-01 6.3593378586e-01 9.543138e-01 1.395e-01
0.650000 21.900000 7.8999179111e-01 6.5142976065e-01 1.023937e+00 1.398e-01
0.650000 21.950000 8.7095251950e-01 6.5542110451e-01 1.090016e+00 1.401e-01
0.650000 22.000000 9.5231541933e-01 6.4756436886e-01 1.151627e+00 1.404e-01
0.650000 22.050000 1.0320089811e+00 6.2793204644e-01 1.208032e+00 1.407e-01
0.650000 22.100000 1.1080534086e+00 5.9695611375e-01 1.258626e+00 1.411e-01
0.650000 22.150000 1.1785911014e+00 5.5540350835e-01 1.302901e+00 1.414e-01
0.650000 22.200000 1.2419375922e+00 5.0436938771e-01 1.340447e+00 1.417e-01
0.650000 22.250000 1.2966608586e+00 4.4525158440e-01 1.370977e+00 1.420e-01
0.650000 22.300000 1.3416622768e+00 3.7967846772e-01 1.394351e+00 1.423e-01
0.650000 22.350000 1.3762180221e+00 3.0939533422e-01 1.410568e+00 1.427e-01
0.650000 22.400000 1.3999567217e+00 2.3614707557e-01 1.419734e+00 1.430e-01
0.650000 22.450000 1.4127862160e+00 1.6160292062e-01 1.421999e+00 1.433e-01
0.650000 22.500000 1.4148134088e+00 8.7345543737e-02 1.417507e+00 1.436e-01
0.650000 22.550000 1.4063041483e+00 1.4907094513e-02 1.406383e+00 1.439e-01
0.650000 22.600000 1.3877020274e+00 -5.4194288800e-02 1.388760e+00 1.442e-01
0.650000 22.650000 1.3596845385e+00 -1.1846233095e-01 1.364835e+00 1.446e-01
0.650000 22.700000 1.3232093829e+00 -1.7648860472e-01 1.334927e+00 1.449e-01
0.650000 22.750000 1.2795098779e+00 -2.2705107288e-01 1.299499e+00 1.452e-01
0.650000 22.800000 1.2300314196e+00 -2.6919859995e-01 1.259145e+00 1.455e-01
0.650000 22.850000 1.1763376765e+00 -3.0228574752e-01 1.214556e+00 1.458e-01
0.650000 22.900000 1.1200304141e+00 -3.2595633171e-01 1.166497e+00 1.462e-01
0.650000 22.950000 1.0627108700e+00 -3.4010710973e-01 1.115808e+00 1.465e-01
0.650000 23.000000 1.0059757188e+00 -3.4487147685e-01 1.063449e+00 1.468e-01
0.650000 23.050000 9.5141224773e-01 -3.4064168482e-01 1.010555e+00 1.471e-01
0.650000 23.100000 9.0055590219e-01 -3.2811259221e-01 9.584669e-01 1.474e-01
0.650000 23.150000 8.5479998760e-01 -3.0830603786e-01 9.087000e-01 1.478e-01
0.650000 23.200000 8.1528314895e-01 -2.8254000362e-01 8.628531e-01 1.481e-01
0.650000 23.250000 7.8279982858e-01 -2.5233758770e-01 8.224657e-01 1.484e-01
0.650000 23.300000 7.5776826054e-01 -2.1930590001e-01 7.888649e-01 1.487e-01
0.650000 23.350000 7.4025719213e-01 -1.8502974035e-01 7.630313e-01 1.490e-01
0.650000 23.400000 7.3004009457e-01 -1.5100923459e-01 7.454947e-01 1.493e-01
0.650000 23.450000 7.2663714917e-01 -1.1863616896e-01 7.362582e-01 1.497e-01
0.650000 23.500000 7.2932659827e-01 -8.9175874245e-02 7.347582e-01 1.500e-01
0.650000 23.550000 7.3714229792e-01 -6.3721051647e-02 7.398913e-01 1.503e-01
0.650000 23.600000 7.4889694409e-01 -4.3112164442e-02 7.501368e-01 1.506e-01
0.650000 23.650000 7.6326205560e-01 -2.7856041264e-02 7.637702e-01 1.509e-01
0.650000 23.700000 7.7889972754e-01 -1.8092579590e-02 7.791098e-01 1.513e-01
0.650000 23.750000 7.9460113298e-01 -1.3643036504e-02 7.947182e-01 1.516e-01
0.650000 23.800000 8.0937107736e-01 -1.4129983106e-02 8.094944e-01 1.519e-01
0.650000 23.850000 8.2242004800e-01 -1.9115537937e-02 8.226422e-01 1.522e-01
0.650000 23.900000 8.3307387411e-01 -2.8189660004e-02 8.335507e-01 1.525e-01
0.650000 23.950000 8.4065706418e-01 -4.0965269447e-02 8.416546e-01 1.528e-01
0.650000 24.000000 8.4442080095e-01 -5.6987734379e-02 8.463416e-01 1.532e-01
0.650000 24.050000 8.4356148278e-01 -7.5612524914e-02 8.469435e-01 1.535e-01
0.650000 24.100000 8.3732650760e-01 -9.5919684977e-02 8.428026e-01 1.538e-01
0.650000 24.150000 8.2516059127e-01 -1.1671072883e-01 8.333735e-01 1.541e-01
0.650000 24.200000 8.0683246856e-01 -1.3658969058e-01 8.183125e-01 1.544e-01
0.650000 24.250000 7.8250173695e-01 -1.5409344685e-01 7.975298e-01 1.548e-01
0.650000 24.300000 7.5272101313e-01 -1.6782711713e-01 7.712035e-01 1.551e-01
0.650000 24.350000 7.1839423490e-01 -1.7657775098e-01 7.397770e-01 1.554e-01
0.650000 24.400000 6.8071325403e-01 -1.7940490826e-01 7.039579e-01 1.557e-01
0.650000 24.450000 6.4107733150e-01 -1.7571831016e-01 6.647233e-01 1.560e-01
0.650000 24.500000 6.0098380198e-01 -1.6534214844e-01 6.233134e-01 1.563e-01
0.650000 24.550000 5.6188140783e-01 -1.4854407878e-01 5.811850e-01 1.567e-01
0.650000 24.600000 5.2500247772e-01 -1.2599631611e-01 5.399099e-01 1.570e-01
0.650000 24.650000 4.9121907625e-01 -9.8652009484e-02 5.010273e-01 1.573e-01
0.650000 24.700000 4.6097727003e-01 -6.7558036772e-02 4.659014e-01 1.576e-01
0.650000 24.750000 4.3433965044e-01 -3.3662739921e-02 4.356422e-01 1.579e-01
0.650000 24.800000 4.1111850265e-01 2.3125403026e-03 4.111250e-01 1.583e-01
0.650000 24.850000 3.9103797477e-01 3.9897280066e-02 3.930680e-01 1.586e-01
0.650000 24.900000 3.7385145045e-01 7.8803148535e-02 3.820665e-01 1.589e-01
0.650000 24.950000 3.5936980455e-01 1.1882243552e-01 3.785042e-01 1.592e-01
0.650000 25.000000 3.4741103051e-01 1.5976558850e-01 3.823865e-01 1.595e-01
0.650000 25.050000 3.3772908663e-01 2.0147968476e-01 3.932620e-01 1.598e-01
0.650000 25.100000 3.2999114857e-01 2.4393508716e-01 4.103638e-01 1.602e-01
0.650000 25.150000 3.2384164911e-01 2.8732199266e-01 4.329288e-01 1.605e-01
0.650000 25.200000 3.1903846669e-01 3.3208910102e-01 4.605092e-01 1.608e-01
0.650000 25.250000 3.1560410000e-01 3.7888699075e-01 4.931139e-01 1.611e-01
0.650000 25.300000 3.1392693272e-01 4.2842815020e-01 5.311316e-01 1.614e-01
0.650000 25.350000 3.1477571224e-01 4.8131313614e-01 5.751053e-01 1.618e-01
0.650000 25.400000 3.1923281412e-01 5.3787764275e-01 6.254774e-01 1.621e-01
0.650000 25.450000 3.2858082363e-01 5.9809083965e-01 6.824060e-01 1.624e-01
0.650000 25.500000 3.4417711034e-01 6.6150284743e-01 7.456835e-01 1.627e-01
0.650000 25.550000 3.6732908350e-01 7.2722295198e-01 8.147293e-01 1.630e-01
0.650000 25.600000 3.9916092624e-01 7.9391953096e-01 8.886156e-01 1.634e-01
0.650000 25.650000 4.4046131697e-01 8.5985608961e-01 9.661049e-01 1.637e-01
0.650000 25.700000 4.9152416289e-01 9.2299200388e-01 1.045710e+00 1.640e-01
0.650000 25.750000 5.5202389674e-01 9.8116443770e-01 1.125795e+00 1.643e-01
0.650000 25.800000 6.2097869524e-01 1.0323320098e+00 1.204709e+00 1.646e-01
0.650000 25.850000 6.9683465186e-01 1.0748227468e+00 1.280946e+00 1.649e-01
0.650000 25.900000 7.7765878546e-01 1.1075147948e+00 1.353271e+00 1.653e-01
0.650000 25.950000 8.6138408957e-01 1.1299005591e+00 1.420795e+00 1.656e-01
0.650000 26.000000 9.4603237815e-01 1.1420325944e+00 1.482975e+00 1.659e-01
0.650000 26.050000 1.0298606678e+00 1.1443952856e+00 1.539563e+00 1.662e-01
0.650000 26.100000 1.1114209276e+00 1.1377641056e+00 1.590523e+00 1.665e-01
0.650000 26.150000 1.1895633024e+00 1.1230964527e+00 1.635973e+00 1.669e-01
0.650000 26.200000 1.2634255914e+00 1.1014601877e+00 1.676144e+00 1.672e-01
0.650000 26.250000 1.3324328602e+00 1.0739753687e+00 1.711374e+00 1.675e-01
0.650000 26.300000 1.3962982291e+00 1.0417415767e+00 1.742089e+00 1.678e-01
0.650000 26.350000 1.4549953674e+00 1.0057472034e+00 1.768768e+00 1.681e-01
0.650000 26.400000 1.5086811218e+00 9.6678796673e-01 1.791870e+00 1.684e-01
0.650000 26.450000 1.5575777271e+00 9.2543469812e-01 1.811761e+00 1.688e-01
0.650000 26.500000 1.6018554377e+00 8.8207329034e-01 1.828659e+00 1.691e-01
0.650000 26.550000 1.6415644077e+00 8.3700261946e-01 1.842636e+00 1.694e-01
0.650000 26.600000 1.6766415065e+00 7.9054421251e-01 1.853668e+00 1.697e-01
0.650000 26.650000 1.7069776653e+00 7.4311270165e-01 1.861717e+00 1.700e-01
0.650000 26.700000 1.7325007120e+00 6.9522246553e-01 1.866787e+00 1.704e-01
0.650000 26.750000 1.7532276732e+00 6.4744564939e-01 1.868955e+00 1.707e-01
0.650000 26.800000 1.7692690049e+00 6.0036305529e-01 1.868355e+00 1.710e-01
0.650000 26.850000 1.7808045794e+00 5.5454481075e-01 1.865150e+00 1.713e-01
0.650000 26.900000 1.7880708971e+00 5.1056663527e-01 1.859536e+00 1.716e-01
0.650000 26.950000 1.7913870396e+00 4.6903308215e-01 1.851772e+00 1.719e-01
0.650000 27.000000 1.7912120926e+00 4.3056699022e-01 1.842235e+00 1.723e-01
0.650000 27.050000 1.7881946273e+00 3.9574445824e-01 1.831462e+00 1.726e-01
0.650000 27.100000 1.7831696531e+00 3.6499374715e-01 1.820141e+00 1.729e-01
0.650000 27.150000 1.7770860419e+00 3.3850710838e-01 1.809039e+00 1.732e-01
0.650000 27.200000 1.7708903609e+00 3.1621390409e-01 1.798901e+00 1.735e-01
0.650000 27.250000 1.7654221958e+00 2.9782978223e-01 1.790368e+00 1.739e-01
0.650000 27.300000 1.7613705350e+00 2.8295126548e-01 1.783953e+00 1.742e-01
0.650000 27.350000 1.7593027163e+00 2.7113807602e-01 1.780074e+00 1.745e-01
0.650000 27.400000 1.7597311131e+00 2.6193558995e-01 1.779119e+00 1.748e-01
0.650000 27.450000 1.7631586813e+00 2.5483132330e-01 1.781479e+00 1.751e-01
0.650000 27.500000 1.7700590560e+00 2.4918558536e-01 1.787513e+00 1.754e-01
0.650000 27.550000 1.7807912023e+00 2.4419721242e-01 1.797456e+00 1.758e-01
0.650000 27.600000 1.7954944055e+00 2.3894685846e-01 1.811324e+00 1.761e-01
0.650000 27.650000 1.8140275416e+00 2.3251420093e-01 1.828868e+00 1.764e-01
0.650000 27.700000 1.8359960787e+00 2.2412048030e-01 1.849625e+00 1.767e-01
0.650000 27.750000 1.8608646297e+00 2.1323110760e-01 1.873042e+00 1.770e-01
0.650000 27.800000 1.8881102861e+00 1.9957273289e-01 1.898628e+00 1.774e-01
0.650000 27.850000 1.9173563148e+00 1.8306041640e-01 1.926075e+00 1.777e-01
0.650000 27.900000 1.9484417566e+00 1.6366727050e-01 1.955304e+00 1.780e-01
0.650000 27.950000 1.9814145240e+00 1.4128190471e-01 1.986445e+00 1.783e-01
0.650000 28.000000 2.0164610115e+00 1.1558788408e-01 2.019771e+00 1.786e-01
0.650000 28.050000 2.0537910105e+00 8.5980501087e-02 2.055590e+00 1.790e-01
0.650000 28.100000 2.0934882121e+00 5.1528054826e-02 2.094122e+00 1.793e-01
0.650000 28.150000 2.1353316495e+00 1.0993003133e-02 2.135360e+00 1.796e-01
0.650000 28.200000 2.1786066296e+00 -3.7059671353e-02 2.178922e+00 1.799e-01
0.650000 28.250000 2.2219525504e+00 -9.4044532122e-02 2.223942e+00 1.802e-01
0.650000 28.300000 2.2633189604e+00 -1.6103951463e-01 2.269041e+00 1.805e-01
0.650000 28.350000 2.3000951371e+00 -2.3843555488e-01 2.312421e+00 1.809e-01
0.650000 28.400000 2.3294315483e+00 -3.2565947168e-01 2.352085e+00 1.812e-01
0.650000 28.450000 2.3486983943e+00 -4.2108130642e-01 2.386146e+00 1.815e-01
0.650000 28.500000 2.3559615053e+00 -5.2216953914e-01 2.413134e+00 1.818e-01
0.650000 28.550000 2.3503340763e+00 -6.2587487918e-01 2.432240e+00 1.821e-01
0.650000 28.600000 2.3320981479e+00 -7.2914308840e-01 2.443426e+00 1.825e-01
0.650000 28.650000 2.3025665857e+00 -8.2941669319e-01 2.447396e+00 1.828e-01
0.650000 28.700000 2.2637380522e+00 -9.2500024118e-01 2.445432e+00 1.831e-01
0.650000 28.750000 2.2178483188e+00 -1.0152205882e+00 2.439165e+00 1.834e-01
0.650000 28.800000 2.1669260726e+00 -1.1003802541e+00 2.430310e+00 1.837e-01
0.650000 28.850000 2.1124312899e+00 -1.1815477349e+00 2.420418e+00 1.840e-01
0.650000 28.900000 2.0550155904e+00 -1.2602426365e+00 2.410664e+00 1.844e-01
0.650000 28.950000 1.9944187656e+00 -1.3380665076e+00 2.401693e+00 1.847e-01
0.650000 29.000000 1.9295077095e+00 -1.4163228288e+00 2.393527e+00 1.850e-01
0.650000 29.050000 1.8584597917e+00 -1.4956741342e+00 2.385564e+00 1.853e-01
0.650000 29.100000 1.7790757400e+00 -1.5758950280e+00 2.376669e+00 1.856e-01
0.650000 29.150000 1.6891738605e+00 -1.6557784471e+00 2.365356e+00 1.860e-01
0.650000 29.200000 1.5869833012e+00 -1.7332238957e+00 2.350017e+00 1.863e-01
0.650000 29.250000 1.4714435860e+00 -1.8054839110e+00 2.329145e+00 1.866e-01
0.650000 29.300000 1.3423460483e+00 -1.8694922526e+00 2.301498e+00 1.869e-01
0.650000 29.350000 1.2003121929e+00 -1.9221741868e+00 2.266165e+00 1.872e-01
0.650000 29.400000 1.0466651297e+00 -1.9606616384e+00 2.222544e+00 1.875e-01
0.650000 29.450000 8.8327971567e-01 -1.9823930811e+00 2.170269e+00 1.879e-01
0.650000 29.500000 7.1247938303e-01 -1.9851371346e+00 2.109122e+00 1.882e-01
0.650000 29.550000 5.3699634438e-01 -1.9670057390e+00 2.038989e+00 1.885e-01
0.650000 29.600000 3.5996155356e-01 -1.9265042595e+00 1.959845e+00 1.888e-01
0.650000 29.650000 1.8487444591e-01 -1.8626191016e+00 1.871771e+00 1.891e-01
0.650000 29.700000 1.5528753437e-02 -1.7749047368e+00 1.774973e+00 1.895e-01
0.650000 29.750000 -1.4408293150e-01 -1.6635321120e+00 1.669760e+00 1.898e-01
0.650000 29.800000 -2.8983591340e-01 -1.5293017248e+00 1.556525e+00 1.901e-01
0.650000 29.850000 -4.1748208565e-01 -1.3736773660e+00 1.435716e+00 1.904e-01
0.650000 29.900000 -5.2263546919e-01 -1.1989164818e+00 1.307879e+00 1.907e-01
0.650000 29.950000 -6.0083907484e-01 -1.0083315854e+00 1.173772e+00 1.910e-01
0.650000 30.000000 -6.4784093706e-01 -8.0662323298e-01 1.034572e+00 1.914e-01
0.650000 30.050000 -6.6015220494e-01 -6.0012557858e-01 8.921612e-01 1.917e-01
0.650000 30.100000 -6.3583733704e-01 -3.9676078618e-01 7.494720e-01 1.920e-01
0.650000 30.150000 -5.7534799381e-01 -2.0554790788e-01 6.109626e-01 1.923e-01
0.650000 30.200000 -4.8212675276e-01 -3.5648820618e-02 4.834429e-01 1.926e-01
0.650000 30.250000 -3.6272325234e-01 1.0489364915e-01 3.775855e-01 1.930e-01
0.650000 30.300000 -2.2628702033e-01 2.1043510585e-01 3.090125e-01 1.933e-01
0.650000 30.350000 -8.3483534239e-02 2.7869640912e-01 2.909316e-01 1.936e-01
0.650000 30.400000 5.4947095060e-02 3.1115992288e-01 3.159742e-01 1.939e-01
0.650000 30.450000 1.7966860428e-01 3.1279104210e-01 3.607202e-01 1.942e-01
0.650000 30.500000 2.8394424127e-01 2.9115790416e-01 4.066906e-01 1.946e-01
0.650000 30.550000 3.6431940136e-01 2.5516322804e-01 4.447886e-01 1.949e-01
0.650000 30.600000 4.2070041039e-01 2.1367057669e-01 4.718516e-01 1.952e-01
0.650000 30.650000 4.5588053771e-01 1.7429696987e-01 4.880640e-01 1.955e-01
0.650000 30.700000 4.7467246391e-01 1.4257263664e-01 4.956217e-01 1.958e-01
0.650000 30.750000 4.8286269090e-01 1.2156529332e-01 4.979302e-01 1.961e-01
0.650000 30.800000 4.8620558222e-01 1.1195853278e-01 4.989294e-01 1.965e-01
0.650000 30.850000 4.8963082009e-01 1.1248410695e-01 5.023853e-01 1.968e-01
0.650000 30.900000 4.9676236480e-01 1.2055251566e-01 5.111807e-01 1.971e-01
0.650000 30.950000 5.0975913222e-01 1.3291517151e-01 5.268024e-01 1.974e-01
0.650000 31.000000 5.2941097496e-01 1.4622452059e-01 5.492336e-01 1.977e-01
0.650000 31.050000 5.5537987661e-01 1.5742293122e-01 5.772597e-01 1.981e-01
0.650000 31.100000 5.8647683666e-01 1.6396249612e-01 6.089653e-01 1.984e-01
0.650000 31.150000 6.2090374350e-01 1.6390877264e-01 6.421741e-01 1.987e-01
0.650000 31.200000 6.5644426549e-01 1.5599427916e-01 6.747246e-01 1.990e-01
0.650000 31.250000 6.9063014027e-01 1.3966371895e-01 7.046105e-01 1.993e-01
0.650000 31.300000 7.2091988973e-01 1.1511230315e-01 7.300523e-01 1.996e-01
0.650000 31.350000 7.4490605770e-01 8.3288005915e-02 7.495478e-01 2.000e-01
0.650000 31.400000 7.6053314312e-01 4.5825940892e-02 7.619125e-01 2.003e-01
0.650000 31.450000 7.6628613535e-01 4.9068381072e-03 7.663018e-01 2.006e-01
0.650000 31.500000 7.6131365244e-01 -3.6936830421e-02 7.622092e-01 2.009e-01
0.650000 31.550000 7.4547572713e-01 -7.7026739020e-02 7.494446e-01 2.012e-01
0.650000 31.600000 7.1933462118e-01 -1.1272511789e-01 7.281135e-01 2.016e-01
0.650000 31.650000 6.8411706319e-01 -1.4159648021e-01 6.986170e-01 2.019e-01
0.650000 31.700000 6.4166134094e-01 -1.6156202836e-01 6.616884e-01 2.022e-01
0.650000 31.750000 5.9433515198e-01 -1.7106416788e-01 6.184636e-01 2.025e-01
0.650000 31.800000 5.4489304357e-01 -1.6923378105e-01 5.705686e-01 2.028e-01
0.650000 31.850000 4.9625283831e-01 -1.5602010853e-01 5.202011e-01 2.031e-01
0.650000 31.900000 4.5120695288e-01 -1.3222735875e-01 4.701827e-01 2.035e-01
0.650000 31.950000 4.1212603939e-01 -9.9419553462e-02 4.239483e-01 2.038e-01
0.650000 32.000000 3.8073181125e-01 -5.9700638399e-02 3.853841e-01 2.041e-01
0.650000 32.050000 3.5799795976e-01 -1.5426400464e-02 3.583302e-01 2.044e-01
0.650000 32.100000 3.4418998572e-01 3.1070179689e-02 3.455895e-01 2.047e-01
0.650000 32.150000 3.3900249287e-01 7.7672387061e-02 3.477868e-01 2.051e-01
0.650000 32.200000 3.4172444152e-01 1.2256844610e-01 3.630408e-01 2.054e-01
0.650000 32.250000 3.5137218930e-01 1.6426004732e-01 3.878708e-01 2.057e-01
0.650000 32.300000 3.6676708895e-01 2.0154087938e-01 4.184935e-01 2.060e-01
0.650000 32.350000 3.8657368652e-01 2.3348747066e-01 4.516145e-01 2.063e-01
0.650000 32.400000 4.0933248874e-01 2.5947449832e-01 4.846443e-01 2.066e-01
0.650000 32.450000 4.3351094063e-01 2.7919805102e-01 5.156387e-01 2.070e-01
0.650000 32.500000 4.5757062218e-01 2.9268266296e-01 5.431703e-01 2.073e-01
0.650000 32.550000 4.8002993590e-01 3.0026348479e-01 5.662039e-01 2.076e-01
0.650000 32.600000 4.9950467415e-01 3.0255827620e-01 5.839918e-01 2.079e-01
0.650000 32.650000 5.1473088780e-01 3.0045410742e-01 5.960038e-01 2.082e-01
0.650000 32.700000 5.2459712281e-01 2.9512023456e-01 6.019120e-01 2.086e-01
0.650000 32.750000 5.2821641615e-01 2.8802955485e-01 6.016424e-01 2.089e-01
0.650000 32.800000 5.2504590346e-01 2.8094746615e-01 5.954869e-01 2.092e-01
0.650000 32.850000 5.1502588522e-01 2.7584805695e-01 5.842464e-01 2.095e-01
0.650000 32.900000 4.9868410983e-01 2.7474660419e-01 5.693606e-01 2.098e-01
0.650000 32.950000 4.7715326686e-01 2.7947860716e-01 5.529770e-01 2.102e-01
0.650000 33.000000 4.5208087432e-01 2.9148443901e-01 5.379036e-01 2.105e-01
0.650000 33.050000 4.2545306994e-01 3.1165807710e-01 5.273908e-01 2.108e-01
0.650000 33.100000 3.9938292467e-01 3.4028993114e-01 5.246942e-01 2.111e-01
0.650000 33.150000 3.7591506374e-01 3.7709622210e-01 5.324600e-01 2.114e-01
0.650000 33.200000 3.5687568619e-01 4.2130320559e-01 5.521382e-01 2.117e-01
0.650000 33.250000 3.4376932274e-01 4.7175479516e-01 5.837208e-01 2.121e-01
0.650000 33.300000 3.3771024449e-01 5.2702968138e-01 6.259461e-01 2.124e-01
0.650000 33.350000 3.3938332408e-01 5.8557012274e-01 6.768112e-01 2.127e-01
0.650000 33.400000 3.4904525616e-01 6.4582370751e-01 7.341123e-01 2.130e-01
0.650000 33.450000 3.6658335775e-01 7.0638146493e-01 7.958380e-01 2.133e-01
0.650000 33.500000 3.9163411960e-01 7.6607653195e-01 8.603781e-01 2.137e-01
0.650000 33.550000 4.2373328052e-01 8.2400698035e-01 9.265729e-01 2.140e-01
0.650000 33.600000 4.6244416981e-01 8.7947248732e-01 9.936430e-01 2.143e-01
0.650000 33.650000 5.0741240675e-01 9.3185565751e-01 1.061048e+00 2.146e-01
0.650000 33.700000 5.5832804402e-01 9.8050972574e-01 1.128330e+00 2.149e-01
0.650000 33.750000 6.1482455244e-01 1.0247129825e+00 1.195009e+00 2.152e-01
0.650000 33.800000 6.7637882403e-01 1.0637136151e+00 1.260546e+00 2.156e-01
0.650000 33.850000 7.4227494263e-01 1.0968367651e+00 1.324395e+00 2.159e-01
0.650000 33.900000 8.1165602237e-01 1.1235896766e+00 1.386088e+00 2.162e-01
0.650000 33.950000 8.8363570769e-01 1.1437032326e+00 1.445292e+00 2.165e-01
0.650000 34.000000 9.5740627193e-01 1.1570875112e+00 1.501825e+00 2.168e-01
0.650000 34.050000 1.0322846896e+00 1.1637304730e+00 1.555596e+00 2.172e-01
0.650000 34.100000 1.1076776261e+00 1.1636002777e+00 1.606523e+00 2.175e-01
0.650000 34.150000 1.1829947036e+00 1.1566043584e+00 1.654452e+00 2.178e-01
0.650000 34.200000 1.2575655242e+00 1.1426191719e+00 1.699132e+00 2.181e-01
0.650000 34.250000 1.3306044156e+00 1.1215609870e+00 1.740232e+00 2.184e-01
0.650000 34.300000 1.4012280817e+00 1.0934494487e+00 1.777378e+00 2.187e-01
0.650000 34.350000 1.4684938755e+00 1.0584332293e+00 1.810181e+00 2.191e-01
0.650000 34.400000 1.5314173119e+00 1.0167865754e+00 1.838231e+00 2.194e-01
0.650000 34.450000 1.5889534063e+00 9.6891715756e-01 1.861068e+00 2.197e-01
0.650000 34.500000 1.6399690687e+00 9.1542458515e-01 1.878164e+00 2.200e-01
0.650000 34.550000 1.6832618240e+00 8.5721298184e-01 1.888964e+00 2.203e-01
0.650000 34.600000 1.7176708009e+00 7.9561256625e-01 1.892985e+00 2.207e-01
0.650000 34.650000 1.7422807692e+00 7.3243690719e-01 1.889975e+00 2.210e-01
0.650000 34.700000 1.7566647138e+00 6.6991574940e-01 1.880069e+00 2.213e-01
0.650000 34.750000 1.7610786431e+00 6.1049368421e-01 1.863894e+00 2.216e-01
0.650000 34.800000 1.7565341646e+00 5.5654484897e-01 1.842594e+00 2.219e-01
0.650000 34.850000 1.7447238144e+00 5.1008973092e-01 1.817760e+00 2.223e-01
0.650000 34.900000 1.7278333351e+00 4.7259331664e-01 1.791299e+00 2.226e-01
0.650000 34.950000 1.7083121651e+00 4.4488106303e-01 1.765290e+00 2.229e-01
0.650000 35.000000 1.6886718012e+00 4.2715694235e-01 1.741860e+00 2.232e-01
0.650000 35.050000 1.6713486896e+00 4.1907460420e-01 1.723087e+00 2.235e-01
0.650000 35.100000 1.6586276925e+00 4.1981165897e-01 1.710932e+00 2.238e-01
0.650000 35.150000 1.6525974152e+00 4.2812030624e-01 1.707151e+00 2.242e-01
0.650000 35.200000 1.6551082582e+00 4.4235457221e-01 1.713202e+00 2.245e-01
0.650000 35.250000 1.6677188216e+00 4.6048805503e-01 1.730126e+00 2.248e-01
0.650000 35.300000 1.6916293556e+00 4.8013363043e-01 1.758448e+00 2.251e-01
0.650000 35.350000 1.7276019563e+00 4.9856920456e-01 1.798104e+00 2.254e-01
0.650000 35.400000 1.7758601549e+00 5.1277498063e-01 1.848409e+00 2.258e-01
0.650000 35.450000 1.8359594305e+00 5.1950123351e-01 1.908043e+00 2.261e-01
0.650000 35.500000 1.9066362036e+00 5.1540022621e-01 1.975069e+00 2.264e-01
0.650000 35.550000 1.9856731002e+00 4.9725407828e-01 2.046988e+00 2.267e-01
0.650000 35.600000 2.0698449555e+00 4.6230227543e-01 2.120845e+00 2.270e-01
0.650000 35.650000 2.1550116834e+00 4.0862597920e-01 2.193411e+00 2.273e-01
0.650000 35.700000 2.2363911808e+00 3.3550463470e-01 2.261417e+00 2.277e-01
0.650000 35.750000 2.3089888100e+00 2.4364836194e-01 2.321808e+00 2.280e-01
0.650000 35.800000 2.3681063292e+00 1.3523723199e-01 2.371965e+00 2.283e-01
0.650000 35.850000 2.4098288390e+00 1.3753583438e-02 2.409868e+00 2.286e-01
0.650000 35.900000 2.4314032282e+00 -1.1635130362e-01 2.434186e+00 2.289e-01
0.650000 35.950000 2.4314632917e+00 -2.5008504449e-01 2.444291e+00 2.293e-01
0.650000 36.000000 2.4100992862e+00 -3.8236887452e-01 2.440243e+00 2.296e-01
0.650000 36.050000 2.3687914003e+00 -5.0847533542e-01 2.422750e+00 2.299e-01
0.650000 36.100000 2.3102237613e+00 -6.2442535942e-01 2.393124e+00 2.302e-01
0.650000 36.150000 2.2379836477e+00 -7.2732178421e-01 2.353204e+00 2.305e-01
0.650000 36.200000 2.1561514318e+00 -8.1557979954e-01 2.305246e+00 2.308e-01
0.650000 36.250000 2.0688115013e+00 -8.8900085447e-01 2.251733e+00 2.312e-01
0.650000 36.300000 1.9795535481e+00 -9.4864717624e-01 2.195123e+00 2.315e-01
0.650000 36.350000 1.8910622706e+00 -9.9651652351e-01 2.137560e+00 2.318e-01
0.650000 36.400000 1.8048880251e+00 -1.0350761541e+00 2.080626e+00 2.321e-01
0.650000 36.450000 1.7214457007e+00 -1.0667619011e+00 2.025181e+00 2.324e-01
0.650000 36.500000 1.6402219860e+00 -1.0935571829e+00 1.971344e+00 2.328e-01
0.650000 36.550000 1.5601136283e+00 -1.1167323440e+00 1.918605e+00 2.331e-01
0.650000 36.600000 1.4797971294e+00 -1.1367652269e+00 1.866021e+00 2.334e-01
0.650000 36.650000 1.3980486976e+00 -1.1534096706e+00 1.812428e+00 2.337e-01
0.650000 36.700000 1.3139749633e+00 -1.1658532387e+00 1.756629e+00 2.340e-01
0.650000 36.750000 1.2271531809e+00 -1.1729122182e+00 1.697536e+00 2.343e-01
0.650000 36.800000 1.1376959909e+00 -1.1732345945e+00 1.634268e+00 2.347e-01
0.650000 36.850000 1.0462510288e+00 -1.1654982857e+00 1.566214e+00 2.350e-01
0.650000 36.900000 9.5393618402e-01 -1.1485910131e+00 1.493069e+00 2.353e-01
0.650000 36.950000 8.6221459181e-01 -1.1217465713e+00 1.414825e+00 2.356e-01
0.650000 37.000000 7.7273329935e-01 -1.0846081827e+00 1.331725e+00 2.359e-01
0.650000 37.050000 6.8717221000e-01 -1.0372071359e+00 1.244188e+00 2.363e-01
0.650000 37.100000 6.0715402568e-01 -9.7988086702e-01 1.152737e+00 2.366e-01
0.650000 37.150000 5.3423949274e-01 -9.1318833429e-01 1.057981e+00 2.369e-01
0.650000 37.200000 4.6998409242e-01 -8.3788701799e-01 9.606975e-01 2.372e-01
0.650000 37.250000 4.1598907489e-01 -7.5500404869e-01 8.620197e-01 2.375e-01
0.650000 37.300000 3.7386974955e-01 -6.6597663175e-01 7.637431e-01 2.379e-01
0.650000 37.350000 3.4509821262e-01 -5.7278516479e-01 6.687119e-01 2.382e-01
0.650000 37.400000 3.3074106535e-01 -4.7798709509e-01 5.812584e-01 2.385e-01
0.650000 37.450000 3.3117169024e-01 -3.8459187781e-01 5.075289e-01 2.388e-01
0.650000 37.500000 3.4585939689e-01 -2.9578146140e-01 4.550883e-01 2.391e-01
0.650000 37.550000 3.7331299422e-01 -2.1454296455e-01 4.305709e-01 2.394e-01
0.650000 37.600000 4.1119955813e-01 -1.4330974667e-01 4.354570e-01 2.398e-01
0.650000 37.650000 4.5660177778e-01 -8.3693720231e-02 4.642088e-01 2.401e-01
0.650000 37.700000 5.0634663724e-01 -3.6350099948e-02 5.076497e-01 2.404e-01
0.650000 37.750000 5.5734165223e-01 -9.7341217042e-04 5.573425e-01 2.407e-01
0.650000 37.800000 6.0687809419e-01 2.3597997933e-02 6.073367e-01 2.410e-01
0.650000 37.850000 6.5288047168e-01 3.9190271872e-02 6.540556e-01 2.414e-01
0.650000 37.900000 6.9408382215e-01 4.8027623455e-02 6.957435e-01 2.417e-01
0.650000 37.950000 7.3010977349e-01 5.2406828516e-02 7.319882e-01 2.420e-01
0.650000 38.000000 7.6140769507e-01 5.4350206285e-02 7.633450e-01 2.423e-01
0.650000 38.050000 7.8904592607e-01 5.5303145830e-02 7.909816e-01 2.426e-01
0.650000 38.100000 8.1438087385e-01 5.5953902730e-02 8.163008e-01 2.429e-01
0.650000 38.150000 8.3867965797e-01 5.6231102546e-02 8.405626e-01 2.433e-01
0.650000 38.200000 8.6279720188e-01 5.5481053216e-02 8.645792e-01 2.436e-01
0.650000 38.250000 8.8699319933e-01 5.2766212048e-02 8.885613e-01 2.439e-01
0.650000 38.300000 9.1092273439e-01 4.7188632824e-02 9.121442e-01 2.442e-01
0.650000 38.350000 9.3377198098e-01 3.8146604772e-02 9.345508e-01 2.445e-01
0.650000 38.400000 9.5446842673e-01 2.5474045420e-02 9.548083e-01 2.449e-01
0.650000 38.450000 9.7189125887e-01 9.4655213391e-03 9.719374e-01 2.452e-01
0.650000 38.500000 9.8503652165e-01 -9.1738062647e-03 9.850792e-01 2.455e-01
0.650000 38.550000 9.9313015099e-01 -2.9409311987e-02 9.935655e-01 2.458e-01
0.650000 38.600000 9.9570537231e-01 -4.9965294074e-02 9.969582e-01 2.461e-01
0.650000 38.650000 9.9265927215e-01 -6.9420531059e-02 9.950837e-01 2.464e-01
0.650000 38.700000 9.8428621112e-01 -8.6318719312e-02 9.880639e-01 2.468e-01
0.650000 38.750000 9.7127308935e-01 -9.9289505687e-02 9.763349e-01 2.471e-01
0.650000 38.800000 9.5464760384e-01 -1.0715737301e-01 9.606429e-01 2.474e-01
0.650000 38.850000 9.3569306722e-01 -1.0901001790e-01 9.420216e-01 2.477e-01
0.650000 38.900000 9.1586461626e-01 -1.0421472705e-01 9.217748e-01 2.480e-01
0.650000 38.950000 8.9674259471e-01 -9.2402199210e-02 9.014907e-01 2.484e-01
0.650000 39.000000 8.8003385775e-01 -7.3460926870e-02 8.830946e-01 2.487e-01
0.650000 39.050000 8.6759420746e-01 -4.7582556498e-02 8.688980e-01 2.490e-01
0.650000 39.100000 8.6141962717e-01 -1.5367225532e-02 8.615567e-01 2.493e-01
0.650000 39.150000 8.6355923515e-01 2.2044733152e-02 8.638406e-01 2.496e-01
0.650000 39.200000 8.7593843603e-01 6.2875521827e-02 8.781922e-01 2.500e-01
0.650000 39.250000 9.0012610311e-01 1.0470166763e-01 9.061950e-01 2.503e-01
0.650000 39.300000 9.3710729285e-01 1.4455303317e-01 9.481907e-01 2.506e-01
0.650000 39.350000 9.8711665530e-01 1.7909297117e-01 1.003232e+00 2.509e-01
0.650000 39.400000 1.0495530579e+00 2.0482867034e-01 1.069353e+00 2.512e-01
0.650000 39.450000 1.1229567781e+00 2.1830901035e-01 1.143980e+00 2.515e-01
0.650000 39.500000 1.2050127383e+00 2.1630013835e-01 1.224272e+00 2.519e-01
0.650000 39.550000 1.2925571610e+00 1.9596182895e-01 1.307327e+00 2.522e-01
0.650000 39.600000 1.3815991709e+00 1.5505665414e-01 1.390273e+00 2.525e-01
0.650000 39.650000 1.4673979989e+00 9.2202203040e-02 1.470292e+00 2.528e-01
0.650000 39.700000 1.5446389781e+00 7.1384667670e-03 1.544655e+00 2.531e-01
0.650000 39.750000 1.6077242071e+00 -9.9046523701e-02 1.610772e+00 2.535e-01
0.650000 39.800000 1.6511533209e+00 -2.2379072044e-01 1.666250e+00 2.538e-01
0.650000 39.850000 1.6699410509e+00 -3.6306281193e-01 1.708952e+00 2.541e-01
0.650000 39.900000 1.6600168112e+00 -5.1149247448e-01 1.737032e+00 2.544e-01
0.650000 39.950000 1.6185736579e+00 -6.6259826262e-01 1.748947e+00 2.547e-01
0.650000 40.000000 1.5443600174e+00 -8.0908785297e-01 1.743465e+00 2.550e-01
0.650000 40.050000 1.4379167359e+00 -9.4322533923e-01 1.719674e+00 2.554e-01
0.650000 40.100000 1.3017474438e+00 -1.0572767668e+00 1.677015e+00 2.557e-01
0.650000 40.150000 1.1403840140e+00 -1.1440396077e+00 1.615334e+00 2.560e-01
0.650000 40.200000 9.6029333722e-01 -1.1974320147e+00 1.534929e+00 2.563e-01
0.650000 40.250000 7.6958325633e-01 -1.2130792661e+00 1.436600e+00 2.566e-01
0.650000 40.300000 5.7750318323e-01 -1.1888109412e+00 1.321659e+00 2.570e-01
0.650000 40.350000 3.9378065078e-01 -1.1249875046e+00 1.191914e+00 2.573e-01
0.650000 40.400000 2.2786663139e-01 -1.0246052871e+00 1.049638e+00 2.576e-01
0.650000 40.450000 8.8168845259e-02 -8.9316589316e-01 8.975071e-01 2.579e-01
0.650000 40.500000 -1.8659539582e-02 -7.3832095371e-01 7.385567e-01 2.582e-01
0.650000 40.550000 -8.8320282050e-02 -5.6931074376e-01 5.761208e-01 2.585e-01
0.650000 40.600000 -1.1930205170e-01 -3.9621761206e-01 4.137890e-01 2.589e-01
0.650000 40.650000 -1.1307394793e-01 -2.2907153418e-01 2.554594e-01 2.592e-01
0.650000 40.700000 -7.3967143609e-02 -7.6884536564e-02 1.066882e-01 2.595e-01
0.650000 40.750000 -8.6999678749e-03 5.3258722023e-02 5.396463e-02 2.598e-01
0.650000 40.800000 7.4430436053e-02 1.5689460796e-01 1.736543e-01 2.601e-01
0.650000 40.850000 1.6657853086e-01 2.3251380444e-01 2.860264e-01 2.605e-01
0.650000 40.900000 2.5942055624e-01 2.8146046194e-01 3.827780e-01 2.608e-01
0.650000 40.950000 3.4606429605e-01 3.0742878624e-01 4.628963e-01 2.611e-01
0.650000 41.000000 4.2164608178e-01 3.1568641488e-01 5.267289e-01 2.614e-01
0.650000 41.050000 4.8355636313e-01 3.1220381168e-01 5.755849e-01 2.617e-01
0.650000 41.100000 5.3133318313e-01 3.0285469522e-01 6.115848e-01 2.621e-01
0.650000 41.150000 5.6632508247e-01 2.9279018812e-01 6.375345e-01 2.624e-01
0.650000 41.200000 5.9123433555e-01 2.8601598872e-01 6.567824e-01 2.627e-01
0.650000 41.250000 6.0962088917e-01 2.8515271903e-01 6.730154e-01 2.630e-01
0.650000 41.300000 6.2540802116e-01 2.9134836717e-01 6.899413e-01 2.633e-01
0.650000 41.350000 6.4241018917e-01 3.0432590266e-01 7.108482e-01 2.636e-01
0.650000 41.400000 6.6390892778e-01 3.2256251818e-01 7.381203e-01 2.640e-01
0.650000 41.450000 6.9231894733e-01 3.4358984209e-01 7.728904e-01 2.643e-01
0.650000 41.500000 7.2899029549e-01 3.6437736148e-01 8.149833e-01 2.646e-01
0.650000 41.550000 7.7417022391e-01 3.8173321592e-01 8.631685e-01 2.649e-01
0.650000 41.600000 8.2710735876e-01 3.9264999356e-01 9.155766e-01 2.652e-01
0.650000 41.650000 8.8624346323e-01 3.9454707364e-01 9.701004e-01 2.656e-01
0.650000 41.700000 9.4942631073e-01 3.8540369618e-01 1.024669e+00 2.659e-01
0.650000 41.750000 1.0140964465e+00 3.6381397169e-01 1.077382e+00 2.662e-01
0.650000 41.800000 1.0774362991e+00 3.2900650921e-01 1.126550e+00 2.665e-01
0.650000 41.850000 1.1364981050e+00 2.8085532706e-01 1.170687e+00 2.668e-01
0.650000 41.900000 1.1883310143e+00 2.1988194107e-01 1.208503e+00 2.671e-01
0.650000 41.950000 1.2301102113e+00 1.4723352950e-01 1.238890e+00 2.675e-01
0.650000 42.000000 1.2592509105e+00 6.4630280832e-02 1.260908e+00 2.678e-01
0.650000 42.050000 1.2734882223e+00 -2.5701875257e-02 1.273748e+00 2.681e-01
0.650000 42.100000 1.2709259056e+00 -1.2108094198e-01 1.276681e+00 2.684e-01
0.650000 42.150000 1.2500883239e+00 -2.1837870321e-01 1.269019e+00 2.687e-01
0.650000 42.200000 1.2100249041e+00 -3.1400492329e-01 1.250104e+00 2.691e-01
0.650000 42.250000 1.1504969373e+00 -4.0392214191e-01 1.219343e+00 2.694e-01
0.650000 42.300000 1.0722264829e+00 -4.8376563148e-01 1.176307e+00 2.697e-01
0.650000 42.350000 9.7713221164e-01 -5.4911944177e-01 1.120857e+00 2.700e-01
0.650000 42.400000 8.6844980666e-01 -5.9594026580e-01 1.053257e+00 2.703e-01
0.650000 42.450000 7.5065373816e-01 -6.2105482693e-01 9.742639e-01 2.706e-01
0.650000 42.500000 6.2915547164e-01 -6.2261752599e-01 8.851492e-01 2.710e-01
0.650000 42.550000 5.0982146783e-01 -6.0042171319e-01 7.876701e-01 2.713e-01
0.650000 42.600000 3.9840017019e-01 -5.5600275833e-01 6.840042e-01 2.716e-01
0.650000 42.650000 2.9995422088e-01 -4.9252711352e-01 5.766762e-01 2.719e-01
0.650000 42.700000 2.1837035337e-01 -4.1450077324e-01 4.685045e-01 2.722e-01
0.650000 42.750000 1.5598864280e-01 -3.2734165748e-01 3.626086e-01 2.726e-01
0.650000 42.800000 1.1337635962e-01 -2.3685393511e-01 2.625909e-01 2.729e-01
0.650000 42.850000 8.9273083349e-02 -1.4863961349e-01 1.733881e-01 2.732e-01
0.650000 42.900000 8.0737475986e-02 -6.7497993603e-02 1.052355e-01 2.735e-01
0.650000 42.950000 8.3511085967e-02 3.1086937633e-03 8.356893e-02 2.738e-01
0.650000 43.000000 9.2572307865e-02 6.1427382156e-02 1.110989e-01 2.742e-01
0.650000 43.050000 1.0279790176e-01 1.0754303713e-01 1.487713e-01 2.745e-01
0.650000 43.100000 1.0960952714e-01 1.4323659402e-01 1.803634e-01 2.748e-01
0.650000 43.150000 1.0948436422e-01 1.7161612882e-01 2.035655e-01 2.751e-01
0.650000 43.200000 1.0025610348e-01 1.9662175863e-01 2.207066e-01 2.754e-01
0.650000 43.250000 8.1202920104e-02 2.2251783181e-01 2.368715e-01 2.757e-01
0.650000 43.300000 5.2976423702e-02 2.5345240998e-01 2.589298e-01 2.761e-01
0.650000 43.350000 1.7442594081e-02 2.9310743437e-01 2.936260e-01 2.764e-01
0.650000 43.400000 -2.2519271428e-02 3.4441878144e-01 3.451542e-01 2.767e-01
0.650000 43.450000 -6.3256225111e-02 4.0933823320e-01 4.141970e-01 2.770e-01
0.650000 43.500000 -1.0064331656e-01 4.8863751365e-01 4.988945e-01 2.773e-01
0.650000 43.550000 -1.3046113744e-01 5.8179221815e-01 5.962401e-01 2.777e-01
0.650000 43.600000 -1.4882373496e-01 6.8699909870e-01 7.029340e-01 2.780e-01
0.650000 43.650000 -1.5258965689e-01 8.0135808112e-01 8.157563e-01 2.783e-01
0.650000 43.700000 -1.3967474086e-01 9.2120130945e-01 9.317300e-01 2.786e-01
0.650000 43.750000 -1.0921006282e-01 1.0425048625e+00 1.048210e+00 2.789e-01
0.650000 43.800000 -6.1537638550e-02 1.1613022811e+00 1.162932e+00 2.792e-01
0.650000 43.850000 1.9200504277e-03 1.2740397709e+00 1.274041e+00 2.796e-01
0.650000 43.900000 7.8867382347e-02 1.3778530136e+00 1.380108e+00 2.799e-01
0.650000 43.950000 1.6638944143e-01 1.4707752003e+00 1.480157e+00 2.802e-01
0.650000 44.000000 2.6125182068e-01 1.5518850421e+00 1.573722e+00 2.805e-01
0.650000 44.050000 3.6025712118e-01 1.6213762615e+00 1.660917e+00 2.808e-01
0.650000 44.100000 4.6064631609e-01 1.6805023932e+00 1.742493e+00 2.812e-01
0.650000 44.150000 5.6048748674e-01 1.7313522627e+00 1.819815e+00 2.815e-01
0.650000 44.200000 6.5895692569e-01 1.7764538619e+00 1.894733e+00 2.818e-01
0.650000 44.250000 7.5641949185e-01 1.8182709451e+00 1.969335e+00 2.821e-01
0.650000 44.300000 8.5426607698e-01 1.8587114304e+00 2.045624e+00 2.824e-01
0.650000 44.350000 9.5454598837e-01 1.8987761358e+00 2.125208e+00 2.827e-01
0.650000 44.400000 1.0595019383e+00 1.9384309276e+00 2.209086e+00 2.831e-01
0.650000 44.450000 1.1711402839e+00 1.9767058539e+00 2.297593e+00 2.834e-01
0.650000 44.500000 1.2909388968e+00 2.0119502339e+00 2.390495e+00 2.837e-01
0.650000 44.550000 1.4197288199e+00 2.0421370352e+00 2.487158e+00 2.840e-01
0.650000 44.600000 1.5577194187e+00 2.0651235435e+00 2.586740e+00 2.843e-01
0.650000 44.650000 1.7046004302e+00 2.0788217254e+00 2.688338e+00 2.847e-01
0.650000 44.700000 1.8596567825e+00 2.0812805861e+00 2.791067e+00 2.850e-01
0.650000 44.750000 2.0218591282e+00 2.0707101864e+00 2.894090e+00 2.853e-01
0.650000 44.800000 2.1899209888e+00 2.0454780169e+00 2.996620e+00 2.856e-01
0.650000 44.850000 2.3623262052e+00 2.0040960362e+00 3.097900e+00 2.859e-01
0.650000 44.900000 2.5373287602e+00 1.9452082863e+00 3.197166e+00 2.863e-01
0.650000 44.950000 2.7129240054e+00 1.8675921607e+00 3.293609e+00 2.866e-01
0.650000 45.000000 2.8867979171e+00 1.7701940326e+00 3.386324e+00 2.869e-01
0.650000 45.050000 3.0562788225e+00 1.6522179007e+00 3.474286e+00 2.872e-01
0.650000 45.100000 3.2183307553e+00 1.5132662328e+00 3.556350e+00 2.875e-01
0.650000 45.150000 3.3696235456e+00 1.3535024990e+00 3.631299e+00 2.878e-01
0.650000 45.200000 3.5066875398e+00 1.1737837219e+00 3.697922e+00 2.882e-01
0.650000 45.250000 3.6261232169e+00 9.7571561612e-01 3.755102e+00 2.885e-01
0.650000 45.300000 3.7248107422e+00 7.6161411574e-01 3.801877e+00 2.888e-01
0.650000 45.350000 3.8000690415e+00 5.3439822303e-01 3.837461e+00 2.891e-01
0.650000 45.400000 3.8497471477e+00 2.9746463973e-01 3.861222e+00 2.894e-01
0.650000 45.450000 3.8722718857e+00 5.4587684764e-02 3.872657e+00 2.898e-01
0.650000 45.500000 3.8666984504e+00 -1.9014745064e-01 3.871371e+00 2.901e-01
0.650000 45.550000 3.8327985977e+00 -4.3241084258e-01 3.857113e+00 2.904e-01
0.650000 45.600000 3.7711819282e+00 -6.6774478423e-01 3.829843e+00 2.907e-01
0.650000 45.650000 3.6834042620e+00 -8.9176613841e-01 3.789817e+00 2.910e-01
0.650000 45.700000 3.5720002619e+00 -1.1004460467e+00 3.737669e+00 2.913e-01
0.650000 45.750000 3.4403959894e+00 -1.2904167634e+00 3.674439e+00 2.917e-01
0.650000 45.800000 3.2926987383e+00 -1.4592387494e+00 3.601561e+00 2.920e-01
0.650000 45.850000 3.1334000131e+00 -1.6055772693e+00 3.520806e+00 2.923e-01
0.650000 45.900000 2.9670411229e+00 -1.7292717668e+00 3.434198e+00 2.926e-01
0.650000 45.950000 2.7978772173e+00 -1.8313078731e+00 3.343921e+00 2.929e-01
0.650000 46.000000 2.6295528227e+00 -1.9137039916e+00 3.252201e+00 2.933e-01
0.650000 46.050000 2.4647944617e+00 -1.9793061593e+00 3.161149e+00 2.936e-01
0.650000 46.100000 2.3051453742e+00 -2.0314691075e+00 3.072550e+00 2.939e-01
0.650000 46.150000 2.1508019405e+00 -2.0736126777e+00 2.987611e+00 2.942e-01
0.650000 46.200000 2.0006322113e+00 -2.1086878893e+00 2.906733e+00 2.945e-01
0.650000 46.250000 1.8524374804e+00 -2.1386468926e+00 2.829370e+00 2.948e-01
0.650000 46.300000 1.7034538170e+00 -2.1640502394e+00 2.754064e+00 2.952e-01
0.650000 46.350000 1.5510063119e+00 -2.1839333670e+00 2.678654e+00 2.955e-01
0.650000 46.400000 1.3931653163e+00 -2.1959875902e+00 2.600629e+00 2.958e-01
0.650000 46.450000 1.2292447801e+00 -2.1970155714e+00 2.517523e+00 2.961e-01
0.650000 46.500000 1.0600342200e+00 -2.1835401268e+00 2.427245e+00 2.964e-01
0.650000 46.550000 8.8774311806e-01 -2.1524136703e+00 2.328298e+00 2.968e-01
0.650000 46.600000 7.1571872317e-01 -2.1013020129e+00 2.219848e+00 2.971e-01
0.650000 46.650000 5.4804174981e-01 -2.0289797293e+00 2.101692e+00 2.974e-01
0.650000 46.700000 3.8910060615e-01 -1.9354396061e+00 1.974165e+00 2.977e-01
0.650000 46.750000 2.4321024730e-01 -1.8218579974e+00 1.838020e+00 2.980e-01
0.650000 46.800000 1.1430398160e-01 -1.6904651572e+00 1.694325e+00 2.984e-01
0.650000 46.850000 5.7045402812e-03 -1.5443587439e+00 1.544369e+00 2.987e-01
0.650000 46.900000 -8.0025184122e-02 -1.3872890159e+00 1.389595e+00 2.990e-01
0.650000 46.950000 -1.4115453156e-01 -1.2234443834e+00 1.231560e+00 2.993e-01
0.650000 47.000000 -1.7679617839e-01 -1.0572684695e+00 1.071948e+00 2.996e-01
0.650000 47.050000 -1.8689213370e-01 -8.9332963098e-01 9.126700e-01 2.999e-01
0.650000 47.100000 -1.7222293220e-01 -7.3623404413e-01 7.561093e-01 3.003e-01
0.650000 47.150000 -1.3447374851e-01 -5.9053509937e-01 6.056525e-01 3.006e-01
0.650000 47.200000 -7.6346349741e-02 -4.6057006092e-01 4.668550e-01 3.009e-01
0.650000 47.250000 -1.6496412053e-03 -3.5017217698e-01 3.501761e-01 3.012e-01
0.650000 47.300000 8.4732911172e-02 -2.6226467317e-01 2.756128e-01 3.015e-01
0.650000 47.350000 1.7708632079e-01 -1.9841793790e-01 2.659497e-01 3.019e-01
0.650000 47.400000 2.6933931670e-01 -1.5850340667e-01 3.125172e-01 3.022e-01
0.650000 47.450000 3.5570374175e-01 -1.4057558802e-01 3.824744e-01 3.025e-01
0.650000 47.500000 4.3133895286e-01 -1.4105303603e-01 4.538163e-01 3.028e-01
0.650000 47.550000 4.9288406645e-01 -1.5517648113e-01 5.167344e-01 3.031e-01
0.650000 47.600000 5.3874276860e-01 -1.7764038881e-01 5.672741e-01 3.034e-01
0.650000 47.650000 5.6908356374e-01 -2.0325732783e-01 6.042927e-01 3.038e-01
0.650000 47.700000 5.8559424876e-01 -2.2753071198e-01 6.282443e-01 3.041e-01
0.650000 47.750000 5.9107269605e-01 -2.4706120833e-01 6.406295e-01 3.044e-01
0.650000 47.800000 5.8894023353e-01 -2.5976382745e-01 6.436830e-01 3.047e-01
0.650000 47.850000 5.8274545418e-01 -2.6490383286e-01 6.401299e-01 3.050e-01
0.650000 47.900000 5.7570887464e-01 -2.6296876445e-01 6.329244e-01 3.054e-01
0.650000 47.950000 5.7035505338e-01 -2.5539700054e-01 6.249260e-01 3.057e-01
0.650000 48.000000 5.6828187984e-01 -2.4419753251e-01 6.185279e-01 3.060e-01
0.650000 48.050000 5.7010828126e-01 -2.3152349915e-01 6.153264e-01 3.063e-01
0.650000 48.100000 5.7560829041e-01 -2.1928761020e-01 6.159643e-01 3.066e-01
0.650000 48.150000 5.8398683658e-01 -2.0890774977e-01 6.202282e-01 3.069e-01
0.650000 48.200000 5.9420494343e-01 -2.0123360864e-01 6.273551e-01 3.073e-01
0.650000 48.250000 6.0524739268e-01 -1.9664077361e-01 6.363898e-01 3.076e-01
0.650000 48.300000 6.1625720434e-01 -1.9521720657e-01 6.464385e-01 3.079e-01
0.650000 48.350000 6.2652563369e-01 -1.9694028507e-01 6.567495e-01 3.082e-01
0.650000 48.400000 6.3539129206e-01 -2.0176438637e-01 6.666566e-01 3.085e-01
0.650000 48.450000 6.4213442307e-01 -2.0959615961e-01 6.754755e-01 3.089e-01
0.650000 48.500000 6.4593846323e-01 -2.2019483483e-01 6.824385e-01 3.092e-01
0.650000 48.550000 6.4594363107e-01 -2.3306657176e-01 6.867046e-01 3.095e-01
0.650000 48.600000 6.4136657414e-01 -2.4741272968e-01 6.874330e-01 3.098e-01
0.650000 48.650000 6.3163389626e-01 -2.6215467422e-01 6.838761e-01 3.101e-01
0.650000 48.700000 6.1648455292e-01 -2.7601922559e-01 6.754553e-01 3.105e-01
0.650000 48.750000 5.9602356814e-01 -2.8765151243e-01 6.618062e-01 3.108e-01
0.650000 48.800000 5.7073402395e-01 -2.9572984647e-01 6.428013e-01 3.111e-01
0.650000 48.850000 5.4145978397e-01 -2.9907592030e-01 6.185670e-01 3.114e-01
0.650000 48.900000 5.0935980290e-01 -2.9676337016e-01 5.895048e-01 3.117e-01
0.650000 48.950000 4.7582258472e-01 -2.8821921822e-01 5.563070e-01 3.120e-01
0.650000 49.000000 4.4233319222e-01 -2.7329416594e-01 5.199503e-01 3.124e-01
0.650000 49.050000 4.1030810823e-01 -2.5226824563e-01 4.816555e-01 3.127e-01
0.650000 49.100000 3.8094070735e-01 -2.2577246869e-01 4.428194e-01 3.130e-01
0.650000 49.150000 3.5511020867e-01 -1.9464217847e-01 4.049554e-01 3.133e-01
0.650000 49.200000 3.3338690490e-01 -1.5975384572e-01 3.696865e-01 3.136e-01
0.650000 49.250000 3.1612335820e-01 -1.2190969760e-01 3.388155e-01 3.140e-01
0.650000 49.300000 3.0357932043e-01 -8.1812358649e-02 3.144100e-01 3.143e-01
0.650000 49.350000 2.9601322303e-01 -4.0125176027e-02 2.987204e-01 3.146e-01
0.650000 49.400000 2.9369522570e-01 2.4299766571e-03 2.937053e-01 3.149e-01
0.650000 49.450000 2.9684287435e-01 4.5000812423e-02 3.002345e-01 3.152e-01
0.650000 49.500000 3.0552222353e-01 8.6600485988e-02 3.175586e-01 3.155e-01
0.650000 49.550000 3.1956998530e-01 1.2616990212e-01 3.435751e-01 3.159e-01
0.650000 49.600000 3.3857053855e-01 1.6266875014e-01 3.756210e-01 3.162e-01
0.650000 49.650000 3.6188261684e-01 1.9515009113e-01 4.111479e-01 3.165e-01
0.650000 49.700000 3.8868161390e-01 2.2279665774e-01 4.480086e-01 3.168e-01
0.650000 49.750000 4.1798349984e-01 2.4493199701e-01 4.844604e-01 3.171e-01
0.650000 49.800000 4.4864292920e-01 2.6104005271e-01 5.190591e-01 3.175e-01
0.650000 49.850000 4.7935000352e-01 2.7081806341e-01 5.505623e-01 3.178e-01
0.650000 49.900000 5.0866271750e-01 2.7425665380e-01 5.778879e-01 3.181e-01
0.650000 49.950000 5.3509502809e-01 2.7171101506e-01 6.001280e-01 3.184e-01
0.650000 50.000000 5.5724510214e-01 2.6392101961e-01 6.165845e-01 3.187e-01
0.650000 50.050000 5.7391968962e-01 2.5196202535e-01 6.267924e-01 3.190e-01
0.650000 50.100000 5.8420973277e-01 2.3714654830e-01 6.305073e-01 3.194e-01
0.650000 50.150000 5.8750112137e-01 2.2092361894e-01 6.276662e-01 3.197e-01
0.650000 50.200000 5.8344397751e-01 2.0481874854e-01 6.183507e-01 3.200e-01
0.650000 50.250000 5.7192718729e-01 1.9042516952e-01 6.027955e-01 3.203e-01
0.650000 50.300000 5.5309606883e-01 1.7941821631e-01 5.814690e-01 3.206e-01
0.650000 50.350000 5.2741613260e-01 1.7354590925e-01 5.552350e-01 3.210e-01
0.650000 50.400000 4.9574894247e-01 1.7456280083e-01 5.255846e-01 3.213e-01
0.650000 50.450000 4.5939259488e-01 1.8411105361e-01 4.949126e-01 3.216e-01
0.650000 50.500000 4.2005842486e-01 2.0358676134e-01 4.667940e-01 3.219e-01
0.650000 50.550000 3.7979357347e-01 2.3403695005e-01 4.461126e-01 3.222e-01
0.650000 50.600000 3.4088901557e-01 2.7610840937e-01 4.386812e-01 3.226e-01
0.650000 50.650000 3.0581300724e-01 3.3003078386e-01 4.499355e-01 3.229e-01
0.650000 50.700000 2.7717972761e-01 3.9559100299e-01 4.830330e-01 3.232e-01
0.650000 50.750000 2.5772275648e-01 4.7206321493e-01 5.378333e-01 3.235e-01
0.650000 50.800000 2.5022110555e-01 5.5809490439e-01 6.116212e-01 3.238e-01
0.650000 50.850000 2.5733827374e-01 6.5159255224e-01 7.005682e-01 3.241e-01
0.650000 50.900000 2.8137577219e-01 7.4967123317e-01 8.007367e-01 3.245e-01
0.650000 50.950000 3.2398689258e-01 8.4871832237e-01 9.084549e-01 3.248e-01
0.650000 51.000000 3.8591789345e-01 9.4458132333e-01 1.020376e+00 3.251e-01
0.650000 51.050000 4.6683214723e-01 1.0328489067e+00 1.133450e+00 3.254e-01
0.650000 51.100000 5.6524013215e-01 1.1091757512e+00 1.244896e+00 3.257e-01
0.650000 51.150000 6.7852888199e-01 1.1696110260e+00 1.352180e+00 3.261e-01
0.650000 51.200000 8.0307715830e-01 1.2109121305e+00 1.453011e+00 3.264e-01
0.650000 51.250000 9.3445616539e-01 1.2308362052e+00 1.545369e+00 3.267e-01
0.650000 51.300000 1.0677304062e+00 1.2283888988e+00 1.627571e+00 3.270e-01
0.650000 51.350000 1.1978660662e+00 1.2039814599e+00 1.698368e+00 3.273e-01
0.650000 51.400000 1.3202171180e+00 1.1594288989e+00 1.757057e+00 3.276e-01
0.650000 51.450000 1.4310081806e+00 1.0977383230e+00 1.803556e+00 3.280e-01
0.650000 51.500000 1.5276999083e+00 1.0226921950e+00 1.838414e+00 3.283e-01
0.650000 51.550000 1.6091346235e+00 9.3830432059e-01 1.862721e+00 3.286e-01
0.650000 51.600000 1.6754205799e+00 8.4827954510e-01 1.877928e+00 3.289e-01
0.650000 51.650000 1.7275976330e+00 7.5561118304e-01 1.885614e+00 3.292e-01
0.650000 51.700000 1.7671950793e+00 6.6239894356e-01 1.887260e+00 3.296e-01
0.650000 51.750000 1.7958121843e+00 5.6988968691e-01 1.884069e+00 3.299e-01
0.650000 51.800000 1.8148182978e+00 4.7867333181e-01 1.876884e+00 3.302e-01
0.650000 51.850000 1.8252056428e+00 3.8893725251e-01 1.866185e+00 3.305e-01
0.650000 51.900000 1.8275697218e+00 3.0069945774e-01 1.852142e+00 3.308e-01
0.650000 51.950000 1.8221660624e+00 2.1398306077e-01 1.834687e+00 3.311e-01
0.650000 52.000000 1.8090000899e+00 1.2893185799e-01 1.813589e+00 3.315e-01
0.650000 52.050000 1.7879302529e+00 4.5879963566e-02 1.788519e+00 3.318e-01
0.650000 52.100000 1.7587791474e+00 -3.4620056187e-02 1.759120e+00 3.321e-01
0.650000 52.150000 1.7214423271e+00 -1.1181725504e-01 1.725070e+00 3.324e-01
0.650000 52.200000 1.6759689337e+00 -1.8483248504e-01 1.686130e+00 3.327e-01
0.650000 52.250000 1.6225828482e+00 -2.5275725003e-01 1.642151e+00 3.331e-01
0.650000 52.300000 1.5616323546e+00 -3.1473436611e-01 1.593033e+00 3.334e-01
0.650000 52.350000 1.4934955188e+00 -3.6996944425e-01 1.538638e+00 3.337e-01
0.650000 52.400000 1.4185043368e+00 -4.1765153475e-01 1.478711e+00 3.340e-01
0.650000 52.450000 1.3369565158e+00 -4.5681349971e-01 1.412845e+00 3.343e-01
0.650000 52.500000 1.2492485483e+00 -4.8620886849e-01 1.340530e+00 3.347e-01
0.650000 52.550000 1.1561018535e+00 -5.0429245994e-01 1.261302e+00 3.350e-01
0.650000 52.600000 1.0587978930e+00 -5.0935610483e-01 1.174945e+00 3.353e-01
0.650000 52.650000 9.5931987563e-01 -4.9980447309e-01 1.081711e+00 3.356e-01
0.650000 52.700000 8.6032901821e-01 -4.7449336049e-01 9.825019e-01 3.359e-01
0.650000 52.750000 7.6496631378e-01 -4.3302553562e-01 8.790248e-01 3.362e-01
0.650000 52.800000 6.7653360622e-01 -3.7591833881e-01 7.739589e-01 3.366e-01
0.650000 52.850000 5.9814103343e-01 -3.0460801099e-01 6.712367e-01 3.369e-01
0.650000 52.900000 5.3240203268e-01 -2.2130916857e-01 5.765671e-01 3.372e-01
0.650000 52.950000 4.8122510007e-01 -1.2877946704e-01 4.981584e-01 3.375e-01
0.650000 53.000000 4.4571701062e-01 -3.0043227330e-02 4.467284e-01 3.378e-01
0.650000 53.050000 4.2619233043e-01 7.1884177911e-02 4.322120e-01 3.382e-01
0.650000 53.100000 4.2227907193e-01 1.7423924318e-01 4.568139e-01 3.385e-01
0.650000 53.150000 4.3310713512e-01 2.7468803068e-01 5.128697e-01 3.388e-01
0.650000 53.200000 4.5755184138e-01 3.7140250937e-01 5.893161e-01 3.391e-01
0.650000 53.250000 4.9447978250e-01 4.6300884179e-01 6.774123e-01 3.394e-01
0.650000 53.300000 5.4292429059e-01 5.4841334536e-01 7.717020e-01 3.397e-01
0.650000 53.350000 6.0212376023e-01 6.2655963857e-01 8.689822e-01 3.401e-01
0.650000 53.400000 6.7139697515e-01 6.9620992757e-01 9.672033e-01 3.404e-01
0.650000 53.450000 7.4989324723e-01 7.5584876265e-01 1.064729e+00 3.407e-01
0.650000 53.500000 8.3631224345e-01 8.0376864070e-01 1.159941e+00 3.410e-01
0.650000 53.550000 9.2870904921e-01 8.3832753882e-01 1.251117e+00 3.413e-01
0.650000 53.600000 1.0244721664e+00 8.5830056744e-01 1.336497e+00 3.417e-01
0.650000 53.650000 1.1204989887e+00 8.6321289333e-01 1.414445e+00 3.420e-01
0.650000 53.700000 1.2135254402e+00 8.5355221852e-01 1.483643e+00 3.423e-01
0.650000 53.750000 1.3005236348e+00 8.3080532875e-01 1.543243e+00 3.426e-01
0.650000 53.800000 1.3790759803e+00 7.9731805633e-01 1.592974e+00 3.429e-01
0.650000 53.850000 1.4476569824e+00 7.5601705557e-01 1.633179e+00 3.433e-01
0.650000 53.900000 1.5057843806e+00 7.1004670672e-01 1.664798e+00 3.436e-01
0.650000 53.950000 1.5540230036e+00 6.6237415966e-01 1.689298e+00 3.439e-01
0.650000 54.000000 1.5938366532e+00 6.1541502531e-01 1.708523e+00 3.442e-01
0.650000 54.050000 1.6272967541e+00 5.7073821045e-01 1.724482e+00 3.445e-01
0.650000 54.100000 1.6566824983e+00 5.2891274489e-01 1.739065e+00 3.448e-01
0.650000 54.150000 1.6840436082e+00 4.8954583374e-01 1.753755e+00 3.452e-01
0.650000 54.200000 1.7108257788e+00 4.5152010250e-01 1.769405e+00 3.455e-01
0.650000 54.250000 1.7376575491e+00 4.1337781824e-01 1.786151e+00 3.458e-01
0.650000 54.300000 1.7643551260e+00 3.7374685433e-01 1.803507e+00 3.461e-01
0.650000 54.350000 1.7901308789e+00 3.3168619279e-01 1.820600e+00 3.464e-01
0.650000 54.400000 1.8139231852e+00 2.8686061595e-01 1.836466e+00 3.468e-01
0.650000 54.450000 1.8347328544e+00 2.3952152299e-01 1.850301e+00 3.471e-01
0.650000 54.500000 1.8518688167e+00 1.9034027468e-01 1.861625e+00 3.474e-01
0.650000 54.550000 1.8650598459e+00 1.4017856262e-01 1.870320e+00 3.477e-01
0.650000 54.600000 1.8744473254e+00 8.9873293877e-02 1.876601e+00 3.480e-01
0.650000 54.650000 1.8805054134e+00 4.0074923083e-02 1.880932e+00 3.483e-01
0.650000 54.700000 1.8839290874e+00 -8.8614680611e-03 1.883950e+00 3.487e-01
0.650000 54.750000 1.8855029298e+00 -5.6947494665e-02 1.886363e+00 3.490e-01
0.650000 54.800000 1.8859429256e+00 -1.0459520365e-01 1.888841e+00 3.493e-01
0.650000 54.850000 1.8857106357e+00 -1.5258796108e-01 1.891874e+00 3.496e-01
0.650000 54.900000 1.8848310087e+00 -2.0195623819e-01 1.895620e+00 3.499e-01
0.650000 54.950000 1.8827767417e+00 -2.5375303038e-01 1.899800e+00 3.503e-01
0.650000 55.000000 1.8784838894e+00 -3.0877449630e-01 1.903692e+00 3.506e-01
0.650000 55.050000 1.8705230589e+00 -3.6731504249e-01 1.906247e+00 3.509e-01
0.650000 55.100000 1.8573839813e+00 -4.2905061541e-01 1.906295e+00 3.512e-01
0.650000 55.150000 1.8377747640e+00 -4.9309880624e-01 1.902778e+00 3.515e-01
0.650000 55.200000 1.8108248898e+00 -5.5822923195e-01 1.894916e+00 3.518e-01
0.650000 55.250000 1.7761231305e+00 -6.2313192825e-01 1.882261e+00 3.522e-01
0.650000 55.300000 1.7335967630e+00 -6.8663055039e-01 1.864623e+00 3.525e-01
0.650000 55.350000 1.6833068583e+00 -7.4776088877e-01 1.841920e+00 3.528e-01
0.650000 55.400000 1.6252614699e+00 -8.0570254182e-01 1.814010e+00 3.531e-01
0.650000 55.450000 1.5593254614e+00 -8.5961462805e-01 1.780571e+00 3.534e-01
0.650000 55.500000 1.4852525295e+00 -9.0845418906e-01 1.741053e+00 3.538e-01
0.650000 55.550000 1.4028155786e+00 -9.5084236906e-01 1.694695e+00 3.541e-01
0.650000 55.600000 1.3119908923e+00 -9.8500805026e-01 1.640598e+00 3.544e-01
0.650000 55.650000 1.2131605377e+00 -1.0088102670e+00 1.577801e+00 3.547e-01
0.650000 55.700000 1.1073156786e+00 -1.0198364520e+00 1.505395e+00 3.550e-01
0.650000 55.750000 9.9624654031e-01 -1.0155870775e+00 1.422647e+00 3.554e-01
0.650000 55.800000 8.8268396221e-01 -9.9376491799e-01 1.329173e+00 3.557e-01
0.650000 55.850000 7.7032777317e-01 -9.5266706612e-01 1.225145e+00 3.560e-01
0.650000 55.900000 6.6368761837e-01 -8.9162831211e-01 1.111523e+00 3.563e-01
0.650000 55.950000 5.6769456164e-01 -8.1140884695e-01 9.902835e-01 3.566e-01
0.650000 56.000000 4.8711446927e-01 -7.1439291705e-01 8.646605e-01 3.569e-01
0.650000 56.050000 4.2587764217e-01 -6.0449320832e-01 7.394483e-01 3.573e-01
0.650000 56.100000 3.8649246229e-01 -4.8673597694e-01 6.215210e-01 3.576e-01
0.650000 56.150000 3.6970457685e-01 -3.6660339940e-01 5.206530e-01 3.579e-01
0.650000 56.200000 3.7449638538e-01 -2.4928909266e-01 4.498806e-01 3.582e-01
0.650000 56.250000 3.9842197548e-01 -1.3904777128e-01 4.219886e-01 3.585e-01
0.650000 56.300000 4.3818069392e-01 -3.8784629117e-02 4.398938e-01 3.589e-01
0.650000 56.350000 4.9028033159e-01 5.0045223973e-02 4.928279e-01 3.592e-01
0.650000 56.400000 5.5163828002e-01 1.2723935350e-01 5.661225e-01 3.595e-01
0.650000 56.450000 6.2000416329e-01 1.9342745417e-01 6.494762e-01 3.598e-01
0.650000 56.500000 6.9413902910e-01 2.4953526923e-01 7.376292e-01 3.601e-01
0.650000 56.550000 7.7373719965e-01 2.9624777569e-01 8.285119e-01 3.604e-01
0.650000 56.600000 8.5912094244e-01 3.3357718205e-01 9.216087e-01 3.608e-01
0.650000 56.650000 9.5077569261e-01 3.6062024234e-01 1.016868e+00 3.611e-01
0.650000 56.700000 1.0488235826e+00 3.7555544901e-01 1.114034e+00 3.614e-01
0.650000 56.750000 1.1525482557e+00 3.7588330222e-01 1.212294e+00 3.617e-01
0.650000 56.800000 1.2600745172e+00 3.5885948649e-01 1.310179e+00 3.620e-01
0.650000 56.850000 1.3682690127e+00 3.2202759640e-01 1.405654e+00 3.624e-01
0.650000 56.900000 1.4728728174e+00 2.6374203501e-01 1.496300e+00 3.627e-01
0.650000 56.950000 1.5688245329e+00 1.8358918762e-01 1.579530e+00 3.630e-01
0.650000 57.000000 1.6507038056e+00 8.2655468208e-02 1.652772e+00 3.633e-01
0.650000 57.050000 1.7132272851e+00 -3.6367964499e-02 1.713613e+00 3.636e-01
0.650000 57.100000 1.7517506596e+00 -1.6923240050e-01 1.759906e+00 3.639e-01
0.650000 57.150000 1.7627492904e+00 -3.1032190714e-01 1.789856e+00 3.643e-01
0.650000 57.200000 1.7442486421e+00 -4.5299071378e-01 1.802111e+00 3.646e-01
0.650000 57.250000 1.6961547812e+00 -5.9005134244e-01 1.795857e+00 3.649e-01
0.650000 57.300000 1.6204143640e+00 -7.1438967015e-01 1.770902e+00 3.652e-01
0.650000 57.350000 1.5209383855e+00 -8.1963521199e-01 1.727731e+00 3.655e-01
0.650000 57.400000 1.4032671607e+00 -9.0077301425e-01 1.667498e+00 3.659e-01
0.650000 57.450000 1.2740235002e+00 -9.5457745304e-01 1.591965e+00 3.662e-01
0.650000 57.500000 1.1402643434e+00 -9.7979074910e-01 1.503394e+00 3.665e-01
0.650000 57.550000 1.0088643049e+00 -9.7704499434e-01 1.404430e+00 3.668e-01
0.650000 57.600000 8.8603379809e-01 -9.4859958264e-01 1.298036e+00 3.671e-01
0.650000 57.650000 7.7700603996e-01 -8.9799966656e-01 1.187494e+00 3.675e-01
0.650000 57.700000 6.8585916742e-01 -8.2974135530e-01 1.076510e+00 3.678e-01
0.650000 57.750000 6.1540864269e-01 -7.4897285969e-01 9.693751e-01 3.681e-01
0.650000 57.800000 5.6712423150e-01 -6.6120559642e-01 8.711043e-01 3.684e-01
0.650000 57.850000 5.4107690071e-01 -5.7199059980e-01 7.873611e-01 3.687e-01
0.650000 57.900000 5.3596632236e-01 -4.8654411715e-01 7.238681e-01 3.690e-01
0.650000 57.950000 5.4928612924e-01 -4.0936186998e-01 6.850492e-01 3.694e-01
0.650000 58.000000 5.7764377383e-01 -3.4390641242e-01 6.722678e-01 3.697e-01
0.650000 58.050000 6.1718675125e-01 -2.9245484031e-01 6.829710e-01 3.700e-01
0.650000 58.100000 6.6403472478e-01 -2.5614890631e-01 7.117263e-01 3.703e-01
0.650000 58.150000 7.1460788165e-01 -2.3521890512e-01 7.523246e-01 3.706e-01
0.650000 58.200000 7.6578081105e-01 -2.2929287664e-01 7.993719e-01 3.710e-01
0.650000 58.250000 8.1485727424e-01 -2.3768203322e-01 8.488140e-01 3.713e-01
0.650000 58.300000 8.5942164529e-01 -2.5955697520e-01 8.977613e-01 3.716e-01
0.650000 58.350000 8.9715279227e-01 -2.9397953572e-01 9.440906e-01 3.719e-01
0.650000 58.400000 9.2568117232e-01 -3.3980539562e-01 9.860798e-01 3.722e-01
0.650000 58.450000 9.4254335774e-01 -3.9550427190e-01 1.022160e+00 3.725e-01
0.650000 58.500000 9.4525854416e-01 -4.5895524388e-01 1.050787e+00 3.729e-01
0.650000 58.550000 9.3152891583e-01 -5.2727444315e-01 1.070404e+00 3.732e-01
0.650000 58.600000 8.9954760597e-01 -5.9673069504e-01 1.079478e+00 3.735e-01
0.650000 58.650000 8.4837626187e-01 -6.6280189224e-01 1.076591e+00 3.738e-01
0.650000 58.700000 7.7832649484e-01 -7.2041166880e-01 1.060559e+00 3.741e-01
0.650000 58.750000 6.9125519934e-01 -7.6435336798e-01 1.030568e+00 3.745e-01
0.650000 58.800000 5.9067954653e-01 -7.8985868733e-01 9.862956e-01 3.748e-01
0.650000 58.850000 4.8164503848e-01 -7.9321838185e-01 9.279964e-01 3.751e-01
0.650000 58.900000 3.7033527409e-01 -7.7233469667e-01 8.565332e-01 3.754e-01
0.650000 58.950000 2.6347479263e-01 -7.2709418411e-01 7.733595e-01 3.757e-01
0.650000 59.000000 1.6762126223e-01 -6.5949129124e-01 6.804599e-01 3.760e-01
0.650000 59.050000 8.8455459300e-02 -5.7348721328e-01 5.802689e-01 3.764e-01
0.650000 59.100000 3.0161138148e-02 -4.7463139963e-01 4.755888e-01 3.767e-01
0.650000 59.150000 -5.0391334297e-03 -3.6949335515e-01 3.695277e-01 3.770e-01
0.650000 59.200000 -1.7143139737e-02 -2.6495725367e-01 2.655113e-01 3.773e-01
0.650000 59.250000 -8.3783735687e-03 -1.6743978846e-01 1.676493e-01 3.776e-01
0.650000 59.300000 1.7077444098e-02 -8.2115670443e-02 8.387266e-02 3.780e-01
0.650000 59.350000 5.3674965690e-02 -1.2269353810e-02 5.505941e-02 3.783e-01
0.650000 59.400000 9.5319709891e-02 4.1088832329e-02 1.037986e-01 3.786e-01
0.650000 59.450000 1.3631546785e-01 7.9227307910e-02 1.576670e-01 3.789e-01
0.650000 59.500000 1.7223125926e-01 1.0528097328e-01 2.018606e-01 3.792e-01
0.650000 59.550000 2.0049104791e-01 1.2349636569e-01 2.354740e-01 3.796e-01
0.650000 59.600000 2.2054903039e-01 1.3831191831e-01 2.603307e-01 3.799e-01
0.650000 59.650000 2.3362971463e-01 1.5349999757e-01 2.795444e-01 3.802e-01
0.650000 59.700000 2.4213567051e-01 1.7156921329e-01 2.967586e-01 3.805e-01
0.650000 59.750000 2.4890729610e-01 1.9353329338e-01 3.152935e-01 3.808e-01
0.650000 59.800000 2.5653058965e-01 2.1903825262e-01 3.373214e-01 3.811e-01
0.650000 59.850000 2.6683761048e-01 2.4674953958e-01 3.634386e-01 3.815e-01
0.650000 59.900000 2.8066374235e-01 2.7486282464e-01 3.928380e-01 3.818e-01
0.650000 59.950000 2.9785448902e-01 3.0161326925e-01 4.238960e-01 3.821e-01
0.650000 60.000000 3.1747375013e-01 3.2569356181e-01 4.548251e-01 3.824e-01
