# X=3e+07 rho=0.8 C(X)=18 Cmax=300 mode=h
# sigma t Re Im |F| tailbound
0.600000 0.100000 -1.0798600754e+00 -4.8611186127e-01 1.184231e+00 1.051e-02
0.602000 0.100000 -1.0884418695e+00 -4.9035976944e-01 1.193800e+00 1.016e-02
0.604000 0.100000 -1.0970892499e+00 -4.9467355903e-01 1.203456e+00 9.813e-03
0.606000 0.100000 -1.1058030099e+00 -4.9905430174e-01 1.213201e+00 9.480e-03
0.608000 0.100000 -1.1145839509e+00 -5.0350309636e-01 1.223034e+00 9.158e-03
0.610000 0.100000 -1.1234328828e+00 -5.0802106940e-01 1.232959e+00 8.847e-03
0.612000 0.100000 -1.1323506239e+00 -5.1260937573e-01 1.242975e+00 8.547e-03
0.614000 0.100000 -1.1413380011e+00 -5.1726919927e-01 1.253084e+00 8.257e-03
0.616000 0.100000 -1.1503958496e+00 -5.2200175364e-01 1.263288e+00 7.977e-03
0.618000 0.100000 -1.1595250132e+00 -5.2680828295e-01 1.273588e+00 7.707e-03
0.620000 0.100000 -1.1687263444e+00 -5.3169006247e-01 1.283984e+00 7.445e-03
0.622000 0.100000 -1.1780007043e+00 -5.3664839945e-01 1.294479e+00 7.193e-03
0.624000 0.100000 -1.1873489627e+00 -5.4168463386e-01 1.305075e+00 6.949e-03
0.626000 0.100000 -1.1967719980e+00 -5.4680013924e-01 1.315771e+00 6.713e-03
0.628000 0.100000 -1.2062706976e+00 -5.5199632356e-01 1.326570e+00 6.485e-03
0.630000 0.100000 -1.2158459574e+00 -5.5727463001e-01 1.337474e+00 6.265e-03
0.632000 0.100000 -1.2254986820e+00 -5.6263653799e-01 1.348483e+00 6.053e-03
0.634000 0.100000 -1.2352297850e+00 -5.6808356399e-01 1.359600e+00 5.847e-03
0.636000 0.100000 -1.2450401886e+00 -5.7361726255e-01 1.370825e+00 5.649e-03
0.638000 0.100000 -1.2549308236e+00 -5.7923922723e-01 1.382161e+00 5.458e-03
0.640000 0.100000 -1.2649026297e+00 -5.8495109169e-01 1.393609e+00 5.272e-03
0.642000 0.100000 -1.2749565551e+00 -5.9075453067e-01 1.405171e+00 5.094e-03
0.644000 0.100000 -1.2850935567e+00 -5.9665126113e-01 1.416848e+00 4.921e-03
0.646000 0.100000 -1.2953145998e+00 -6.0264304333e-01 1.428642e+00 4.754e-03
0.648000 0.100000 -1.3056206584e+00 -6.0873168202e-01 1.440555e+00 4.593e-03
0.650000 0.100000 -1.3160127147e+00 -6.1491902762e-01 1.452589e+00 4.437e-03
0.652000 0.100000 -1.3264917591e+00 -6.2120697745e-01 1.464745e+00 4.287e-03
0.654000 0.100000 -1.3370587903e+00 -6.2759747703e-01 1.477026e+00 4.141e-03
0.656000 0.100000 -1.3477148151e+00 -6.3409252133e-01 1.489432e+00 4.001e-03
0.658000 0.100000 -1.3584608481e+00 -6.4069415621e-01 1.501967e+00 3.865e-03
0.660000 0.100000 -1.3692979114e+00 -6.4740447975e-01 1.514632e+00 3.734e-03
0.662000 0.100000 -1.3802270349e+00 -6.5422564374e-01 1.527429e+00 3.607e-03
0.664000 0.100000 -1.3912492557e+00 -6.6115985515e-01 1.540359e+00 3.485e-03
0.666000 0.100000 -1.4023656181e+00 -6.6820937768e-01 1.553426e+00 3.367e-03
0.668000 0.100000 -1.4135771729e+00 -6.7537653334e-01 1.566631e+00 3.253e-03
0.670000 0.100000 -1.4248849779e+00 -6.8266370411e-01 1.579977e+00 3.142e-03
0.672000 0.100000 -1.4362900968e+00 -6.9007333360e-01 1.593465e+00 3.036e-03
0.674000 0.100000 -1.4477935993e+00 -6.9760792884e-01 1.607098e+00 2.933e-03
0.676000 0.100000 -1.4593965606e+00 -7.0527006207e-01 1.620878e+00 2.834e-03
0.678000 0.100000 -1.4711000613e+00 -7.1306237258e-01 1.634807e+00 2.737e-03
0.680000 0.100000 -1.4829051865e+00 -7.2098756868e-01 1.648888e+00 2.645e-03
0.682000 0.100000 -1.4948130254e+00 -7.2904842963e-01 1.663123e+00 2.555e-03
0.684000 0.100000 -1.5068246714e+00 -7.3724780777e-01 1.677515e+00 2.468e-03
0.686000 0.100000 -1.5189412206e+00 -7.4558863056e-01 1.692065e+00 2.385e-03
0.688000 0.100000 -1.5311637721e+00 -7.5407390280e-01 1.706778e+00 2.304e-03
0.690000 0.100000 -1.5434934268e+00 -7.6270670889e-01 1.721654e+00 2.226e-03
0.692000 0.100000 -1.5559312870e+00 -7.7149021516e-01 1.736698e+00 2.150e-03
0.694000 0.100000 -1.5684784556e+00 -7.8042767226e-01 1.751911e+00 2.077e-03
0.696000 0.100000 -1.5811360350e+00 -7.8952241767e-01 1.767296e+00 2.007e-03
0.698000 0.100000 -1.5939051269e+00 -7.9877787822e-01 1.782857e+00 1.939e-03
0.700000 0.100000 -1.6067868309e+00 -8.0819757280e-01 1.798596e+00 1.873e-03
0.702000 0.100000 -1.6197822436e+00 -8.1778511502e-01 1.814516e+00 1.810e-03
0.704000 0.100000 -1.6328924577e+00 -8.2754421610e-01 1.830619e+00 1.748e-03
0.706000 0.100000 -1.6461185607e+00 -8.3747868771e-01 1.846910e+00 1.689e-03
0.708000 0.100000 -1.6594616339e+00 -8.4759244504e-01 1.863391e+00 1.632e-03
0.710000 0.100000 -1.6729227510e+00 -8.5788950986e-01 1.880065e+00 1.577e-03
0.712000 0.100000 -1.6865029768e+00 -8.6837401373e-01 1.896936e+00 1.523e-03
0.714000 0.100000 -1.7002033657e+00 -8.7905020132e-01 1.914006e+00 1.471e-03
0.716000 0.100000 -1.7140249601e+00 -8.8992243377e-01 1.931280e+00 1.422e-03
0.718000 0.100000 -1.7279687889e+00 -9.0099519228e-01 1.948761e+00 1.373e-03
0.720000 0.100000 -1.7420358655e+00 -9.1227308167e-01 1.966451e+00 1.327e-03
0.722000 0.100000 -1.7562271861e+00 -9.2376083416e-01 1.984356e+00 1.282e-03
0.724000 0.100000 -1.7705437277e+00 -9.3546331322e-01 2.002478e+00 1.238e-03
0.726000 0.100000 -1.7849864456e+00 -9.4738551755e-01 2.020821e+00 1.196e-03
0.728000 0.100000 -1.7995562718e+00 -9.5953258522e-01 2.039389e+00 1.156e-03
0.730000 0.100000 -1.8142541117e+00 -9.7190979782e-01 2.058185e+00 1.117e-03
0.732000 0.100000 -1.8290808423e+00 -9.8452258495e-01 2.077215e+00 1.079e-03
0.734000 0.100000 -1.8440373088e+00 -9.9737652859e-01 2.096481e+00 1.042e-03
0.736000 0.100000 -1.8591243222e+00 -1.0104773679e+00 2.115989e+00 1.007e-03
0.738000 0.100000 -1.8743426557e+00 -1.0238310037e+00 2.135741e+00 9.728e-04
0.740000 0.100000 -1.8896930418e+00 -1.0374435038e+00 2.155743e+00 9.399e-04
0.742000 0.100000 -1.9051761683e+00 -1.0513211078e+00 2.175999e+00 9.080e-04
0.744000 0.100000 -1.9207926750e+00 -1.0654702324e+00 2.196513e+00 8.772e-04
0.746000 0.100000 -1.9365431492e+00 -1.0798974766e+00 2.217291e+00 8.475e-04
0.748000 0.100000 -1.9524281220e+00 -1.0946096276e+00 2.238335e+00 8.188e-04
0.750000 0.100000 -1.9684480633e+00 -1.1096136661e+00 2.259653e+00 7.910e-04
0.752000 0.100000 -1.9846033772e+00 -1.1249167725e+00 2.281247e+00 7.642e-04
0.754000 0.100000 -2.0008943969e+00 -1.1405263324e+00 2.303124e+00 7.383e-04
0.756000 0.100000 -2.0173213792e+00 -1.1564499435e+00 2.325288e+00 7.133e-04
0.758000 0.100000 -2.0338844987e+00 -1.1726954213e+00 2.347744e+00 6.891e-04
0.760000 0.100000 -2.0505838419e+00 -1.1892708060e+00 2.370498e+00 6.658e-04
0.762000 0.100000 -2.0674194003e+00 -1.2061843691e+00 2.393555e+00 6.432e-04
0.764000 0.100000 -2.0843910639e+00 -1.2234446199e+00 2.416920e+00 6.214e-04
0.766000 0.100000 -2.1014986135e+00 -1.2410603132e+00 2.440600e+00 6.004e-04
0.768000 0.100000 -2.1187417133e+00 -1.2590404560e+00 2.464599e+00 5.800e-04
0.770000 0.100000 -2.1361199021e+00 -1.2773943149e+00 2.488924e+00 5.604e-04
0.772000 0.100000 -2.1536325852e+00 -1.2961314237e+00 2.513581e+00 5.414e-04
0.774000 0.100000 -2.1712790244e+00 -1.3152615913e+00 2.538576e+00 5.230e-04
0.776000 0.100000 -2.1890583285e+00 -1.3347949090e+00 2.563914e+00 5.053e-04
0.778000 0.100000 -2.2069694430e+00 -1.3547417591e+00 2.589602e+00 4.882e-04
0.780000 0.100000 -2.2250111383e+00 -1.3751128226e+00 2.615647e+00 4.716e-04
0.782000 0.100000 -2.2431819986e+00 -1.3959190878e+00 2.642055e+00 4.557e-04
0.784000 0.100000 -2.2614804091e+00 -1.4171718584e+00 2.668833e+00 4.402e-04
0.786000 0.100000 -2.2799045424e+00 -1.4388827622e+00 2.695987e+00 4.253e-04
0.788000 0.100000 -2.2984523452e+00 -1.4610637599e+00 2.723525e+00 4.109e-04
0.790000 0.100000 -2.3171215225e+00 -1.4837271535e+00 2.751454e+00 3.970e-04
0.792000 0.100000 -2.3359095225e+00 -1.5068855951e+00 2.779780e+00 3.835e-04
0.794000 0.100000 -2.3548135193e+00 -1.5305520961e+00 2.808511e+00 3.705e-04
0.796000 0.100000 -2.3738303955e+00 -1.5547400357e+00 2.837655e+00 3.580e-04
0.798000 0.100000 -2.3929567232e+00 -1.5794631701e+00 2.867219e+00 3.458e-04
0.800000 0.100000 -2.4121887439e+00 -1.6047356411e+00 2.897211e+00 3.341e-04
0.802000 0.100000 -2.4315223479e+00 -1.6305719849e+00 2.927638e+00 3.228e-04
0.804000 0.100000 -2.4509530512e+00 -1.6569871411e+00 2.958509e+00 3.119e-04
0.806000 0.100000 -2.4704759726e+00 -1.6839964608e+00 2.989832e+00 3.013e-04
0.808000 0.100000 -2.4900858080e+00 -1.7116157154e+00 3.021615e+00 2.911e-04
0.810000 0.100000 -2.5097768042e+00 -1.7398611047e+00 3.053866e+00 2.812e-04
0.812000 0.100000 -2.5295427307e+00 -1.7687492643e+00 3.086594e+00 2.717e-04
0.814000 0.100000 -2.5493768501e+00 -1.7982972737e+00 3.119807e+00 2.625e-04
0.816000 0.100000 -2.5692718868e+00 -1.8285226628e+00 3.153514e+00 2.536e-04
0.818000 0.100000 -2.5892199938e+00 -1.8594434190e+00 3.187725e+00 2.450e-04
0.820000 0.100000 -2.6092127175e+00 -1.8910779923e+00 3.222447e+00 2.367e-04
0.822000 0.100000 -2.6292409609e+00 -1.9234453016e+00 3.257691e+00 2.287e-04
0.824000 0.100000 -2.6492949444e+00 -1.9565647381e+00 3.293465e+00 2.209e-04
0.826000 0.100000 -2.6693641648e+00 -1.9904561693e+00 3.329778e+00 2.135e-04
0.828000 0.100000 -2.6894373517e+00 -2.0251399416e+00 3.366640e+00 2.062e-04
0.830000 0.100000 -2.7095024214e+00 -2.0606368807e+00 3.404060e+00 1.992e-04
0.832000 0.100000 -2.7295464294e+00 -2.0969682923e+00 3.442049e+00 1.925e-04
0.834000 0.100000 -2.7495555185e+00 -2.1341559598e+00 3.480614e+00 1.860e-04
0.836000 0.100000 -2.7695148664e+00 -2.1722221410e+00 3.519767e+00 1.797e-04
0.838000 0.100000 -2.7894086286e+00 -2.2111895625e+00 3.559517e+00 1.736e-04
0.840000 0.100000 -2.8092198797e+00 -2.2510814125e+00 3.599873e+00 1.677e-04
0.842000 0.100000 -2.8289305515e+00 -2.2919213301e+00 3.640845e+00 1.620e-04
0.844000 0.100000 -2.8485213677e+00 -2.3337333931e+00 3.682443e+00 1.565e-04
0.846000 0.100000 -2.8679717756e+00 -2.3765421018e+00 3.724676e+00 1.512e-04
0.848000 0.100000 -2.8872598752e+00 -2.4203723600e+00 3.767555e+00 1.461e-04
0.850000 0.100000 -2.9063623443e+00 -2.4652494521e+00 3.811089e+00 1.412e-04
0.852000 0.100000 -2.9252543604e+00 -2.5111990161e+00 3.855286e+00 1.364e-04
0.854000 0.100000 -2.9439095201e+00 -2.5582470127e+00 3.900158e+00 1.318e-04
0.856000 0.100000 -2.9622997537e+00 -2.6064196880e+00 3.945712e+00 1.273e-04
0.858000 0.100000 -2.9803952383e+00 -2.6557435326e+00 3.991958e+00 1.230e-04
0.860000 0.100000 -2.9981643057e+00 -2.7062452336e+00 4.038905e+00 1.188e-04
0.862000 0.100000 -3.0155733484e+00 -2.7579516202e+00 4.086561e+00 1.148e-04
0.864000 0.100000 -3.0325867223e+00 -2.8108896027e+00 4.134934e+00 1.109e-04
0.866000 0.100000 -3.0491666456e+00 -2.8650861034e+00 4.184033e+00 1.071e-04
0.868000 0.100000 -3.0652730960e+00 -2.9205679794e+00 4.233865e+00 1.035e-04
0.870000 0.100000 -3.0808637045e+00 -2.9773619358e+00 4.284438e+00 1.000e-04
0.872000 0.100000 -3.0958936476e+00 -3.0354944298e+00 4.335756e+00 9.662e-05
0.874000 0.100000 -3.1103155372e+00 -3.0949915634e+00 4.387828e+00 9.334e-05
0.876000 0.100000 -3.1240793093e+00 -3.1558789652e+00 4.440658e+00 9.018e-05
0.878000 0.100000 -3.1371321118e+00 -3.2181816597e+00 4.494251e+00 8.713e-05
0.880000 0.100000 -3.1494181924e+00 -3.2819239231e+00 4.548611e+00 8.418e-05
0.882000 0.100000 -3.1608787866e+00 -3.3471291254e+00 4.603741e+00 8.132e-05
0.884000 0.100000 -3.1714520073e+00 -3.4138195568e+00 4.659643e+00 7.857e-05
0.886000 0.100000 -3.1810727372e+00 -3.4820162388e+00 4.716319e+00 7.591e-05
0.888000 0.100000 -3.1896725245e+00 -3.5517387179e+00 4.773768e+00 7.334e-05
0.890000 0.100000 -3.1971794836e+00 -3.6230048407e+00 4.831989e+00 7.085e-05
0.892000 0.100000 -3.2035182027e+00 -3.6958305114e+00 4.890981e+00 6.845e-05
0.894000 0.100000 -3.2086096589e+00 -3.7702294282e+00 4.950738e+00 6.613e-05
0.896000 0.100000 -3.2123711437e+00 -3.8462128000e+00 5.011255e+00 6.389e-05
0.898000 0.100000 -3.2147162013e+00 -3.9237890412e+00 5.072526e+00 6.173e-05
0.900000 0.100000 -3.2155545805e+00 -4.0029634447e+00 5.134541e+00 5.964e-05
0.902000 0.100000 -3.2147922044e+00 -4.0837378318e+00 5.197288e+00 5.762e-05
0.904000 0.100000 -3.2123311598e+00 -4.1661101803e+00 5.260755e+00 5.567e-05
0.906000 0.100000 -3.2080697099e+00 -4.2500742287e+00 5.324926e+00 5.378e-05
0.908000 0.100000 -3.2019023335e+00 -4.3356190579e+00 5.389784e+00 5.196e-05
0.910000 0.100000 -3.1937197940e+00 -4.4227286506e+00 5.455307e+00 5.020e-05
0.912000 0.100000 -3.1834092425e+00 -4.5113814289e+00 5.521472e+00 4.850e-05
0.914000 0.100000 -3.1708543588e+00 -4.6015497721e+00 5.588254e+00 4.686e-05
0.916000 0.100000 -3.1559355349e+00 -4.6931995151e+00 5.655621e+00 4.527e-05
0.918000 0.100000 -3.1385301052e+00 -4.7862894312e+00 5.723542e+00 4.374e-05
0.920000 0.100000 -3.1185126275e+00 -4.8807707014e+00 5.791981e+00 4.226e-05
0.922000 0.100000 -3.0957552209e+00 -4.9765863731e+00 5.860897e+00 4.082e-05
0.924000 0.100000 -3.0701279637e+00 -5.0736708140e+00 5.930246e+00 3.944e-05
0.926000 0.100000 -3.0414993563e+00 -5.1719491651e+00 5.999981e+00 3.811e-05
0.928000 0.100000 -3.0097368549e+00 -5.2713367994e+00 6.070050e+00 3.681e-05
0.930000 0.100000 -2.9747074772e+00 -5.3717387927e+00 6.140396e+00 3.557e-05
0.932000 0.100000 -2.9362784865e+00 -5.4730494149e+00 6.210958e+00 3.436e-05
0.934000 0.100000 -2.8943181557e+00 -5.5751516506e+00 6.281671e+00 3.320e-05
0.936000 0.100000 -2.8486966138e+00 -5.6779167576e+00 6.352465e+00 3.208e-05
0.938000 0.100000 -2.7992867759e+00 -5.7812038768e+00 6.423264e+00 3.099e-05
0.940000 0.100000 -2.7459653573e+00 -5.8848597016e+00 6.493989e+00 2.994e-05
0.942000 0.100000 -2.6886139696e+00 -5.9887182226e+00 6.564556e+00 2.893e-05
0.944000 0.100000 -2.6271202967e+00 -6.0926005585e+00 6.634873e+00 2.795e-05
0.946000 0.100000 -2.5613793453e+00 -6.1963148882e+00 6.704848e+00 2.700e-05
0.948000 0.100000 -2.4912947628e+00 -6.2996564976e+00 6.774380e+00 2.608e-05
0.950000 0.100000 -2.4167802149e+00 -6.4024079551e+00 6.843366e+00 2.520e-05
0.952000 0.100000 -2.3377608097e+00 -6.5043394297e+00 6.911697e+00 2.435e-05
0.954000 0.100000 -2.2541745556e+00 -6.6052091645e+00 6.979261e+00 2.352e-05
0.956000 0.100000 -2.1659738361e+00 -6.7047641183e+00 7.045942e+00 2.273e-05
0.958000 0.100000 -2.0731268822e+00 -6.8027407841e+00 7.111620e+00 2.196e-05
0.960000 0.100000 -1.9756192209e+00 -6.8988661948e+00 7.176171e+00 2.121e-05
0.962000 0.100000 -1.8734550765e+00 -6.9928591204e+00 7.239469e+00 2.049e-05
0.964000 0.100000 -1.7666586979e+00 -7.0844314595e+00 7.301387e+00 1.980e-05
0.966000 0.100000 -1.6552755844e+00 -7.1732898254e+00 7.361795e+00 1.913e-05
0.968000 0.100000 -1.5393735827e+00 -7.2591373199e+00 7.420562e+00 1.848e-05
0.970000 0.100000 -1.4190438236e+00 -7.3416754873e+00 7.477559e+00 1.786e-05
0.972000 0.100000 -1.2944014712e+00 -7.4206064323e+00 7.532654e+00 1.725e-05
0.974000 0.100000 -1.1655862555e+00 -7.4956350860e+00 7.585719e+00 1.667e-05
0.976000 0.100000 -1.0327627629e+00 -7.5664715916e+00 7.636628e+00 1.610e-05
0.978000 0.100000 -8.9612046072e-01 -7.6328337856e+00 7.685258e+00 1.556e-05
0.980000 0.100000 -7.5587343550e-01 -7.6944497377e+00 7.731488e+00 1.503e-05
0.982000 0.100000 -6.1225983146e-01 -7.7510603138e+00 7.775204e+00 1.452e-05
0.984000 0.100000 -4.6554097791e-01 -7.8024217218e+00 7.816298e+00 1.403e-05
0.986000 0.100000 -3.1600020304e-01 -7.8483079956e+00 7.854667e+00 1.355e-05
0.988000 0.100000 -1.6394133675e-01 -7.8885133752e+00 7.890217e+00 1.310e-05
0.990000 0.100000 -9.6869131319e-03 -7.9228545363e+00 7.922860e+00 1.265e-05
0.992000 0.100000 1.4642391022e-01 -7.9511726272e+00 7.952521e+00 1.222e-05
0.994000 0.100000 3.0403769124e-01 -7.9733350717e+00 7.979130e+00 1.181e-05
0.996000 0.100000 4.6278926975e-01 -7.9892370999e+00 8.002630e+00 1.141e-05
0.998000 0.100000 6.2230452350e-01 -7.9988029753e+00 8.022974e+00 1.102e-05
1.000000 0.100000 7.8220327155e-01 -8.0019868912e+00 8.040127e+00 1.065e-05
1.002000 0.100000 9.4210227811e-01 -7.9987735161e+00 8.054063e+00 1.029e-05
1.004000 0.100000 1.1016183074e+00 -7.9891781774e+00 8.064771e+00 9.941e-06
1.006000 0.100000 1.2603711787e+00 -7.9732466775e+00 8.072249e+00 9.604e-06
1.008000 0.100000 1.4179867698e+00 -7.9510547489e+00 8.076507e+00 9.279e-06
1.010000 0.100000 1.5740999208e+00 -7.9227071573e+00 8.077566e+00 8.965e-06
1.012000 0.100000 1.7283571899e+00 -7.8883364746e+00 8.075461e+00 8.661e-06
1.014000 0.100000 1.8804194199e+00 -7.8481015484e+00 8.070234e+00 8.368e-06
1.016000 0.100000 2.0299640772e+00 -7.8021856988e+00 8.061939e+00 8.084e-06
1.018000 0.100000 2.1766873323e+00 -7.7507946817e+00 8.050639e+00 7.811e-06
1.020000 0.100000 2.3203058576e+00 -7.6941544590e+00 8.036407e+00 7.546e-06
1.022000 0.100000 2.4605583245e+00 -7.6325088185e+00 8.019323e+00 7.291e-06
1.024000 0.100000 2.5972065894e+00 -7.5661168901e+00 7.999475e+00 7.044e-06
1.026000 0.100000 2.7300365666e+00 -7.4952506000e+00 7.976959e+00 6.805e-06
1.028000 0.100000 2.8588587895e+00 -7.4201921074e+00 7.951876e+00 6.575e-06
1.030000 0.100000 2.9835086728e+00 -7.3412312647e+00 7.924330e+00 6.352e-06
1.032000 0.100000 3.1038464873e+00 -7.2586631369e+00 7.894432e+00 6.137e-06
1.034000 0.100000 3.2197570700e+00 -7.1727856147e+00 7.862295e+00 5.929e-06
1.036000 0.100000 3.3311492912e+00 -7.0838971496e+00 7.828036e+00 5.728e-06
1.038000 0.100000 3.4379553054e+00 -6.9922946356e+00 7.791773e+00 5.534e-06
1.040000 0.100000 3.5401296145e+00 -6.8982714550e+00 7.753623e+00 5.347e-06
1.042000 0.100000 3.6376479709e+00 -6.8021157048e+00 7.713706e+00 5.166e-06
1.044000 0.100000 3.7305061518e+00 -6.7041086108e+00 7.672141e+00 4.991e-06
1.046000 0.100000 3.8187186316e+00 -6.6045231356e+00 7.629046e+00 4.822e-06
1.048000 0.100000 3.9023171808e+00 -6.5036227818e+00 7.584536e+00 4.659e-06
1.050000 0.100000 3.9813494174e+00 -6.4016605863e+00 7.538727e+00 4.501e-06
1.052000 0.100000 4.0558773349e+00 -6.2988783014e+00 7.491729e+00 4.348e-06
1.054000 0.100000 4.1259758268e+00 -6.1955057538e+00 7.443653e+00 4.201e-06
1.056000 0.100000 4.1917312292e+00 -6.0917603704e+00 7.394603e+00 4.059e-06
1.058000 0.100000 4.2532398965e+00 -5.9878468610e+00 7.344682e+00 3.922e-06
1.060000 0.100000 4.3106068241e+00 -5.8839570420e+00 7.293989e+00 3.789e-06
1.062000 0.100000 4.3639443301e+00 -5.7802697901e+00 7.242619e+00 3.660e-06
1.064000 0.100000 4.4133708049e+00 -5.6769511103e+00 7.190662e+00 3.536e-06
1.066000 0.100000 4.4590095355e+00 -5.5741543043e+00 7.138204e+00 3.417e-06
1.068000 0.100000 4.5009876088e+00 -5.4720202269e+00 7.085330e+00 3.301e-06
1.070000 0.100000 4.5394348984e+00 -5.3706776151e+00 7.032115e+00 3.189e-06
1.072000 0.100000 4.5744831337e+00 -5.2702434800e+00 6.978636e+00 3.081e-06
1.074000 0.100000 4.6062650537e+00 -5.1708235468e+00 6.924962e+00 2.977e-06
1.076000 0.100000 4.6349136434e+00 -5.0725127348e+00 6.871158e+00 2.876e-06
1.078000 0.100000 4.6605614493e+00 -4.9753956663e+00 6.817286e+00 2.779e-06
1.080000 0.100000 4.6833399734e+00 -4.8795471953e+00 6.763406e+00 2.685e-06
1.082000 0.100000 4.7033791404e+00 -4.7850329492e+00 6.709569e+00 2.594e-06
1.084000 0.100000 4.7208068340e+00 -4.6919098757e+00 6.655827e+00 2.506e-06
1.086000 0.100000 4.7357484993e+00 -4.6002267888e+00 6.602227e+00 2.421e-06
1.088000 0.100000 4.7483268049e+00 -4.5100249101e+00 6.548812e+00 2.339e-06
1.090000 0.100000 4.7586613619e+00 -4.4213383997e+00 6.495621e+00 2.260e-06
1.092000 0.100000 4.7668684936e+00 -4.3341948731e+00 6.442692e+00 2.183e-06
1.094000 0.100000 4.7730610522e+00 -4.2486159029e+00 6.390059e+00 2.109e-06
1.096000 0.100000 4.7773482775e+00 -4.1646175014e+00 6.337752e+00 2.038e-06
1.098000 0.100000 4.7798356943e+00 -4.0822105823e+00 6.285799e+00 1.969e-06
1.100000 0.100000 4.7806250428e+00 -4.0014014019e+00 6.234227e+00 1.902e-06
