# X=3e+07 rho=0.8 C(X)=18 Cmax=300 mode=v
# sigma t Re Im |F| tailbound
0.700000 0.100000 -1.6067868309e+00 -8.0819757280e-01 1.798596e+00 1.873e-03
0.700000 0.150000 -1.3429428513e+00 -1.0778305717e+00 1.721980e+00 1.895e-03
0.700000 0.200000 -1.0590942848e+00 -1.2438066939e+00 1.633627e+00 1.925e-03
0.700000 0.250000 -7.9012752501e-01 -1.3252730567e+00 1.542936e+00 1.964e-03
0.700000 0.300000 -5.5283899766e-01 -1.3469036618e+00 1.455947e+00 2.009e-03
0.700000 0.350000 -3.5154712736e-01 -1.3302115633e+00 1.375881e+00 2.062e-03
0.700000 0.400000 -1.8409299376e-01 -1.2910183433e+00 1.304078e+00 2.121e-03
0.700000 0.450000 -4.5814404270e-02 -1.2399397499e+00 1.240786e+00 2.186e-03
0.700000 0.500000 6.8373906184e-02 -1.1837228299e+00 1.185696e+00 2.256e-03
0.700000 0.550000 1.6307671434e-01 -1.1265024902e+00 1.138245e+00 2.331e-03
0.700000 0.600000 2.4212439602e-01 -1.0707258039e+00 1.097760e+00 2.410e-03
0.700000 0.650000 3.0856429317e-01 -1.0177615165e+00 1.063509e+00 2.494e-03
0.700000 0.700000 3.6477329968e-01 -9.6828687727e-01 1.034717e+00 2.580e-03
0.700000 0.750000 4.1260665872e-01 -9.2254108298e-01 1.010607e+00 2.670e-03
0.700000 0.800000 4.5353393292e-01 -8.8050430957e-01 9.904448e-01 2.763e-03
0.700000 0.850000 4.8873619392e-01 -8.4202777979e-01 9.735881e-01 2.858e-03
0.700000 0.900000 5.1916082622e-01 -8.0691835436e-01 9.595026e-01 2.956e-03
0.700000 0.950000 5.4554938734e-01 -7.7497693825e-01 9.477412e-01 3.056e-03
0.700000 1.000000 5.6846182462e-01 -7.4599952300e-01 9.379041e-01 3.157e-03
0.700000 1.050000 5.8831343301e-01 -7.1976152360e-01 9.296071e-01 3.261e-03
0.700000 1.100000 6.0542450075e-01 -6.9600884886e-01 9.224788e-01 3.365e-03
0.700000 1.150000 6.2006796772e-01 -6.7446897640e-01 9.161838e-01 3.472e-03
0.700000 1.200000 6.3249748955e-01 -6.5487807921e-01 9.104495e-01 3.579e-03
0.700000 1.250000 6.4294873082e-01 -6.3700723436e-01 9.050753e-01 3.687e-03
0.700000 1.300000 6.5162287635e-01 -6.2067050457e-01 8.999135e-01 3.797e-03
0.700000 1.350000 6.5867170195e-01 -6.0571000445e-01 8.948369e-01 3.908e-03
0.700000 1.400000 6.6420070039e-01 -5.9196905078e-01 8.897134e-01 4.019e-03
0.700000 1.450000 6.6829264109e-01 -5.7927279213e-01 8.844049e-01 4.131e-03
0.700000 1.500000 6.7103840717e-01 -5.6743042207e-01 8.787888e-01 4.244e-03
0.700000 1.550000 6.7255586074e-01 -5.5625787705e-01 8.727853e-01 4.358e-03
0.700000 1.600000 6.7298508147e-01 -5.4560544668e-01 8.663684e-01 4.472e-03
0.700000 1.650000 6.7246426816e-01 -5.3537112936e-01 8.595525e-01 4.587e-03
0.700000 1.700000 6.7110369773e-01 -5.2549038796e-01 8.523616e-01 4.702e-03
0.700000 1.750000 6.6897619339e-01 -5.1590934801e-01 8.448027e-01 4.818e-03
0.700000 1.800000 6.6613077547e-01 -5.0655997662e-01 8.368591e-01 4.934e-03
0.700000 1.850000 6.6261974973e-01 -4.9735432976e-01 8.285085e-01 5.051e-03
0.700000 1.900000 6.5851988294e-01 -4.8820153535e-01 8.197495e-01 5.168e-03
0.700000 1.950000 6.5393224809e-01 -4.7903512751e-01 8.106183e-01 5.286e-03
0.700000 2.000000 6.4896008527e-01 -4.6983085355e-01 8.011805e-01 5.404e-03
0.700000 2.050000 6.4367936701e-01 -4.6060138152e-01 7.915028e-01 5.522e-03
0.700000 2.100000 6.3812201920e-01 -4.5137009047e-01 7.816231e-01 5.640e-03
0.700000 2.150000 6.3228328154e-01 -4.4214041167e-01 7.715376e-01 5.759e-03
0.700000 2.200000 6.2614838170e-01 -4.3288013623e-01 7.612142e-01 5.878e-03
0.700000 2.250000 6.1972085118e-01 -4.2352973947e-01 7.506207e-01 5.997e-03
0.700000 2.300000 6.1303427171e-01 -4.1402736980e-01 7.397497e-01 6.117e-03
0.700000 2.350000 6.0614125306e-01 -4.0433212990e-01 7.286231e-01 6.237e-03
0.700000 2.400000 5.9908951519e-01 -3.9442923830e-01 7.172745e-01 6.356e-03
0.700000 2.450000 5.9190381583e-01 -3.8431409507e-01 7.057248e-01 6.477e-03
0.700000 2.500000 5.8458796750e-01 -3.7396767037e-01 6.939704e-01 6.597e-03
0.700000 2.550000 5.7714655277e-01 -3.6334214032e-01 6.819939e-01 6.717e-03
0.700000 2.600000 5.6961150922e-01 -3.5236872881e-01 6.697918e-01 6.838e-03
0.700000 2.650000 5.6205470494e-01 -3.4098416254e-01 6.574007e-01 6.959e-03
0.700000 2.700000 5.5457686306e-01 -3.2915893144e-01 6.449039e-01 7.080e-03
0.700000 2.750000 5.4727928931e-01 -3.1690897431e-01 6.324128e-01 7.201e-03
0.700000 2.800000 5.4023654853e-01 -3.0428363689e-01 6.200355e-01 7.322e-03
0.700000 2.850000 5.3348731263e-01 -2.9133895500e-01 6.078545e-01 7.443e-03
0.700000 2.900000 5.2704767390e-01 -2.7811515576e-01 5.959256e-01 7.565e-03
0.700000 2.950000 5.2093531732e-01 -2.6463381694e-01 5.842984e-01 7.687e-03
0.700000 3.000000 5.1518524135e-01 -2.5091574196e-01 5.730397e-01 7.808e-03
0.700000 3.050000 5.0984369563e-01 -2.3700533992e-01 5.622385e-01 7.930e-03
0.700000 3.100000 5.0494260607e-01 -2.2298188970e-01 5.519855e-01 8.052e-03
0.700000 3.150000 5.0047115153e-01 -2.0894644838e-01 5.423375e-01 8.174e-03
0.700000 3.200000 4.9636425720e-01 -1.9498968079e-01 5.332902e-01 8.296e-03
0.700000 3.250000 4.9251726940e-01 -1.8115917107e-01 5.247780e-01 8.418e-03
0.700000 3.300000 4.8881907717e-01 -1.6744562845e-01 5.167031e-01 8.540e-03
0.700000 3.350000 4.8518407604e-01 -1.5379516448e-01 5.089760e-01 8.663e-03
0.700000 3.400000 4.8156473397e-01 -1.4013786525e-01 5.015408e-01 8.785e-03
0.700000 3.450000 4.7794010385e-01 -1.2641280248e-01 4.943753e-01 8.908e-03
0.700000 3.500000 4.7429201908e-01 -1.1257323159e-01 4.874686e-01 9.030e-03
0.700000 3.550000 4.7058863414e-01 -9.8570350572e-02 4.808012e-01 9.153e-03
0.700000 3.600000 4.6678910078e-01 -8.4329404328e-02 4.743454e-01 9.276e-03
0.700000 3.650000 4.6286776385e-01 -6.9737440370e-02 4.680917e-01 9.398e-03
0.700000 3.700000 4.5884214672e-01 -5.4653944841e-02 4.620857e-01 9.521e-03
0.700000 3.750000 4.5478599463e-01 -3.8939694698e-02 4.564500e-01 9.644e-03
0.700000 3.800000 4.5081873955e-01 -2.2486629433e-02 4.513792e-01 9.767e-03
0.700000 3.850000 4.4707875452e-01 -5.2311102723e-03 4.471094e-01 9.890e-03
0.700000 3.900000 4.4369839833e-01 1.2855206933e-02 4.438846e-01 1.001e-02
0.700000 3.950000 4.4079666535e-01 3.1786955230e-02 4.419413e-01 1.014e-02
0.700000 4.000000 4.3849186215e-01 5.1580757979e-02 4.415152e-01 1.026e-02
0.700000 4.050000 4.3692167367e-01 7.2251586873e-02 4.428553e-01 1.038e-02
0.700000 4.100000 4.3625202967e-01 9.3791079619e-02 4.462203e-01 1.051e-02
0.700000 4.150000 4.3666374757e-01 1.1614332404e-01 4.518457e-01 1.063e-02
0.700000 4.200000 4.3832190101e-01 1.3919706476e-01 4.598934e-01 1.075e-02
0.700000 4.250000 4.4134610520e-01 1.6280321716e-01 4.704161e-01 1.088e-02
0.700000 4.300000 4.4580099699e-01 1.8680966724e-01 4.833595e-01 1.100e-02
0.700000 4.350000 4.5171401267e-01 2.1109317304e-01 4.986039e-01 1.112e-02
0.700000 4.400000 4.5911019516e-01 2.3556922901e-01 5.160184e-01 1.125e-02
0.700000 4.450000 4.6804291924e-01 2.6017447824e-01 5.354950e-01 1.137e-02
0.700000 4.500000 4.7860242181e-01 2.8483345418e-01 5.569474e-01 1.149e-02
0.700000 4.550000 4.9089873071e-01 3.0943055199e-01 5.802834e-01 1.162e-02
0.700000 4.600000 5.0503191606e-01 3.3380321128e-01 6.053774e-01 1.174e-02
0.700000 4.650000 5.2106948259e-01 3.5775703277e-01 6.320629e-01 1.186e-02
0.700000 4.700000 5.3904377145e-01 3.8108866966e-01 6.601490e-01 1.199e-02
0.700000 4.750000 5.5896665861e-01 4.0359810250e-01 6.894455e-01 1.211e-02
0.700000 4.800000 5.8084575235e-01 4.2508103175e-01 7.197747e-01 1.223e-02
0.700000 4.850000 6.0468494641e-01 4.4530793575e-01 7.509614e-01 1.236e-02
0.700000 4.900000 6.3046349415e-01 4.6400751816e-01 7.828073e-01 1.248e-02
0.700000 4.950000 6.5810371387e-01 4.8087077984e-01 8.150688e-01 1.261e-02
0.700000 5.000000 6.8744670355e-01 4.9557869121e-01 8.474557e-01 1.273e-02
0.700000 5.050000 7.1825135978e-01 5.0784061545e-01 8.796517e-01 1.285e-02
0.700000 5.100000 7.5021721966e-01 5.1742331908e-01 9.113467e-01 1.298e-02
0.700000 5.150000 7.8301634446e-01 5.2415681588e-01 9.422606e-01 1.310e-02
0.700000 5.200000 8.1631424601e-01 5.2791910280e-01 9.721458e-01 1.323e-02
0.700000 5.250000 8.4976838267e-01 5.2861618779e-01 1.000770e+00 1.335e-02
0.700000 5.300000 8.8300918093e-01 5.2617679659e-01 1.027895e+00 1.347e-02
0.700000 5.350000 9.1562158477e-01 5.2057073194e-01 1.053260e+00 1.360e-02
0.700000 5.400000 9.4714588911e-01 5.1184322980e-01 1.076601e+00 1.372e-02
0.700000 5.450000 9.7710469872e-01 5.0014620077e-01 1.097670e+00 1.385e-02
0.700000 5.500000 1.0050466027e+00 4.8574863034e-01 1.116275e+00 1.397e-02
0.700000 5.550000 1.0305877339e+00 4.6902130708e-01 1.132295e+00 1.409e-02
0.700000 5.600000 1.0534359623e+00 4.5040615779e-01 1.145685e+00 1.422e-02
0.700000 5.650000 1.0733959615e+00 4.3038715343e-01 1.156465e+00 1.434e-02
0.700000 5.700000 1.0903666719e+00 4.0947356684e-01 1.164718e+00 1.447e-02
0.700000 5.750000 1.1043459103e+00 3.8819222688e-01 1.170587e+00 1.459e-02
0.700000 5.800000 1.1154474599e+00 3.6707412017e-01 1.174294e+00 1.471e-02
0.700000 5.850000 1.1239206862e+00 3.4662121888e-01 1.176156e+00 1.484e-02
0.700000 5.900000 1.1301529368e+00 3.2725238684e-01 1.176580e+00 1.496e-02
0.700000 5.950000 1.1346387473e+00 3.0924417705e-01 1.176026e+00 1.509e-02
0.700000 6.000000 1.1379159825e+00 2.9269140777e-01 1.174956e+00 1.521e-02
0.700000 6.050000 1.1404875588e+00 2.7750652274e-01 1.173764e+00 1.533e-02
0.700000 6.100000 1.1427562053e+00 2.6345871788e-01 1.172733e+00 1.546e-02
0.700000 6.150000 1.1449927705e+00 2.5023471103e-01 1.172018e+00 1.558e-02
0.700000 6.200000 1.1473400839e+00 2.3749484400e-01 1.171663e+00 1.571e-02
0.700000 6.250000 1.1498360908e+00 2.2490585562e-01 1.171625e+00 1.583e-02
0.700000 6.300000 1.1524333949e+00 2.1214971828e-01 1.171798e+00 1.596e-02
0.700000 6.350000 1.1550010446e+00 1.9892431218e-01 1.172006e+00 1.608e-02
0.700000 6.400000 1.1573118812e+00 1.8495582704e-01 1.171998e+00 1.620e-02
0.700000 6.450000 1.1590329316e+00 1.7003252368e-01 1.171439e+00 1.633e-02
0.700000 6.500000 1.1597378150e+00 1.5405237465e-01 1.169925e+00 1.645e-02
0.700000 6.550000 1.1589484101e+00 1.3706490714e-01 1.167025e+00 1.658e-02
0.700000 6.600000 1.1561964569e+00 1.1928821567e-01 1.162334e+00 1.670e-02
0.700000 6.650000 1.1510855132e+00 1.0109447666e-01 1.155516e+00 1.683e-02
0.700000 6.700000 1.1433359756e+00 8.2972395353e-02 1.146343e+00 1.695e-02
0.700000 6.750000 1.1328079021e+00 6.5482597606e-02 1.134699e+00 1.707e-02
0.700000 6.800000 1.1195087181e+00 4.9217791539e-02 1.120590e+00 1.720e-02
0.700000 6.850000 1.1035964924e+00 3.4768120044e-02 1.104144e+00 1.732e-02
0.700000 6.900000 1.0853822998e+00 2.2683290547e-02 1.085619e+00 1.745e-02
0.700000 6.950000 1.0653236531e+00 1.3424473360e-02 1.065408e+00 1.757e-02
0.700000 7.000000 1.0439952342e+00 7.3103283695e-03 1.044021e+00 1.770e-02
0.700000 7.050000 1.0220294996e+00 4.4745346788e-03 1.022039e+00 1.782e-02
0.700000 7.100000 1.0000356811e+00 4.8563062454e-03 1.000047e+00 1.795e-02
0.700000 7.150000 9.7852115432e-01 8.2354576267e-03 9.785558e-01 1.807e-02
0.700000 7.200000 9.5784321446e-01 1.4304047213e-02 9.579500e-01 1.819e-02
0.700000 7.250000 9.3820784105e-01 2.2748937737e-02 9.384836e-01 1.832e-02
0.700000 7.300000 9.1971093955e-01 3.3314811135e-02 9.203141e-01 1.844e-02
0.700000 7.350000 9.0239909305e-01 4.5828444309e-02 9.035620e-01 1.857e-02
0.700000 7.400000 8.8632175541e-01 6.0185492911e-02 8.883628e-01 1.869e-02
0.700000 7.450000 8.7155721938e-01 7.6318170911e-02 8.748923e-01 1.882e-02
0.700000 7.500000 8.5821295283e-01 9.4166233695e-02 8.633636e-01 1.894e-02
0.700000 7.550000 8.4641489765e-01 1.1366372800e-01 8.540127e-01 1.907e-02
0.700000 7.600000 8.3630168428e-01 1.3473835339e-01 8.470861e-01 1.919e-02
0.700000 7.650000 8.2802921948e-01 1.5731038920e-01 8.428398e-01 1.931e-02
0.700000 7.700000 8.2177772102e-01 1.8128052979e-01 8.415351e-01 1.944e-02
0.700000 7.750000 8.1774752424e-01 2.0650796523e-01 8.434196e-01 1.956e-02
0.700000 7.800000 8.1613639593e-01 2.3279194139e-01 8.486876e-01 1.969e-02
0.700000 7.850000 8.1710501150e-01 2.5987223085e-01 8.574346e-01 1.981e-02
0.700000 7.900000 8.2074825097e-01 2.8745395504e-01 8.696307e-01 1.994e-02
0.700000 7.950000 8.2708937568e-01 3.1524655311e-01 8.851312e-01 2.006e-02
0.700000 8.000000 8.3610140179e-01 3.4299642200e-01 9.037213e-01 2.019e-02
0.700000 8.050000 8.4774327974e-01 3.7049554823e-01 9.251679e-01 2.031e-02
0.700000 8.100000 8.6198919024e-01 3.9756308739e-01 9.492533e-01 2.044e-02
0.700000 8.150000 8.7883398441e-01 4.2401377727e-01 9.757750e-01 2.056e-02
0.700000 8.200000 8.9827363411e-01 4.4963490874e-01 1.004523e+00 2.068e-02
0.700000 8.250000 9.2027594033e-01 4.7418696509e-01 1.035259e+00 2.081e-02
0.700000 8.300000 9.4476260442e-01 4.9742644025e-01 1.067712e+00 2.093e-02
0.700000 8.350000 9.7161515897e-01 5.1913408120e-01 1.101606e+00 2.106e-02
0.700000 8.400000 1.0007001364e+00 5.3912831502e-01 1.136688e+00 2.118e-02
0.700000 8.450000 1.0318950341e+00 5.5725430014e-01 1.172749e+00 2.131e-02
0.700000 8.500000 1.0650956903e+00 5.7335654076e-01 1.209614e+00 2.143e-02
0.700000 8.550000 1.1001983756e+00 5.8725525883e-01 1.247119e+00 2.156e-02
0.700000 8.600000 1.1370676448e+00 5.9874521290e-01 1.285075e+00 2.168e-02
0.700000 8.650000 1.1755117074e+00 6.0762123388e-01 1.323265e+00 2.181e-02
0.700000 8.700000 1.2152834536e+00 6.1371703253e-01 1.361456e+00 2.193e-02
0.700000 8.750000 1.2561096857e+00 6.1693462123e-01 1.399436e+00 2.205e-02
0.700000 8.800000 1.2977339235e+00 6.1724695496e-01 1.437048e+00 2.218e-02
0.700000 8.850000 1.3399505640e+00 6.1467233619e-01 1.474208e+00 2.230e-02
0.700000 8.900000 1.3826146562e+00 6.0923497416e-01 1.510891e+00 2.243e-02
0.700000 8.950000 1.4256269742e+00 6.0093159261e-01 1.547104e+00 2.255e-02
0.700000 9.000000 1.4689075747e+00 5.8971639460e-01 1.582863e+00 2.268e-02
0.700000 9.050000 1.5123736530e+00 5.7550239249e-01 1.618171e+00 2.280e-02
0.700000 9.100000 1.5559284472e+00 5.5816683490e-01 1.653016e+00 2.293e-02
0.700000 9.150000 1.5994548078e+00 5.3754957754e-01 1.687369e+00 2.305e-02
0.700000 9.200000 1.6428003248e+00 5.1344451452e-01 1.721168e+00 2.318e-02
0.700000 9.250000 1.6857462378e+00 4.8559670909e-01 1.754293e+00 2.330e-02
0.700000 9.300000 1.7279664317e+00 4.5372150851e-01 1.786542e+00 2.343e-02
0.700000 9.350000 1.7689955409e+00 4.1755271506e-01 1.817607e+00 2.355e-02
0.700000 9.400000 1.8082267915e+00 3.7691007861e-01 1.847091e+00 2.368e-02
0.700000 9.450000 1.8449482920e+00 3.3176305197e-01 1.874540e+00 2.380e-02
0.700000 9.500000 1.8784079391e+00 2.8226718851e-01 1.899498e+00 2.392e-02
0.700000 9.550000 1.9078836465e+00 2.2876273144e-01 1.921549e+00 2.405e-02
0.700000 9.600000 1.9327357986e+00 1.7174365924e-01 1.940351e+00 2.417e-02
0.700000 9.650000 1.9524322739e+00 1.1181782337e-01 1.955632e+00 2.430e-02
0.700000 9.700000 1.9665539158e+00 4.9677279239e-02 1.967181e+00 2.442e-02
0.700000 9.750000 1.9747983261e+00 -1.3915706346e-02 1.974847e+00 2.455e-02
0.700000 9.800000 1.9769960706e+00 -7.8137336325e-02 1.978540e+00 2.467e-02
0.700000 9.850000 1.9731390986e+00 -1.4212305887e-01 1.978251e+00 2.480e-02
0.700000 9.900000 1.9634067468e+00 -2.0501139033e-01 1.974081e+00 2.492e-02
0.700000 9.950000 1.9481703074e+00 -2.6600652655e-01 1.966247e+00 2.505e-02
0.700000 10.000000 1.9279657542e+00 -3.2444217138e-01 1.955074e+00 2.517e-02
0.700000 10.050000 1.9034397635e+00 -3.7982666157e-01 1.940967e+00 2.530e-02
0.700000 10.100000 1.8752859227e+00 -4.3185926524e-01 1.924370e+00 2.542e-02
0.700000 10.150000 1.8441883125e+00 -4.8042214648e-01 1.905738e+00 2.555e-02
0.700000 10.200000 1.8107791953e+00 -5.2556145069e-01 1.885507e+00 2.567e-02
0.700000 10.250000 1.7756048228e+00 -5.6746823139e-01 1.864080e+00 2.580e-02
0.700000 10.300000 1.7390884288e+00 -6.0645826290e-01 1.841798e+00 2.592e-02
0.700000 10.350000 1.7014865208e+00 -6.4293877126e-01 1.818908e+00 2.605e-02
0.700000 10.400000 1.6628487821e+00 -6.7734929333e-01 1.795513e+00 2.617e-02
0.700000 10.450000 1.6230025435e+00 -7.1007566012e-01 1.771537e+00 2.629e-02
0.700000 10.500000 1.5815808211e+00 -7.4135367353e-01 1.746712e+00 2.642e-02
0.700000 10.550000 1.5380975764e+00 -7.7119073959e-01 1.720604e+00 2.654e-02
0.700000 10.600000 1.4920535777e+00 -7.9933098581e-01 1.692677e+00 2.667e-02
0.700000 10.650000 1.4430433072e+00 -8.2527281853e-01 1.662363e+00 2.679e-02
0.700000 10.700000 1.3908356597e+00 -8.4832708422e-01 1.629136e+00 2.692e-02
0.700000 10.750000 1.3354168933e+00 -8.6769133282e-01 1.592553e+00 2.704e-02
0.700000 10.800000 1.2770031129e+00 -8.8251803492e-01 1.552281e+00 2.717e-02
0.700000 10.850000 1.2160396037e+00 -8.9196891708e-01 1.508098e+00 2.729e-02
0.700000 10.900000 1.1532001448e+00 -8.9526311424e-01 1.459920e+00 2.742e-02
0.700000 10.950000 1.0893854457e+00 -8.9173262245e-01 1.407817e+00 2.754e-02
0.700000 11.000000 1.0257071166e+00 -8.8089086271e-01 1.352052e+00 2.767e-02
0.700000 11.050000 9.6344197017e-01 -8.6250498453e-01 1.293111e+00 2.779e-02
0.700000 11.100000 9.0395279252e-01 -8.3665114915e-01 1.231713e+00 2.792e-02
0.700000 11.150000 8.4858859672e-01 -8.0373313642e-01 1.168798e+00 2.804e-02
0.700000 11.200000 7.9858837037e-01 -7.6445824407e-01 1.105504e+00 2.817e-02
0.700000 11.250000 7.5500996102e-01 -7.1978195708e-01 1.043133e+00 2.829e-02
0.700000 11.300000 7.1869165946e-01 -6.7084299208e-01 9.831317e-01 2.842e-02
0.700000 11.350000 6.9023776442e-01 -6.1890698104e-01 9.270782e-01 2.854e-02
0.700000 11.400000 6.7001166681e-01 -5.6532347176e-01 8.766449e-01 2.867e-02
0.700000 11.450000 6.5812522429e-01 -5.1148721621e-01 8.335154e-01 2.879e-02
0.700000 11.500000 6.5442659248e-01 -4.5879070803e-01 7.992266e-01 2.891e-02
0.700000 11.550000 6.5849970377e-01 -4.0856318520e-01 7.749489e-01 2.904e-02
0.700000 11.600000 6.6968856616e-01 -3.6200538481e-01 7.612691e-01 2.916e-02
0.700000 11.650000 6.8714793403e-01 -3.2013839118e-01 7.580639e-01 2.929e-02
0.700000 11.700000 7.0990673506e-01 -2.8378153615e-01 7.645257e-01 2.941e-02
0.700000 11.750000 7.3692294597e-01 -2.5355992591e-01 7.793254e-01 2.954e-02
0.700000 11.800000 7.6711452725e-01 -2.2992629473e-01 8.008313e-01 2.966e-02
0.700000 11.850000 7.9936724905e-01 -2.1317557260e-01 8.273039e-01 2.979e-02
0.700000 11.900000 8.3253605040e-01 -2.0343861594e-01 8.570318e-01 2.991e-02
0.700000 11.950000 8.6546112134e-01 -2.0065899244e-01 8.884182e-01 3.004e-02
0.700000 12.000000 8.9700972676e-01 -2.0457191910e-01 9.200414e-01 3.016e-02
0.700000 12.050000 9.2613639263e-01 -2.1470703293e-01 9.506985e-01 3.029e-02
0.700000 12.100000 9.5193962698e-01 -2.3042456812e-01 9.794307e-01 3.041e-02
0.700000 12.150000 9.7369252808e-01 -2.5097548240e-01 1.005518e+00 3.054e-02
0.700000 12.200000 9.9083808721e-01 -2.7556251063e-01 1.028443e+00 3.066e-02
0.700000 12.250000 1.0029589468e+00 -3.0337972081e-01 1.047839e+00 3.079e-02
0.700000 12.300000 1.0097436056e+00 -3.3362214179e-01 1.063431e+00 3.091e-02
0.700000 12.350000 1.0109691377e+00 -3.6547490454e-01 1.075003e+00 3.104e-02
0.700000 12.400000 1.0065066105e+00 -3.9810143772e-01 1.082377e+00 3.116e-02
0.700000 12.450000 9.9633954890e-01 -4.3064671802e-01 1.085426e+00 3.129e-02
0.700000 12.500000 9.8057871660e-01 -4.6225807647e-01 1.084074e+00 3.141e-02
0.700000 12.550000 9.5946216754e-01 -4.9211290610e-01 1.078306e+00 3.154e-02
0.700000 12.600000 9.3334273224e-01 -5.1943927635e-01 1.068151e+00 3.166e-02
0.700000 12.650000 9.0267534319e-01 -5.4352386578e-01 1.053680e+00 3.179e-02
0.700000 12.700000 8.6801581878e-01 -5.6371490826e-01 1.035000e+00 3.191e-02
0.700000 12.750000 8.3003115410e-01 -5.7943539018e-01 1.012273e+00 3.204e-02
0.700000 12.800000 7.8950748814e-01 -5.9021692710e-01 9.857373e-01 3.216e-02
0.700000 12.850000 7.4733642987e-01 -5.9574994174e-01 9.557352e-01 3.228e-02
0.700000 12.900000 7.0446853829e-01 -5.9593089393e-01 9.227186e-01 3.241e-02
0.700000 12.950000 6.6184020690e-01 -5.9088304273e-01 8.872290e-01 3.253e-02
0.700000 13.000000 6.2029592381e-01 -5.8093742305e-01 8.498561e-01 3.266e-02
0.700000 13.050000 5.8053146167e-01 -5.6657953452e-01 8.111900e-01 3.278e-02
0.700000 13.100000 5.4307245390e-01 -5.4838286797e-01 7.717846e-01 3.291e-02
0.700000 13.150000 5.0828420386e-01 -5.2695304339e-01 7.321423e-01 3.303e-02
0.700000 13.200000 4.7639452332e-01 -5.0289487688e-01 6.927157e-01 3.316e-02
0.700000 13.250000 4.4751068508e-01 -4.7679739984e-01 6.539125e-01 3.328e-02
0.700000 13.300000 4.2162375218e-01 -4.4922067776e-01 6.160891e-01 3.341e-02
0.700000 13.350000 3.9860936024e-01 -4.2067063629e-01 5.795284e-01 3.353e-02
0.700000 13.400000 3.7824190543e-01 -3.9156182927e-01 5.444149e-01 3.366e-02
0.700000 13.450000 3.6023318697e-01 -3.6218300996e-01 5.108273e-01 3.378e-02
0.700000 13.500000 3.4429080659e-01 -3.3268546594e-01 4.787648e-01 3.391e-02
0.700000 13.550000 3.3017699096e-01 -3.0310516732e-01 4.482071e-01 3.403e-02
0.700000 13.600000 3.1774531373e-01 -2.7341245628e-01 4.191855e-01 3.416e-02
0.700000 13.650000 3.0694356982e-01 -2.4356878607e-01 3.918419e-01 3.428e-02
0.700000 13.700000 2.9778873058e-01 -2.1356834321e-01 3.664554e-01 3.441e-02
0.700000 13.750000 2.9033273344e-01 -1.8345409408e-01 3.434363e-01 3.453e-02
0.700000 13.800000 2.8463754994e-01 -1.5331455930e-01 3.233015e-01 3.466e-02
0.700000 13.850000 2.8076545057e-01 -1.2327776977e-01 3.066376e-01 3.478e-02
0.700000 13.900000 2.7877509381e-01 -9.3515540371e-02 2.940420e-01 3.491e-02
0.700000 13.950000 2.7870735904e-01 -6.4257176774e-02 2.860188e-01 3.503e-02
0.700000 14.000000 2.8055198052e-01 -3.5797503692e-02 2.828266e-01 3.516e-02
0.700000 14.050000 2.8420240116e-01 -8.4805902906e-03 2.843289e-01 3.528e-02
0.700000 14.100000 2.8942039876e-01 1.7348581873e-02 2.899399e-01 3.541e-02
0.700000 14.150000 2.9583349517e-01 4.1413330033e-02 2.987181e-01 3.553e-02
0.700000 14.200000 3.0297471587e-01 6.3569375513e-02 3.095719e-01 3.566e-02
0.700000 14.250000 3.1035359444e-01 8.3837073862e-02 3.214779e-01 3.578e-02
0.700000 14.300000 3.1753193829e-01 1.0238921227e-01 3.336317e-01 3.591e-02
0.700000 14.350000 3.2417690958e-01 1.1950247457e-01 3.455018e-01 3.603e-02
0.700000 14.400000 3.3007726935e-01 1.3549547115e-01 3.568053e-01 3.616e-02
0.700000 14.450000 3.3512720756e-01 1.5067722126e-01 3.674423e-01 3.628e-02
0.700000 14.500000 3.3929455673e-01 1.6531849255e-01 3.774268e-01 3.641e-02
0.700000 14.550000 3.4259009104e-01 1.7964353855e-01 3.868330e-01 3.653e-02
0.700000 14.600000 3.4504476554e-01 1.9383167125e-01 3.957608e-01 3.666e-02
0.700000 14.650000 3.4669125035e-01 2.0802088210e-01 4.043112e-01 3.678e-02
0.700000 14.700000 3.4754346929e-01 2.2231498957e-01 4.125657e-01 3.690e-02
0.700000 14.750000 3.4757471388e-01 2.3680236798e-01 4.205753e-01 3.703e-02
0.700000 14.800000 3.4670498625e-01 2.5159137702e-01 4.283720e-01 3.715e-02
0.700000 14.850000 3.4481212841e-01 2.6685603387e-01 4.360132e-01 3.728e-02
0.700000 14.900000 3.4177373181e-01 2.8287346851e-01 4.436515e-01 3.740e-02
0.700000 14.950000 3.3753097919e-01 3.0003197939e-01 4.516042e-01 3.753e-02
0.700000 15.000000 3.3215138202e-01 3.1879903836e-01 4.603883e-01 3.765e-02
0.700000 15.050000 3.2586475645e-01 3.3965725766e-01 4.706962e-01 3.778e-02
0.700000 15.100000 3.1905855320e-01 3.6303192209e-01 4.833120e-01 3.790e-02
0.700000 15.150000 3.1223819707e-01 3.8923638136e-01 4.989966e-01 3.803e-02
0.700000 15.200000 3.0597348091e-01 4.1844970751e-01 5.183820e-01 3.815e-02
0.700000 15.250000 3.0085401738e-01 4.5072233177e-01 5.419075e-01 3.828e-02
0.700000 15.300000 2.9746488960e-01 4.8599197246e-01 5.698013e-01 3.840e-02
0.700000 15.350000 2.9637670170e-01 5.2409229552e-01 6.020896e-01 3.853e-02
0.700000 15.400000 2.9813405884e-01 5.6474926354e-01 6.386123e-01 3.865e-02
0.700000 15.450000 3.0322991330e-01 6.0757538528e-01 6.790407e-01 3.878e-02
0.700000 15.500000 3.1206729489e-01 6.5207870530e-01 7.229057e-01 3.890e-02
0.700000 15.550000 3.2492416064e-01 6.9769623248e-01 7.696465e-01 3.903e-02
0.700000 15.600000 3.4194065948e-01 7.4384533839e-01 8.186753e-01 3.915e-02
0.700000 15.650000 3.6313758990e-01 7.8997285886e-01 8.694401e-01 3.928e-02
0.700000 15.700000 3.8845672560e-01 8.3558036379e-01 9.214625e-01 3.940e-02
0.700000 15.750000 4.1780009090e-01 8.8021711144e-01 9.743403e-01 3.953e-02
0.700000 15.800000 4.5104563481e-01 9.2345157477e-01 1.027718e+00 3.965e-02
0.700000 15.850000 4.8803137790e-01 9.6484562433e-01 1.081250e+00 3.978e-02
0.700000 15.900000 5.2851983566e-01 1.0039538869e+00 1.134573e+00 3.990e-02
0.700000 15.950000 5.7216687436e-01 1.0403555451e+00 1.187314e+00 4.003e-02
0.700000 16.000000 6.1851666095e-01 1.0737068207e+00 1.239116e+00 4.015e-02
0.700000 16.050000 6.6702941910e-01 1.1037915872e+00 1.289684e+00 4.028e-02
0.700000 16.100000 7.1713164214e-01 1.1305509926e+00 1.338814e+00 4.040e-02
0.700000 16.150000 7.6827027577e-01 1.1540868926e+00 1.386418e+00 4.053e-02
0.700000 16.200000 8.1995735636e-01 1.1746477552e+00 1.432525e+00 4.065e-02
0.700000 16.250000 8.7180441823e-01 1.1926097892e+00 1.477282e+00 4.078e-02
0.700000 16.300000 9.2355602005e-01 1.2084583028e+00 1.520963e+00 4.090e-02
0.700000 16.350000 9.7513075790e-01 1.2227616389e+00 1.563978e+00 4.103e-02
0.700000 16.400000 1.0266663259e+00 1.2361232360e+00 1.606874e+00 4.115e-02
0.700000 16.450000 1.0785511670e+00 1.2491032185e+00 1.650313e+00 4.128e-02
0.700000 16.500000 1.1314200043e+00 1.2621170962e+00 1.695008e+00 4.140e-02
0.700000 16.550000 1.1860995596e+00 1.2753355130e+00 1.741641e+00 4.153e-02
0.700000 16.600000 1.2435099248e+00 1.2886144620e+00 1.790766e+00 4.165e-02
0.700000 16.650000 1.3045451368e+00 1.3014756180e+00 1.842736e+00 4.178e-02
0.700000 16.700000 1.3699626741e+00 1.3131369255e+00 1.897663e+00 4.190e-02
0.700000 16.750000 1.4403026737e+00 1.3225760521e+00 1.955423e+00 4.203e-02
0.700000 16.800000 1.5158402180e+00 1.3286038547e+00 2.015678e+00 4.215e-02
0.700000 16.850000 1.5965597568e+00 1.3299333475e+00 2.077914e+00 4.228e-02
0.700000 16.900000 1.6821383956e+00 1.3252442878e+00 2.141463e+00 4.240e-02
0.700000 16.950000 1.7719343503e+00 1.3132530642e+00 2.205535e+00 4.253e-02
0.700000 17.000000 1.8649897584e+00 1.2927950149e+00 2.269252e+00 4.265e-02
0.700000 17.050000 1.9600624062e+00 1.2629136817e+00 2.331694e+00 4.278e-02
0.700000 17.100000 2.0556934904e+00 1.2229385809e+00 2.391956e+00 4.290e-02
0.700000 17.150000 2.1503024692e+00 1.1725302156e+00 2.449210e+00 4.303e-02
0.700000 17.200000 2.2422862025e+00 1.1116818227e+00 2.502735e+00 4.315e-02
0.700000 17.250000 2.3300978808e+00 1.0406856772e+00 2.551937e+00 4.328e-02
0.700000 17.300000 2.4122936487e+00 9.6008592668e-01 2.596329e+00 4.340e-02
0.700000 17.350000 2.4875536889e+00 8.7064057129e-01 2.635515e+00 4.353e-02
0.700000 17.400000 2.5546976114e+00 7.7330185159e-01 2.669171e+00 4.365e-02
0.700000 17.450000 2.6127127327e+00 6.6920589923e-01 2.697055e+00 4.377e-02
0.700000 17.500000 2.6607992337e+00 5.5965142347e-01 2.719019e+00 4.390e-02
0.700000 17.550000 2.6984181688e+00 4.4605097375e-01 2.735036e+00 4.402e-02
0.700000 17.600000 2.7253191020e+00 3.2985452965e-01 2.745208e+00 4.415e-02
0.700000 17.650000 2.7415300873e+00 2.1246314159e-01 2.749750e+00 4.427e-02
0.700000 17.700000 2.7473100887e+00 9.5158306181e-02 2.748958e+00 4.440e-02
0.700000 17.750000 2.7430816260e+00 -2.0934339655e-02 2.743162e+00 4.452e-02
0.700000 17.800000 2.7293684147e+00 -1.3484575130e-01 2.732697e+00 4.465e-02
0.700000 17.850000 2.7067553756e+00 -2.4574375524e-01 2.717888e+00 4.477e-02
0.700000 17.900000 2.6758723655e+00 -3.5291350899e-01 2.699044e+00 4.490e-02
0.700000 17.950000 2.6373891666e+00 -4.5575126715e-01 2.676477e+00 4.502e-02
0.700000 18.000000 2.5920060894e+00 -5.5377053870e-01 2.650501e+00 4.515e-02
0.700000 18.050000 2.5404324716e+00 -6.4660929887e-01 2.621431e+00 4.527e-02
0.700000 18.100000 2.4833572733e+00 -7.3402668099e-01 2.589567e+00 4.540e-02
0.700000 18.150000 2.4214226937e+00 -8.1588618297e-01 2.555183e+00 4.552e-02
0.700000 18.200000 2.3552088244e+00 -8.9213217075e-01 2.518513e+00 4.565e-02
0.700000 18.250000 2.2852280785e+00 -9.6276935161e-01 2.479756e+00 4.577e-02
0.700000 18.300000 2.2119207386e+00 -1.0278487467e+00 2.439071e+00 4.590e-02
0.700000 18.350000 2.1356441406e+00 -1.0874537937e+00 2.396567e+00 4.602e-02
0.700000 18.400000 2.0566575964e+00 -1.1416752555e+00 2.352289e+00 4.615e-02
0.700000 18.450000 1.9751159096e+00 -1.1905689624e+00 2.306195e+00 4.627e-02
0.700000 18.500000 1.8910871626e+00 -1.2341035967e+00 2.258146e+00 4.640e-02
0.700000 18.550000 1.8046013288e+00 -1.2721176766e+00 2.207911e+00 4.652e-02
0.700000 18.600000 1.7157198189e+00 -1.3043062275e+00 2.155205e+00 4.665e-02
0.700000 18.650000 1.6246029724e+00 -1.3302456320e+00 2.099735e+00 4.677e-02
0.700000 18.700000 1.5315522506e+00 -1.3494463976e+00 2.041239e+00 4.690e-02
0.700000 18.750000 1.4370178773e+00 -1.3614100389e+00 1.979509e+00 4.702e-02
0.700000 18.800000 1.3415826589e+00 -1.3656672870e+00 1.914391e+00 4.715e-02
0.700000 18.850000 1.2459457684e+00 -1.3617905741e+00 1.845767e+00 4.727e-02
0.700000 18.900000 1.1509273965e+00 -1.3493944407e+00 1.773556e+00 4.740e-02
0.700000 18.950000 1.0574974803e+00 -1.3281496840e+00 1.697729e+00 4.752e-02
0.700000 19.000000 9.6681010535e-01 -1.2978322245e+00 1.618360e+00 4.765e-02
0.700000 19.050000 8.8021343292e-01 -1.2584081072e+00 1.535697e+00 4.777e-02
0.700000 19.100000 7.9921086363e-01 -1.2101334747e+00 1.450228e+00 4.790e-02
0.700000 19.150000 7.2536933102e-01 -1.1536363706e+00 1.362732e+00 4.802e-02
0.700000 19.200000 6.6019306998e-01 -1.0899526313e+00 1.274304e+00 4.815e-02
0.700000 19.250000 6.0499302948e-01 -1.0205067528e+00 1.186360e+00 4.827e-02
0.700000 19.300000 5.6077783536e-01 -9.4704855823e-01 1.100624e+00 4.840e-02
0.700000 19.350000 5.2817687798e-01 -8.7156614930e-01 1.019116e+00 4.852e-02
0.700000 19.400000 5.0739117458e-01 -7.9619137277e-01 9.441221e-01 4.865e-02
0.700000 19.450000 4.9816286968e-01 -7.2310193475e-01 8.780903e-01 4.877e-02
0.700000 19.500000 4.9976097474e-01 -6.5441529758e-01 8.234199e-01 4.890e-02
0.700000 19.550000 5.1099174531e-01 -5.9207122547e-01 7.820875e-01 4.902e-02
0.700000 19.600000 5.3024645145e-01 -5.3771115729e-01 7.551785e-01 4.915e-02
0.700000 19.650000 5.5559160678e-01 -4.9257442063e-01 7.425036e-01 4.927e-02
0.700000 19.700000 5.8489064529e-01 -4.5743338300e-01 7.425243e-01 4.940e-02
0.700000 19.750000 6.1593220307e-01 -4.3257813831e-01 7.526595e-01 4.952e-02
0.700000 19.800000 6.4653873967e-01 -4.1784210765e-01 7.698080e-01 4.965e-02
0.700000 19.850000 6.7464255768e-01 -4.1264492846e-01 7.908340e-01 4.977e-02
0.700000 19.900000 6.9833675294e-01 -4.1602820074e-01 8.128676e-01 4.990e-02
0.700000 19.950000 7.1592344877e-01 -4.2667413693e-01 8.334250e-01 5.002e-02
0.700000 20.000000 7.2598124466e-01 -4.4291807491e-01 8.504265e-01 5.015e-02
0.700000 20.050000 7.2745814326e-01 -4.6278002310e-01 8.621837e-01 5.027e-02
0.700000 20.100000 7.1977491493e-01 -4.8403900871e-01 8.673925e-01 5.040e-02
0.700000 20.150000 7.0290979678e-01 -5.0435796463e-01 8.651353e-01 5.052e-02
0.700000 20.200000 6.7743642737e-01 -5.2144607333e-01 8.548837e-01 5.065e-02
0.700000 20.250000 6.4450107160e-01 -5.3323183380e-01 8.364914e-01 5.077e-02
0.700000 20.300000 6.0574283795e-01 -5.3801983216e-01 8.101788e-01 5.090e-02
0.700000 20.350000 5.6317141220e-01 -5.3461423453e-01 7.765143e-01 5.102e-02
0.700000 20.400000 5.1901691806e-01 -5.2240315422e-01 7.363991e-01 5.115e-02
0.700000 20.450000 4.7556047502e-01 -5.0140209908e-01 6.910585e-01 5.127e-02
0.700000 20.500000 4.3495079529e-01 -4.7225067205e-01 6.420303e-01 5.140e-02
0.700000 20.550000 3.9901767077e-01 -4.3615131624e-01 5.911371e-01 5.152e-02
0.700000 20.600000 3.6910529191e-01 -3.9474128013e-01 5.404252e-01 5.165e-02
0.700000 20.650000 3.4595777238e-01 -3.4990318940e-01 4.920559e-01 5.177e-02
0.700000 20.700000 3.2968622086e-01 -3.0354062936e-01 4.481405e-01 5.190e-02
0.700000 20.750000 3.1982832552e-01 -2.5736134273e-01 4.105180e-01 5.202e-02
0.700000 20.800000 3.1548480288e-01 -2.1271134711e-01 3.804954e-01 5.215e-02
0.700000 20.850000 3.1549551969e-01 -1.7048618961e-01 3.586126e-01 5.227e-02
0.700000 20.900000 3.1861283112e-01 -1.3111894642e-01 3.445378e-01 5.240e-02
0.700000 20.950000 3.2364254274e-01 -9.4622409683e-02 3.371912e-01 5.252e-02
0.700000 21.000000 3.2954513834e-01 -6.0656105250e-02 3.350808e-01 5.265e-02
0.700000 21.050000 3.3550785114e-01 -2.8598435980e-02 3.367245e-01 5.277e-02
0.700000 21.100000 3.4100206122e-01 2.3787071470e-03 3.410104e-01 5.290e-02
0.700000 21.150000 3.4583065104e-01 3.3223887493e-02 3.474229e-01 5.302e-02
0.700000 21.200000 3.5015585485e-01 6.4901300930e-02 3.561198e-01 5.315e-02
0.700000 21.250000 3.5449159549e-01 9.8272714330e-02 3.678611e-01 5.327e-02
0.700000 21.300000 3.5965110516e-01 1.3398550682e-01 3.837982e-01 5.340e-02
0.700000 21.350000 3.6665664674e-01 1.7239010313e-01 4.051610e-01 5.352e-02
0.700000 21.400000 3.7663243926e-01 2.1350042800e-01 4.329370e-01 5.365e-02
0.700000 21.450000 3.9070453440e-01 2.5699376489e-01 4.676493e-01 5.377e-02
0.700000 21.500000 4.0992061065e-01 3.0223308593e-01 5.092934e-01 5.390e-02
0.700000 21.550000 4.3518613700e-01 3.4829437943e-01 5.574011e-01 5.402e-02
0.700000 21.600000 4.6720291184e-01 3.9399358805e-01 6.111542e-01 5.415e-02
0.700000 21.650000 5.0639919886e-01 4.3792331347e-01 6.694901e-01 5.427e-02
0.700000 21.700000 5.5285548338e-01 4.7851657460e-01 7.311821e-01 5.440e-02
0.700000 21.750000 6.0624574887e-01 5.1414738632e-01 7.949097e-01 5.452e-02
0.700000 21.800000 6.6581933995e-01 5.4325967051e-01 8.593291e-01 5.465e-02
0.700000 21.850000 7.3043802503e-01 5.6449864147e-01 9.231459e-01 5.477e-02
0.700000 21.900000 7.9866229530e-01 5.7681385757e-01 9.851780e-01 5.490e-02
0.700000 21.950000 8.6886257948e-01 5.7951423999e-01 1.044394e+00 5.502e-02
0.700000 22.000000 9.3932588736e-01 5.7227580012e-01 1.099924e+00 5.515e-02
0.700000 22.050000 1.0083387507e+00 5.5512003895e-01 1.151045e+00 5.527e-02
0.700000 22.100000 1.0742455407e+00 5.2838502919e-01 1.197161e+00 5.540e-02
0.700000 22.150000 1.1354950353e+00 4.9270122661e-01 1.237782e+00 5.552e-02
0.700000 22.200000 1.1906890218e+00 4.4896856547e-01 1.272522e+00 5.565e-02
0.700000 22.250000 1.2386356605e+00 3.9832203015e-01 1.301107e+00 5.577e-02
0.700000 22.300000 1.2783966227e+00 3.4207631852e-01 1.323372e+00 5.590e-02
0.700000 22.350000 1.3093115479e+00 2.8165356550e-01 1.339263e+00 5.602e-02
0.700000 22.400000 1.3309908832e+00 2.1851122274e-01 1.348808e+00 5.615e-02
0.700000 22.450000 1.3432838717e+00 1.5408995577e-01 1.352093e+00 5.627e-02
0.700000 22.500000 1.3462414425e+00 8.9790955365e-02 1.349233e+00 5.639e-02
0.700000 22.550000 1.3400946839e+00 2.6974888309e-02 1.340366e+00 5.652e-02
0.700000 22.600000 1.3252573216e+00 -3.3037741468e-02 1.325669e+00 5.664e-02
0.700000 22.650000 1.3023430965e+00 -8.8984388079e-02 1.305380e+00 5.677e-02
0.700000 22.700000 1.2721777265e+00 -1.3970266451e-01 1.279825e+00 5.689e-02
0.700000 22.750000 1.2357874859e+00 -1.8418622904e-01 1.249438e+00 5.702e-02
0.700000 22.800000 1.1943603427e+00 -2.2163432885e-01 1.214750e+00 5.714e-02
0.700000 22.850000 1.1491912888e+00 -2.5147916852e-01 1.176385e+00 5.727e-02
0.700000 22.900000 1.1016303013e+00 -2.7338943128e-01 1.135047e+00 5.739e-02
0.700000 22.950000 1.0530450881e+00 -2.8726211275e-01 1.091523e+00 5.752e-02
0.700000 23.000000 1.0047964694e+00 -2.9321858653e-01 1.046706e+00 5.764e-02
0.700000 23.050000 9.5821254320e-01 -2.9161212091e-01 1.001603e+00 5.777e-02
0.700000 23.100000 9.1454728133e-01 -2.8303945665e-01 9.573443e-01 5.789e-02
0.700000 23.150000 8.7492040457e-01 -2.6833929229e-01 9.151457e-01 5.802e-02
0.700000 23.200000 8.4025040630e-01 -2.4856290066e-01 8.762444e-01 5.814e-02
0.700000 23.250000 8.1120075985e-01 -2.2491527469e-01 8.418038e-01 5.827e-02
0.700000 23.300000 7.8815482162e-01 -1.9868014933e-01 8.128111e-01 5.839e-02
0.700000 23.350000 7.7122086473e-01 -1.7114869067e-01 7.899832e-01 5.852e-02
0.700000 23.400000 7.6025493825e-01 -1.4356537872e-01 7.736915e-01 5.864e-02
0.700000 23.450000 7.5488542025e-01 -1.1709053806e-01 7.639124e-01 5.877e-02
0.700000 23.500000 7.5453157091e-01 -9.2767630171e-02 7.602129e-01 5.889e-02
0.700000 23.550000 7.5842240852e-01 -7.1483411604e-02 7.617837e-01 5.902e-02
0.700000 23.600000 7.6563076545e-01 -5.3920707105e-02 7.675271e-01 5.914e-02
0.700000 23.650000 7.7513294475e-01 -4.0518343107e-02 7.761912e-01 5.927e-02
0.700000 23.700000 7.8588873921e-01 -3.1459183035e-02 7.865181e-01 5.939e-02
0.700000 23.750000 7.9691996514e-01 -2.6698798764e-02 7.973671e-01 5.952e-02
0.700000 23.800000 8.0736012442e-01 -2.6027759075e-02 8.077796e-01 5.964e-02
0.700000 23.850000 8.1645881031e-01 -2.9141632170e-02 8.169787e-01 5.977e-02
0.700000 23.900000 8.2354681015e-01 -3.5686963943e-02 8.243197e-01 5.989e-02
0.700000 23.950000 8.2798861747e-01 -4.5263416746e-02 8.292249e-01 6.002e-02
0.700000 24.000000 8.2915580103e-01 -5.7385667663e-02 8.311393e-01 6.014e-02
0.700000 24.050000 8.2644336033e-01 -7.1430198347e-02 8.295245e-01 6.027e-02
0.700000 24.100000 8.1932865817e-01 -8.6599747723e-02 8.238926e-01 6.039e-02
0.700000 24.150000 8.0745184728e-01 -1.0192869721e-01 8.138599e-01 6.052e-02
0.700000 24.200000 7.9068880340e-01 -1.1633302891e-01 7.992009e-01 6.064e-02
0.700000 24.250000 7.6919458750e-01 -1.2869082330e-01 7.798857e-01 6.077e-02
0.700000 24.300000 7.4341035471e-01 -1.3793257755e-01 7.560981e-01 6.089e-02
0.700000 24.350000 7.1403887817e-01 -1.4312546811e-01 7.282420e-01 6.102e-02
0.700000 24.400000 6.8199699236e-01 -1.4354489816e-01 6.969398e-01 6.114e-02
0.700000 24.450000 6.4834893587e-01 -1.3873154176e-01 6.630255e-01 6.127e-02
0.700000 24.500000 6.1422040648e-01 -1.2852917454e-01 6.275241e-01 6.139e-02
0.700000 24.550000 5.8069612815e-01 -1.1309220351e-01 5.916062e-01 6.152e-02
0.700000 24.600000 5.4871420347e-01 -9.2850495552e-02 5.565146e-01 6.164e-02
0.700000 24.650000 5.1898124374e-01 -6.8428489971e-02 5.234730e-01 6.177e-02
0.700000 24.700000 4.9193347966e-01 -4.0533172215e-02 4.936005e-01 6.189e-02
0.700000 24.750000 4.6775601843e-01 -9.8412950921e-03 4.678595e-01 6.202e-02
0.700000 24.800000 4.4644989687e-01 2.3080792729e-02 4.470461e-01 6.214e-02
0.700000 24.850000 4.2791681733e-01 5.7805427289e-02 4.318035e-01 6.227e-02
0.700000 24.900000 4.1202654985e-01 9.4025443604e-02 4.226188e-01 6.239e-02
0.700000 24.950000 3.9864578231e-01 1.3151650504e-01 4.197798e-01 6.252e-02
0.700000 25.000000 3.8763217369e-01 1.7011265422e-01 4.233167e-01 6.264e-02
0.700000 25.050000 3.7881889531e-01 2.0971426846e-01 4.329940e-01 6.277e-02
0.700000 25.100000 3.7202034723e-01 2.5032306437e-01 4.483980e-01 6.289e-02
0.700000 25.150000 3.6707618442e-01 2.9207804879e-01 4.690997e-01 6.302e-02
0.700000 25.200000 3.6392691359e-01 3.3526147542e-01 4.948162e-01 6.314e-02
0.700000 25.250000 3.6269452605e-01 3.8025698500e-01 5.254928e-01 6.327e-02
0.700000 25.300000 3.6373691025e-01 4.2746441087e-01 5.612757e-01 6.339e-02
0.700000 25.350000 3.6765617218e-01 4.7719380604e-01 6.023994e-01 6.352e-02
0.700000 25.400000 3.7525977804e-01 5.2956581338e-01 6.490453e-01 6.364e-02
0.700000 25.450000 3.8748772055e-01 5.8443687509e-01 7.012226e-01 6.377e-02
0.700000 25.500000 4.0532174430e-01 6.4135455724e-01 7.586972e-01 6.389e-02
0.700000 25.550000 4.2968617730e-01 6.9954048671e-01 8.209672e-01 6.402e-02
0.700000 25.600000 4.6134279747e-01 7.5790019469e-01 8.872710e-01 6.414e-02
0.700000 25.650000 5.0078255686e-01 8.1506611168e-01 9.566169e-01 6.427e-02
0.700000 25.700000 5.4812603158e-01 8.6948287879e-01 1.027834e+00 6.439e-02
0.700000 25.750000 6.0305518019e-01 9.1953645177e-01 1.099647e+00 6.452e-02
0.700000 25.800000 6.6480132090e-01 9.6371176692e-01 1.170769e+00 6.464e-02
0.700000 25.850000 7.3220264148e-01 1.0007473999e+00 1.240006e+00 6.477e-02
0.700000 25.900000 8.0382270720e-01 1.0297506988e+00 1.306337e+00 6.489e-02
0.700000 25.950000 8.7810050971e-01 1.0502482366e+00 1.368971e+00 6.502e-02
0.700000 26.000000 9.5349421940e-01 1.0621691170e+00 1.427359e+00 6.514e-02
0.700000 26.050000 1.0285893650e+00 1.0657806072e+00 1.481177e+00 6.527e-02
0.700000 26.100000 1.1021619117e+00 1.0616053020e+00 1.530283e+00 6.539e-02
0.700000 26.150000 1.1732055459e+00 1.0503430103e+00 1.574685e+00 6.552e-02
0.700000 26.200000 1.2409399657e+00 1.0328051448e+00 1.614503e+00 6.564e-02
0.700000 26.250000 1.3048110249e+00 1.0098561610e+00 1.649952e+00 6.577e-02
0.700000 26.300000 1.3644813245e+00 9.8235427242e-01 1.681318e+00 6.589e-02
0.700000 26.350000 1.4198021561e+00 9.5109236173e-01 1.708922e+00 6.602e-02
0.700000 26.400000 1.4707613425e+00 9.1675151242e-01 1.733082e+00 6.614e-02
0.700000 26.450000 1.5174143224e+00 8.7988360405e-01 1.754064e+00 6.627e-02
0.700000 26.500000 1.5598183794e+00 8.4093113698e-01 1.772061e+00 6.639e-02
0.700000 26.550000 1.5979923709e+00 8.0027618503e-01 1.787183e+00 6.652e-02
0.700000 26.600000 1.6319136036e+00 7.5829662246e-01 1.799488e+00 6.664e-02
0.700000 26.650000 1.6615457339e+00 7.1540586199e-01 1.809016e+00 6.677e-02
0.700000 26.700000 1.6868779455e+00 6.7206376825e-01 1.815827e+00 6.689e-02
0.700000 26.750000 1.7079547073e+00 6.2876364820e-01 1.820015e+00 6.702e-02
0.700000 26.800000 1.7248870586e+00 5.8601186648e-01 1.821715e+00 6.714e-02
0.700000 26.850000 1.7378519207e+00 5.4431533676e-01 1.821101e+00 6.727e-02
0.700000 26.900000 1.7470942211e+00 5.0417972561e-01 1.818388e+00 6.739e-02
0.700000 26.950000 1.7529418362e+00 4.6610737597e-01 1.813853e+00 6.752e-02
0.700000 27.000000 1.7558292393e+00 4.3057941344e-01 1.807854e+00 6.764e-02
0.700000 27.050000 1.7563129731e+00 3.9801526960e-01 1.800847e+00 6.777e-02
0.700000 27.100000 1.7550607647e+00 3.6871924491e-01 1.793375e+00 6.789e-02
0.700000 27.150000 1.7528084694e+00 3.4283611109e-01 1.786022e+00 6.802e-02
0.700000 27.200000 1.7502974955e+00 3.2033666132e-01 1.779370e+00 6.814e-02
0.700000 27.250000 1.7482175195e+00 3.0103907961e-01 1.773947e+00 6.827e-02
0.700000 27.300000 1.7471763930e+00 2.8465225552e-01 1.770212e+00 6.839e-02
0.700000 27.350000 1.7477023209e+00 2.7081565853e-01 1.768560e+00 6.852e-02
0.700000 27.400000 1.7502632472e+00 2.5911503564e-01 1.769339e+00 6.864e-02
0.700000 27.450000 1.7552781050e+00 2.4907139441e-01 1.772861e+00 6.877e-02
0.700000 27.500000 1.7631011748e+00 2.4012082941e-01 1.779377e+00 6.889e-02
0.700000 27.550000 1.7739803385e+00 2.3161161593e-01 1.789036e+00 6.902e-02
0.700000 27.600000 1.7880101623e+00 2.2283660634e-01 1.801843e+00 6.914e-02
0.700000 27.650000 1.8051087228e+00 2.1309827606e-01 1.817644e+00 6.927e-02
0.700000 27.700000 1.8250378574e+00 2.0178336979e-01 1.836159e+00 6.939e-02
0.700000 27.750000 1.8474657089e+00 1.8841604172e-01 1.857049e+00 6.952e-02
0.700000 27.800000 1.8720502583e+00 1.7266669061e-01 1.879996e+00 6.964e-02
0.700000 27.850000 1.8985137833e+00 1.5431248620e-01 1.904775e+00 6.977e-02
0.700000 27.900000 1.9266836431e+00 1.3316374656e-01 1.931280e+00 6.989e-02
0.700000 27.950000 1.9564886616e+00 1.0897913694e-01 1.959521e+00 7.002e-02
0.700000 28.000000 1.9879133645e+00 8.1390999203e-02 1.989579e+00 7.014e-02
0.700000 28.050000 2.0209186523e+00 4.9855780545e-02 2.021534e+00 7.027e-02
0.700000 28.100000 2.0553385365e+00 1.3640512907e-02 2.055384e+00 7.039e-02
0.700000 28.150000 2.0907645722e+00 -2.8143363499e-02 2.090954e+00 7.052e-02
0.700000 28.200000 2.1264373859e+00 -7.6447635722e-02 2.127811e+00 7.064e-02
0.700000 28.250000 2.1611762007e+00 -1.3213334649e-01 2.165212e+00 7.077e-02
0.700000 28.300000 2.1933835816e+00 -1.9577165428e-01 2.202103e+00 7.089e-02
0.700000 28.350000 2.2211537805e+00 -2.6744119464e-01 2.237197e+00 7.102e-02
0.700000 28.400000 2.2424859149e+00 -3.4658148437e-01 2.269110e+00 7.114e-02
0.700000 28.450000 2.2555657891e+00 -4.3195938097e-01 2.296555e+00 7.127e-02
0.700000 28.500000 2.2590487983e+00 -5.2177841175e-01 2.318524e+00 7.139e-02
0.700000 28.550000 2.2522669986e+00 -6.1391751457e-01 2.334438e+00 7.152e-02
0.700000 28.600000 2.2353022751e+00 -7.0624420071e-01 2.344218e+00 7.164e-02
0.700000 28.650000 2.2089071680e+00 -7.9692496138e-01 2.348268e+00 7.177e-02
0.700000 28.700000 2.1742982570e+00 -8.8466084896e-01 2.347381e+00 7.189e-02
0.700000 28.750000 2.1328769062e+00 -9.6880326940e-01 2.342593e+00 7.202e-02
0.700000 28.800000 2.0859402436e+00 -1.0493397848e+00 2.335008e+00 7.214e-02
0.700000 28.850000 2.0344348442e+00 -1.1267677426e+00 2.325625e+00 7.227e-02
0.700000 28.900000 1.9787873371e+00 -1.2018880919e+00 2.315196e+00 7.239e-02
0.700000 28.950000 1.9188299407e+00 -1.2755554698e+00 2.304116e+00 7.252e-02
0.700000 29.000000 1.8538277649e+00 -1.3484207816e+00 2.292360e+00 7.264e-02
0.700000 29.050000 1.7826048130e+00 -1.4207037567e+00 2.279491e+00 7.277e-02
0.700000 29.100000 1.7037518371e+00 -1.4920333788e+00 2.264715e+00 7.289e-02
0.700000 29.150000 1.6158814363e+00 -1.5613871413e+00 2.246999e+00 7.302e-02
0.700000 29.200000 1.5178810377e+00 -1.6271411491e+00 2.225208e+00 7.314e-02
0.700000 29.250000 1.4091126100e+00 -1.6872152074e+00 2.198248e+00 7.327e-02
0.700000 29.300000 1.2895244564e+00 -1.7392712976e+00 2.165165e+00 7.339e-02
0.700000 29.350000 1.1596704652e+00 -1.7809131810e+00 2.125203e+00 7.352e-02
0.700000 29.400000 1.0206621952e+00 -1.8098456009e+00 2.077810e+00 7.364e-02
0.700000 29.450000 8.7409435527e-01 -1.8239782249e+00 2.022607e+00 7.377e-02
0.700000 29.500000 7.2197796894e-01 -1.8214873617e+00 1.959354e+00 7.389e-02
0.700000 29.550000 5.6669381388e-01 -1.8008625600e+00 1.887922e+00 7.402e-02
0.700000 29.600000 4.1095660455e-01 -1.7609596428e+00 1.808277e+00 7.414e-02
0.700000 29.650000 2.5777193298e-01 -1.7010637991e+00 1.720484e+00 7.427e-02
0.700000 29.700000 1.1037678737e-01 -1.6209513025e+00 1.624705e+00 7.439e-02
0.700000 29.750000 -2.7829059836e-02 -1.5209387402e+00 1.521193e+00 7.452e-02
0.700000 29.800000 -1.5334559870e-01 -1.4019246322e+00 1.410286e+00 7.464e-02
0.700000 29.850000 -2.6262562075e-01 -1.2654467732e+00 1.292412e+00 7.477e-02
0.700000 29.900000 -3.5214288686e-01 -1.1137809588e+00 1.168124e+00 7.489e-02
0.700000 29.950000 -4.1852656222e-01 -9.5008211293e-01 1.038181e+00 7.502e-02
0.700000 30.000000 -4.5881544803e-01 -7.7852348169e-01 9.036650e-01 7.514e-02
0.700000 30.050000 -4.7085109994e-01 -6.0434622185e-01 7.661169e-01 7.527e-02
0.700000 30.100000 -4.5376482743e-01 -4.3371818827e-01 6.277053e-01 7.539e-02
0.700000 30.150000 -4.0844599568e-01 -2.7333404704e-01 4.914668e-01 7.552e-02
0.700000 30.200000 -3.3784110307e-01 -1.2976415767e-01 3.619052e-01 7.564e-02
0.700000 30.250000 -2.4694797215e-01 -8.6504612277e-03 2.470994e-01 7.577e-02
0.700000 30.300000 -1.4243802784e-01 8.6082526344e-02 1.664295e-01 7.589e-02
0.700000 30.350000 -3.1939581007e-02 1.5281393544e-01 1.561161e-01 7.602e-02
0.700000 30.400000 7.6889340656e-02 1.9246210369e-01 2.072526e-01 7.614e-02
0.700000 30.450000 1.7731173343e-01 2.0830665633e-01 2.735528e-01 7.627e-02
0.700000 30.500000 2.6429509857e-01 2.0543490518e-01 3.347468e-01 7.639e-02
0.700000 30.550000 3.3498387686e-01 1.8993469255e-01 3.850836e-01 7.652e-02
0.700000 30.600000 3.8879578319e-01 1.6800176938e-01 4.235407e-01 7.664e-02
0.700000 30.650000 4.2716200096e-01 1.4513064318e-01 4.511433e-01 7.677e-02
0.700000 30.700000 4.5300042618e-01 1.2552055180e-01 4.700689e-01 7.689e-02
0.700000 30.750000 4.7005117439e-01 1.1176782636e-01 4.831564e-01 7.702e-02
0.700000 30.800000 4.8221033099e-01 1.0484946771e-01 4.934777e-01 7.714e-02
0.700000 30.850000 4.9297496531e-01 1.0434546715e-01 5.038971e-01 7.727e-02
0.700000 30.900000 5.0506871335e-01 1.0881057728e-01 5.166567e-01 7.739e-02
0.700000 30.950000 5.2026541074e-01 1.1619595391e-01 5.330831e-01 7.752e-02
0.700000 31.000000 5.3938240623e-01 1.2423675333e-01 5.535053e-01 7.764e-02
0.700000 31.050000 5.6238729822e-01 1.3075551431e-01 5.773876e-01 7.777e-02
0.700000 31.100000 5.8855762322e-01 1.3386963233e-01 6.035902e-01 7.789e-02
0.700000 31.150000 6.1664925933e-01 1.3212030914e-01 6.306442e-01 7.802e-02
0.700000 31.200000 6.4505492848e-01 1.2455109700e-01 6.569694e-01 7.814e-02
0.700000 31.250000 6.7195548965e-01 1.1075685609e-01 6.810222e-01 7.827e-02
0.700000 31.300000 6.9547425307e-01 9.0907538347e-02 7.013905e-01 7.839e-02
0.700000 31.350000 7.1383774463e-01 6.5737910674e-02 7.168583e-01 7.852e-02
0.700000 31.400000 7.2553301104e-01 3.6492482370e-02 7.264502e-01 7.864e-02
0.700000 31.450000 7.2944237626e-01 4.8244276882e-03 7.294583e-01 7.877e-02
0.700000 31.500000 7.2493813005e-01 -2.7339433737e-02 7.254535e-01 7.889e-02
0.700000 31.550000 7.1193044014e-01 -5.7948003711e-02 7.142849e-01 7.902e-02
0.700000 31.600000 6.9087382047e-01 -8.4972898464e-02 6.960798e-01 7.914e-02
0.700000 31.650000 6.6274229108e-01 -1.0654635134e-01 6.712522e-01 7.927e-02
0.700000 31.700000 6.2897827145e-01 -1.2109179464e-01 6.405286e-01 7.939e-02
0.700000 31.750000 5.9141050740e-01 -1.2744831003e-01 6.049872e-01 7.952e-02
0.700000 31.800000 5.5213144565e-01 -1.2497989298e-01 5.660999e-01 7.964e-02
0.700000 31.850000 5.1333124979e-01 -1.1364793266e-01 5.257612e-01 7.977e-02
0.700000 31.900000 4.7710279098e-01 -9.4021056835e-02 4.862788e-01 7.989e-02
0.700000 31.950000 4.4525005413e-01 -6.7206954852e-02 4.502937e-01 8.002e-02
0.700000 32.000000 4.1913971758e-01 -3.4713226621e-02 4.205747e-01 8.014e-02
0.700000 32.050000 3.9962580258e-01 1.7322334481e-03 3.996296e-01 8.027e-02
0.700000 32.100000 3.8705378808e-01 4.0358951764e-02 3.891523e-01 8.039e-02
0.700000 32.150000 3.8132514003e-01 7.9493508501e-02 3.895229e-01 8.052e-02
0.700000 32.200000 3.8198861658e-01 1.1764533151e-01 3.996945e-01 8.064e-02
0.700000 32.250000 3.8832713590e-01 1.5354597565e-01 4.175815e-01 8.077e-02
0.700000 32.300000 3.9942455662e-01 1.8616288801e-01 4.406774e-01 8.089e-02
0.700000 32.350000 4.1421457350e-01 2.1470770107e-01 4.665545e-01 8.102e-02
0.700000 32.400000 4.3152357448e-01 2.3864765474e-01 4.931179e-01 8.114e-02
0.700000 32.450000 4.5011715994e-01 2.5771668534e-01 5.186746e-01 8.127e-02
0.700000 32.500000 4.6875093853e-01 2.7191845589e-01 5.419106e-01 8.139e-02
0.700000 32.550000 4.8621914040e-01 2.8151851134e-01 5.618378e-01 8.152e-02
0.700000 32.600000 5.0139571574e-01 2.8703085560e-01 5.777408e-01 8.164e-02
0.700000 32.650000 5.1327082405e-01 2.8920725017e-01 5.891416e-01 8.177e-02
0.700000 32.700000 5.2099359460e-01 2.8903133405e-01 5.957965e-01 8.189e-02
0.700000 32.750000 5.2393177781e-01 2.8770775885e-01 5.977293e-01 8.202e-02
0.700000 32.800000 5.2174807179e-01 2.8662774885e-01 5.952953e-01 8.214e-02
0.700000 32.850000 5.1447705745e-01 2.8729469295e-01 5.892579e-01 8.227e-02
0.700000 32.900000 5.0257586442e-01 2.9120758317e-01 5.808480e-01 8.239e-02
0.700000 32.950000 4.8692371957e-01 2.9971929630e-01 5.717748e-01 8.252e-02
0.700000 33.000000 4.6876054189e-01 3.1390011176e-01 5.641540e-01 8.264e-02
0.700000 33.050000 4.4957494506e-01 3.3443694866e-01 5.603264e-01 8.277e-02
0.700000 33.100000 4.3096670713e-01 3.6158609422e-01 5.625627e-01 8.289e-02
0.700000 33.150000 4.1451125896e-01 3.9517957364e-01 5.727010e-01 8.302e-02
0.700000 33.200000 4.0164526246e-01 4.3467252022e-01 5.918269e-01 8.314e-02
0.700000 33.250000 3.9358047354e-01 4.7921607103e-01 6.201239e-01 8.327e-02
0.700000 33.300000 3.9124589333e-01 5.2774506662e-01 6.569537e-01 8.339e-02
0.700000 33.350000 3.9525848540e-01 5.7907492783e-01 7.011113e-01 8.352e-02
0.700000 33.400000 4.0592638028e-01 6.3200145343e-01 7.511339e-01 8.364e-02
0.700000 33.450000 4.2328827227e-01 6.8539100226e-01 8.055643e-01 8.377e-02
0.700000 33.500000 4.4718451653e-01 7.3824292036e-01 8.631203e-01 8.389e-02
0.700000 33.550000 4.7734227109e-01 7.8970879791e-01 9.227652e-01 8.402e-02
0.700000 33.600000 5.1344765388e-01 8.3906674482e-01 9.836979e-01 8.414e-02
0.700000 33.650000 5.5518068670e-01 8.8566771473e-01 1.045291e+00 8.427e-02
0.700000 33.700000 6.0220521001e-01 9.2888399360e-01 1.107012e+00 8.439e-02
0.700000 33.750000 6.5412825293e-01 9.6808814555e-01 1.168366e+00 8.452e-02
0.700000 33.800000 7.1045880193e-01 1.0026733266e+00 1.228864e+00 8.464e-02
0.700000 33.850000 7.7059486550e-01 1.0321021585e+00 1.288042e+00 8.477e-02
0.700000 33.900000 8.3385019368e-01 1.0559551202e+00 1.345491e+00 8.489e-02
0.700000 33.950000 8.9950821939e-01 1.0739503856e+00 1.400887e+00 8.502e-02
0.700000 34.000000 9.6687500436e-01 1.0859244837e+00 1.453987e+00 8.514e-02
0.700000 34.050000 1.0353044572e+00 1.0917861619e+00 1.504610e+00 8.527e-02
0.700000 34.100000 1.1041862076e+00 1.0914702854e+00 1.552590e+00 8.539e-02
0.700000 34.150000 1.1729079211e+00 1.0849162146e+00 1.597735e+00 8.552e-02
0.700000 34.200000 1.2408160101e+00 1.0720786696e+00 1.639810e+00 8.564e-02
0.700000 34.250000 1.3071948543e+00 1.0529602752e+00 1.678536e+00 8.577e-02
0.700000 34.300000 1.3712689934e+00 1.0276463341e+00 1.713603e+00 8.589e-02
0.700000 34.350000 1.4322173363e+00 9.9632878977e-01 1.744683e+00 8.602e-02
0.700000 34.400000 1.4891846182e+00 9.5932186351e-01 1.771431e+00 8.614e-02
0.700000 34.450000 1.5412859154e+00 9.1708395278e-01 1.793490e+00 8.627e-02
0.700000 34.500000 1.5876170550e+00 8.7025874299e-01 1.810491e+00 8.639e-02
0.700000 34.550000 1.6272939922e+00 8.1973246313e-01 1.822100e+00 8.652e-02
0.700000 34.600000 1.6595381339e+00 7.6668367804e-01 1.828078e+00 8.664e-02
0.700000 34.650000 1.6838032598e+00 7.1259111248e-01 1.828382e+00 8.677e-02
0.700000 34.700000 1.6999146230e+00 6.5917282957e-01 1.823244e+00 8.689e-02
0.700000 34.750000 1.7081768957e+00 6.0825446095e-01 1.813241e+00 8.702e-02
0.700000 34.800000 1.7094137987e+00 5.6159268482e-01 1.799300e+00 8.714e-02
0.700000 34.850000 1.7049259016e+00 5.2069764373e-01 1.782666e+00 8.727e-02
0.700000 34.900000 1.6963817897e+00 4.8669576621e-01 1.764818e+00 8.739e-02
0.700000 34.950000 1.6856770365e+00 4.6025504755e-01 1.747381e+00 8.752e-02
0.700000 35.000000 1.6747970982e+00 4.4156977552e-01 1.732030e+00 8.764e-02
0.700000 35.050000 1.6657066914e+00 4.3038392801e-01 1.720410e+00 8.777e-02
0.700000 35.100000 1.6602693914e+00 4.2602881127e-01 1.714058e+00 8.789e-02
0.700000 35.150000 1.6601876585e+00 4.2745867919e-01 1.714335e+00 8.802e-02
0.700000 35.200000 1.6669500214e+00 4.3327995839e-01 1.722340e+00 8.814e-02
0.700000 35.250000 1.6817760948e+00 4.4177776990e-01 1.738832e+00 8.827e-02
0.700000 35.300000 1.7055552615e+00 4.5094562573e-01 1.764163e+00 8.839e-02
0.700000 35.350000 1.7387770196e+00 4.5852392127e-01 1.798218e+00 8.852e-02
0.700000 35.400000 1.7814513168e+00 4.6205473997e-01 1.840398e+00 8.864e-02
0.700000 35.450000 1.8330204654e+00 4.5896531020e-01 1.889607e+00 8.877e-02
0.700000 35.500000 1.8922738653e+00 4.4669560597e-01 1.944283e+00 8.889e-02
0.700000 35.550000 1.9572904929e+00 4.2288039180e-01 2.002452e+00 8.902e-02
0.700000 35.600000 2.0254439094e+00 3.8557950562e-01 2.061818e+00 8.914e-02
0.700000 35.650000 2.0935015508e+00 3.3352693198e-01 2.119903e+00 8.927e-02
0.700000 35.700000 2.1578309618e+00 2.6635003892e-01 2.174207e+00 8.939e-02
0.700000 35.750000 2.2146961777e+00 1.8470616188e-01 2.222385e+00 8.952e-02
0.700000 35.800000 2.2605999997e+00 9.0298629814e-02 2.262403e+00 8.964e-02
0.700000 35.850000 2.2926145575e+00 -1.4237381504e-02 2.292659e+00 8.977e-02
0.700000 35.900000 2.3086480169e+00 -1.2555953097e-01 2.312060e+00 8.989e-02
0.700000 35.950000 2.3076144821e+00 -2.3991540596e-01 2.320053e+00 9.002e-02
0.700000 36.000000 2.2894958976e+00 -3.5347048097e-01 2.316621e+00 9.014e-02
0.700000 36.050000 2.2552993503e+00 -4.6263224093e-01 2.302261e+00 9.027e-02
0.700000 36.100000 2.2069182844e+00 -5.6434346637e-01 2.277931e+00 9.039e-02
0.700000 36.150000 2.1469073860e+00 -6.5631949891e-01 2.244987e+00 9.052e-02
0.700000 36.200000 2.0781865811e+00 -7.3720122906e-01 2.205068e+00 9.064e-02
0.700000 36.250000 2.0037035101e+00 -8.0659538637e-01 2.159959e+00 9.077e-02
0.700000 36.300000 1.9261013625e+00 -8.6498493097e-01 2.111413e+00 9.089e-02
0.700000 36.350000 1.8474493078e+00 -9.1351693165e-01 2.060966e+00 9.102e-02
0.700000 36.400000 1.7690861473e+00 -9.5370581472e-01 2.009781e+00 9.114e-02
0.700000 36.450000 1.6916025811e+00 -9.8711291601e-01 1.958548e+00 9.127e-02
0.700000 36.500000 1.6149522793e+00 -1.0150674842e+00 1.907468e+00 9.139e-02
0.700000 36.550000 1.5386512905e+00 -1.0384773267e+00 1.856309e+00 9.152e-02
0.700000 36.600000 1.4620113092e+00 -1.0577473965e+00 1.804524e+00 9.164e-02
0.700000 36.650000 1.3843579726e+00 -1.0727955915e+00 1.751382e+00 9.177e-02
0.700000 36.700000 1.3052036869e+00 -1.0831380932e+00 1.696097e+00 9.189e-02
0.700000 36.750000 1.2243638794e+00 -1.0880143590e+00 1.637938e+00 9.202e-02
0.700000 36.800000 1.1420174019e+00 -1.0865285562e+00 1.576308e+00 9.214e-02
0.700000 36.850000 1.0587151803e+00 -1.0777909220e+00 1.510798e+00 9.227e-02
0.700000 36.900000 9.7534177149e-01 -1.0610442949e+00 1.441217e+00 9.239e-02
0.700000 36.950000 8.9303862159e-01 -1.0357599488e+00 1.367595e+00 9.252e-02
0.700000 37.000000 8.1310661397e-01 -1.0016894512e+00 1.290164e+00 9.264e-02
0.700000 37.050000 7.3691329781e-01 -9.5887021968e-01 1.209328e+00 9.277e-02
0.700000 37.100000 6.6582874575e-01 -9.0759947531e-01 1.125640e+00 9.289e-02
0.700000 37.150000 6.0119941031e-01 -8.4840519667e-01 1.039823e+00 9.302e-02
0.700000 37.200000 5.4434655984e-01 -7.8204318820e-01 9.528403e-01 9.314e-02
0.700000 37.250000 4.9655703343e-01 -7.0953268240e-01 8.660286e-01 9.327e-02
0.700000 37.300000 4.5903140113e-01 -6.3221563220e-01 7.812851e-01 9.339e-02
0.700000 37.350000 4.3277235568e-01 -5.5180133781e-01 7.012679e-01 9.352e-02
0.700000 37.400000 4.1842685564e-01 -4.7035210213e-01 6.295333e-01 9.364e-02
0.700000 37.450000 4.1612374033e-01 -3.9018206201e-01 5.704393e-01 9.377e-02
0.700000 37.500000 4.2535958414e-01 -3.1367284593e-01 5.285087e-01 9.389e-02
0.700000 37.550000 4.4497402916e-01 -2.4304089864e-01 5.070215e-01 9.402e-02
0.700000 37.600000 4.7322830030e-01 -1.8010777278e-01 5.063436e-01 9.414e-02
0.700000 37.650000 5.0797108677e-01 -1.2612093926e-01 5.233938e-01 9.427e-02
0.700000 37.700000 5.4685726118e-01 -8.1654237609e-02 5.529198e-01 9.439e-02
0.700000 37.750000 5.8758148427e-01 -4.6595684665e-02 5.894261e-01 9.452e-02
0.700000 37.800000 6.2809572627e-01 -2.0215790519e-02 6.284210e-01 9.464e-02
0.700000 37.850000 6.6678803081e-01 -1.3039268159e-03 6.667893e-01 9.477e-02
0.700000 37.900000 7.0260350334e-01 1.1641617103e-02 7.026999e-01 9.489e-02
0.700000 37.950000 7.3508892739e-01 2.0189479167e-02 7.353661e-01 9.502e-02
0.700000 38.000000 7.6434652299e-01 2.5747198008e-02 7.647801e-01 9.514e-02
0.700000 38.050000 7.9089624997e-01 2.9370170089e-02 7.914414e-01 9.527e-02
0.700000 38.100000 8.1546888038e-01 3.1649567653e-02 8.160828e-01 9.539e-02
0.700000 38.150000 8.3877486465e-01 3.2706386171e-02 8.394123e-01 9.552e-02
0.700000 38.200000 8.6130464333e-01 3.2290410502e-02 8.619097e-01 9.564e-02
0.700000 38.250000 8.8320700056e-01 2.9952109285e-02 8.837147e-01 9.577e-02
0.700000 38.300000 9.0426586026e-01 2.5236240776e-02 9.046179e-01 9.589e-02
0.700000 38.350000 9.2396435977e-01 1.7846763868e-02 9.241367e-01 9.602e-02
0.700000 38.400000 9.4160238224e-01 7.7514676263e-03 9.416343e-01 9.614e-02
0.700000 38.450000 9.5642853681e-01 -4.7794837647e-03 9.564405e-01 9.627e-02
0.700000 38.500000 9.6775822739e-01 -1.9187231417e-02 9.679484e-01 9.639e-02
0.700000 38.550000 9.7506625596e-01 -3.4670067551e-02 9.756824e-01 9.652e-02
0.700000 38.600000 9.7805455839e-01 -5.0246727350e-02 9.793444e-01 9.664e-02
0.700000 38.650000 9.7669817200e-01 -6.4830890101e-02 9.788475e-01 9.677e-02
0.700000 38.700000 9.7126848207e-01 -7.7314164612e-02 9.743408e-01 9.689e-02
0.700000 38.750000 9.6232978609e-01 -8.6651367168e-02 9.662231e-01 9.702e-02
0.700000 38.800000 9.5070880716e-01 -9.1936379691e-02 9.551437e-01 9.714e-02
0.700000 38.850000 9.3744589708e-01 -9.2456643808e-02 9.419942e-01 9.727e-02
0.700000 38.900000 9.2374429877e-01 -8.7722820953e-02 9.279002e-01 9.739e-02
0.700000 38.950000 9.1093253514e-01 -7.7483450653e-02 9.142219e-01 9.752e-02
0.700000 39.000000 9.0044302085e-01 -6.1743616580e-02 9.025574e-01 9.764e-02
0.700000 39.050000 8.9379354251e-01 -4.0804011309e-02 8.947245e-01 9.777e-02
0.700000 39.100000 8.9254785618e-01 -1.5321936204e-02 8.926794e-01 9.789e-02
0.700000 39.150000 8.9823511231e-01 1.3623374350e-02 8.983384e-01 9.802e-02
0.700000 39.200000 9.1222455460e-01 4.4490565138e-02 9.133088e-01 9.814e-02
0.700000 39.250000 9.3557281578e-01 7.5287446172e-02 9.385972e-01 9.827e-02
0.700000 39.300000 9.6887413032e-01 1.0364345656e-01 9.744019e-01 9.839e-02
0.700000 39.350000 1.0121417657e+00 1.2693269343e-01 1.020070e+00 9.852e-02
0.700000 39.400000 1.0647343165e+00 1.4242471152e-01 1.074218e+00 9.864e-02
0.700000 39.450000 1.1253234025e+00 1.4744234736e-01 1.134941e+00 9.877e-02
0.700000 39.500000 1.1918908827e+00 1.3951862280e-01 1.200029e+00 9.889e-02
0.700000 39.550000 1.2617485870e+00 1.1655788495e-01 1.267121e+00 9.902e-02
0.700000 39.600000 1.3315869919e+00 7.7009550529e-02 1.333812e+00 9.914e-02
0.700000 39.650000 1.3975705276e+00 2.0053118724e-02 1.397714e+00 9.927e-02
0.700000 39.700000 1.4554970518e+00 -5.4223446888e-02 1.456507e+00 9.939e-02
0.700000 39.750000 1.5010259525e+00 -1.4468244412e-01 1.507983e+00 9.952e-02
0.700000 39.800000 1.5299603609e+00 -2.4906311433e-01 1.550100e+00 9.964e-02
0.700000 39.850000 1.5385546402e+00 -3.6399510751e-01 1.581026e+00 9.977e-02
0.700000 39.900000 1.5238155616e+00 -4.8510070520e-01 1.599167e+00 9.989e-02
0.700000 39.950000 1.4837731557e+00 -6.0717582366e-01 1.603198e+00 1.000e-01
0.700000 40.000000 1.4177072498e+00 -7.2443778823e-01 1.592075e+00 1.001e-01
0.700000 40.050000 1.3263196347e+00 -8.3083278778e-01 1.565058e+00 1.003e-01
0.700000 40.100000 1.2118368738e+00 -9.2039935357e-01 1.521737e+00 1.004e-01
0.700000 40.150000 1.0780200110e+00 -9.8767872001e-01 1.462066e+00 1.005e-01
0.700000 40.200000 9.3005412567e-01 -1.0281477894e+00 1.386394e+00 1.006e-01
0.700000 40.250000 7.7429964747e-01 -1.0386325218e+00 1.295491e+00 1.008e-01
0.700000 40.300000 6.1790796703e-01 -1.0176488759e+00 1.190554e+00 1.009e-01
0.700000 40.350000 4.6832840415e-01 -9.6562131936e-01 1.073199e+00 1.010e-01
0.700000 40.400000 3.3275234182e-01 -8.8494415782e-01 9.454366e-01 1.011e-01
0.700000 40.450000 2.1754805731e-01 -7.7987107661e-01 8.096456e-01 1.013e-01
0.700000 40.500000 1.2773851899e-01 -6.5623550322e-01 6.685523e-01 1.014e-01
0.700000 40.550000 6.6570718452e-02 -5.2101617752e-01 5.252519e-01 1.015e-01
0.700000 40.600000 3.5223784532e-02 -3.8177278824e-01 3.833943e-01 1.016e-01
0.700000 40.650000 3.2702308074e-02 -2.4599217291e-01 2.481564e-01 1.018e-01
0.700000 40.700000 5.5952867402e-02 -1.2040833447e-01 1.327738e-01 1.019e-01
0.700000 40.750000 1.0021735885e-01 -1.0382621785e-02 1.007537e-01 1.020e-01
0.700000 40.800000 1.5959557706e-01 8.0559506833e-02 1.787752e-01 1.021e-01
0.700000 40.850000 2.2774196532e-01 1.5095377613e-01 2.732278e-01 1.023e-01
0.700000 40.900000 2.9858567119e-01 2.0134543682e-01 3.601297e-01 1.024e-01
0.700000 40.950000 3.6695545406e-01 2.3397992211e-01 4.352044e-01 1.025e-01
0.700000 41.000000 4.2901684542e-01 2.5230874365e-01 4.977099e-01 1.026e-01
0.700000 41.050000 4.8247859305e-01 2.6041321486e-01 5.482706e-01 1.028e-01
0.700000 41.100000 5.2657901552e-01 2.6244601542e-01 5.883565e-01 1.029e-01
0.700000 41.150000 5.6190096423e-01 2.6216241923e-01 6.200499e-01 1.030e-01
0.700000 41.200000 5.9007731105e-01 2.6257589532e-01 6.458617e-01 1.031e-01
0.700000 41.250000 6.1344141985e-01 2.6574346621e-01 6.685282e-01 1.033e-01
0.700000 41.300000 6.3466181526e-01 2.7267243380e-01 6.907575e-01 1.034e-01
0.700000 41.350000 6.5638955947e-01 2.8333822292e-01 7.149320e-01 1.035e-01
0.700000 41.400000 6.8094487519e-01 2.9680307633e-01 7.428176e-01 1.036e-01
0.700000 41.450000 7.1007123026e-01 3.1141911397e-01 7.753599e-01 1.038e-01
0.700000 41.500000 7.4478151721e-01 3.2508677218e-01 8.126382e-01 1.039e-01
0.700000 41.550000 7.8530710170e-01 3.3552835516e-01 8.539827e-01 1.040e-01
0.700000 41.600000 8.3113961960e-01 3.4053532474e-01 8.981967e-01 1.041e-01
0.700000 41.650000 8.8113703299e-01 3.3816037440e-01 9.437981e-01 1.043e-01
0.700000 41.700000 9.3365880337e-01 3.2684607691e-01 9.892154e-01 1.044e-01
0.700000 41.750000 9.8670245975e-01 3.0550049236e-01 1.032914e+00 1.045e-01
0.700000 41.800000 1.0380292389e+00 2.7353788938e-01 1.073465e+00 1.046e-01
0.700000 41.850000 1.0852796881e+00 2.3089848605e-01 1.109570e+00 1.048e-01
0.700000 41.900000 1.1260840477e+00 1.7805146954e-01 1.140074e+00 1.049e-01
0.700000 41.950000 1.1581675634e+00 1.1597962226e-01 1.163960e+00 1.050e-01
0.700000 42.000000 1.1794449824e+00 4.6146329611e-02 1.180347e+00 1.051e-01
0.700000 42.050000 1.1880993178e+00 -2.9546739283e-02 1.188467e+00 1.053e-01
0.700000 42.100000 1.1826493726e+00 -1.0879908100e-01 1.187643e+00 1.054e-01
0.700000 42.150000 1.1620221181e+00 -1.8894255428e-01 1.177283e+00 1.055e-01
0.700000 42.200000 1.1256493019e+00 -2.6697572882e-01 1.156876e+00 1.056e-01
0.700000 42.250000 1.0735957171e+00 -3.3963008654e-01 1.126036e+00 1.058e-01
0.700000 42.300000 1.0067020915e+00 -4.0350193666e-01 1.084557e+00 1.059e-01
0.700000 42.350000 9.2670052086e-01 -4.5526959181e-01 1.032494e+00 1.060e-01
0.700000 42.400000 8.3624933614e-01 -4.9198515981e-01 9.702383e-01 1.061e-01
0.700000 42.450000 7.3884544748e-01 -5.1139757283e-01 8.985656e-01 1.063e-01
0.700000 42.500000 6.3860210351e-01 -5.1224376935e-01 8.186613e-01 1.064e-01
0.700000 42.550000 5.3991549056e-01 -4.9444705949e-01 7.321111e-01 1.065e-01
0.700000 42.600000 4.4706966268e-01 -4.5918297485e-01 6.408746e-01 1.066e-01
0.700000 42.650000 3.6383765282e-01 -4.0880177092e-01 5.472629e-01 1.068e-01
0.700000 42.700000 2.9312943660e-01 -3.4662059504e-01 4.539501e-01 1.069e-01
0.700000 42.750000 2.3672403760e-01 -2.7661113528e-01 3.640769e-01 1.070e-01
0.700000 42.800000 1.9511235623e-01 -2.0301326100e-01 2.815728e-01 1.071e-01
0.700000 42.850000 1.6747130699e-01 -1.2990939818e-01 2.119507e-01 1.073e-01
0.700000 42.900000 1.5178314447e-01 -6.0803084599e-02 1.635088e-01 1.074e-01
0.700000 42.950000 1.4509902488e-01 1.7444451197e-03 1.451095e-01 1.075e-01
0.700000 43.000000 1.4392085507e-01 5.6362862643e-02 1.545639e-01 1.076e-01
0.700000 43.050000 1.4464735736e-01 1.0296305698e-01 1.775507e-01 1.078e-01
0.700000 43.100000 1.4401202946e-01 1.4265604565e-01 2.027072e-01 1.079e-01
0.700000 43.150000 1.3944314503e-01 1.7752512438e-01 2.257422e-01 1.080e-01
0.700000 43.200000 1.2930013128e-01 2.1030539569e-01 2.468742e-01 1.081e-01
0.700000 43.250000 1.1297600417e-01 2.4403368287e-01 2.689164e-01 1.083e-01
0.700000 43.300000 9.0885642627e-02 2.8171857559e-01 2.960161e-01 1.084e-01
0.700000 43.350000 6.4372050717e-02 3.2605534475e-01 3.323490e-01 1.085e-01
0.700000 43.400000 3.5556179877e-02 3.7918937830e-01 3.808528e-01 1.086e-01
0.700000 43.450000 7.1405415263e-03 4.4252569558e-01 4.425833e-01 1.088e-01
0.700000 43.500000 -1.7832898317e-02 5.1659077167e-01 5.168985e-01 1.089e-01
0.700000 43.550000 -3.6265345900e-02 6.0096570290e-01 6.020589e-01 1.090e-01
0.700000 43.600000 -4.5302388854e-02 6.9431336765e-01 6.957897e-01 1.091e-01
0.700000 43.650000 -4.2614711155e-02 7.9451002098e-01 7.956521e-01 1.093e-01
0.700000 43.700000 -2.6614350581e-02 8.9886824266e-01 8.992622e-01 1.094e-01
0.700000 43.750000 3.4251973643e-03 1.0044158710e+00 1.004422e+00 1.095e-01
0.700000 43.800000 4.7353406270e-02 1.1081864121e+00 1.109198e+00 1.096e-01
0.700000 43.850000 1.0421842550e-01 1.2074836866e+00 1.211973e+00 1.098e-01
0.700000 43.900000 1.7241139052e-01 1.3000998992e+00 1.311482e+00 1.099e-01
0.700000 43.950000 2.4986057803e-01 1.3844796160e+00 1.406845e+00 1.100e-01
0.700000 44.000000 3.3426527185e-01 1.4598239999e+00 1.497605e+00 1.101e-01
0.700000 44.050000 4.2336077401e-01 1.5261218918e+00 1.583756e+00 1.103e-01
0.700000 44.100000 5.1519468443e-01 1.5840876942e+00 1.665761e+00 1.104e-01
0.700000 44.150000 6.0837558394e-01 1.6349924569e+00 1.744512e+00 1.105e-01
0.700000 44.200000 7.0224217591e-01 1.6803980305e+00 1.821231e+00 1.106e-01
0.700000 44.250000 7.9690686577e-01 1.7218364694e+00 1.897309e+00 1.108e-01
0.700000 44.300000 8.9315603149e-01 1.7605016641e+00 1.974106e+00 1.109e-01
0.700000 44.350000 9.9223003606e-01 1.7970226402e+00 2.052757e+00 1.110e-01
0.700000 44.400000 1.0955412469e+00 1.8313641213e+00 2.134035e+00 1.111e-01
0.700000 44.450000 1.2044017811e+00 1.8628595739e+00 2.218294e+00 1.113e-01
0.700000 44.500000 1.3198192669e+00 1.8903431386e+00 2.305498e+00 1.114e-01
0.700000 44.550000 1.4423869380e+00 1.9123258535e+00 2.395302e+00 1.115e-01
0.700000 44.600000 1.5722601360e+00 1.9271642737e+00 2.487160e+00 1.116e-01
0.700000 44.650000 1.7091894208e+00 1.9331896146e+00 2.580417e+00 1.118e-01
0.700000 44.700000 1.8525764799e+00 1.9287896968e+00 2.674373e+00 1.119e-01
0.700000 44.750000 2.0015281759e+00 1.9124527483e+00 2.768319e+00 1.120e-01
0.700000 44.800000 2.1548966867e+00 1.8827877285e+00 2.861550e+00 1.121e-01
0.700000 44.850000 2.3113023043e+00 1.8385341529e+00 2.953358e+00 1.123e-01
0.700000 44.900000 2.4691389976e+00 1.7785719022e+00 3.043019e+00 1.124e-01
0.700000 44.950000 2.6265652890e+00 1.7019414363e+00 3.129768e+00 1.125e-01
0.700000 45.000000 2.7814882613e+00 1.6078850756e+00 3.212782e+00 1.126e-01
0.700000 45.050000 2.9315560447e+00 1.4959158181e+00 3.291168e+00 1.128e-01
0.700000 45.100000 3.0741786418e+00 1.3659094226e+00 3.363968e+00 1.129e-01
0.700000 45.150000 3.2065926837e+00 1.2182019005e+00 3.430197e+00 1.130e-01
0.700000 45.200000 3.3259718027e+00 1.0536660683e+00 3.488882e+00 1.131e-01
0.700000 45.250000 3.4295668318e+00 8.7374404505e-01 3.539118e+00 1.133e-01
0.700000 45.300000 3.5148488873e+00 6.8042747043e-01 3.580104e+00 1.134e-01
0.700000 45.350000 3.5796306455e+00 4.7619594776e-01 3.611166e+00 1.135e-01
0.700000 45.400000 3.6221558323e+00 2.6393568439e-01 3.631759e+00 1.136e-01
0.700000 45.450000 3.6411649388e+00 4.6857471052e-02 3.641466e+00 1.138e-01
0.700000 45.500000 3.6359547712e+00 -1.7158197957e-01 3.640001e+00 1.139e-01
0.700000 45.550000 3.6064440840e+00 -3.8776852413e-01 3.627231e+00 1.140e-01
0.700000 45.600000 3.5532403707e+00 -5.9804949937e-01 3.603218e+00 1.141e-01
0.700000 45.650000 3.4776849047e+00 -7.9889545525e-01 3.568267e+00 1.143e-01
0.700000 45.700000 3.3818460327e+00 -9.8709752454e-01 3.522960e+00 1.144e-01
0.700000 45.750000 3.2684393524e+00 -1.1599736064e+00 3.468175e+00 1.145e-01
0.700000 45.800000 3.1406727325e+00 -1.3155478303e+00 3.405068e+00 1.146e-01
0.700000 45.850000 3.0020330719e+00 -1.4526734611e+00 3.335036e+00 1.148e-01
0.700000 45.900000 2.8560408454e+00 -1.5710837323e+00 3.259643e+00 1.149e-01
0.700000 45.950000 2.7059964441e+00 -1.6713677627e+00 3.180548e+00 1.150e-01
0.700000 46.000000 2.5547360334e+00 -1.7548728062e+00 3.099396e+00 1.151e-01
0.700000 46.050000 2.4044135602e+00 -1.8235312786e+00 3.017693e+00 1.153e-01
0.700000 46.100000 2.2563336354e+00 -1.8796103711e+00 2.936661e+00 1.154e-01
0.700000 46.150000 2.1108716992e+00 -1.9253928994e+00 2.857082e+00 1.155e-01
0.700000 46.200000 1.9675209017e+00 -1.9628218399e+00 2.779174e+00 1.156e-01
0.700000 46.250000 1.8250890141e+00 -1.9931682687e+00 2.702530e+00 1.158e-01
0.700000 46.300000 1.6820331082e+00 -2.0167971751e+00 2.626158e+00 1.159e-01
0.700000 46.350000 1.5368769325e+00 -2.0330950450e+00 2.548620e+00 1.160e-01
0.700000 46.400000 1.3886249645e+00 -2.0405862786e+00 2.468253e+00 1.161e-01
0.700000 46.450000 1.2370834632e+00 -2.0372153399e+00 2.383406e+00 1.163e-01
0.700000 46.500000 1.0830253162e+00 -2.0207284114e+00 2.292659e+00 1.164e-01
0.700000 46.550000 9.2818060857e-01 -1.9890692875e+00 2.194975e+00 1.165e-01
0.700000 46.600000 7.7507937947e-01 -1.9407141399e+00 2.089765e+00 1.166e-01
0.700000 46.650000 6.2680045384e-01 -1.8748999732e+00 1.976899e+00 1.168e-01
0.700000 46.700000 4.8668472697e-01 -1.7917360781e+00 1.856658e+00 1.169e-01
0.700000 46.750000 3.5805866504e-01 -1.6922128816e+00 1.729679e+00 1.170e-01
0.700000 46.800000 2.4399559888e-01 -1.5781334321e+00 1.596884e+00 1.171e-01
0.700000 46.850000 1.4712776780e-01 -1.4519933046e+00 1.459428e+00 1.173e-01
0.700000 46.900000 6.9513079414e-02 -1.3168321103e+00 1.318666e+00 1.174e-01
0.700000 46.950000 1.2553623358e-02 -1.1760778273e+00 1.176145e+00 1.175e-01
0.700000 47.000000 -2.3045426566e-02 -1.0334019000e+00 1.033659e+00 1.176e-01
0.700000 47.050000 -3.7296333989e-02 -8.9259401791e-01 8.933729e-01 1.178e-01
0.700000 47.100000 -3.0950606164e-02 -7.5744965086e-01 7.580817e-01 1.179e-01
0.700000 47.150000 -5.5333262977e-03 -6.3164683481e-01 6.316711e-01 1.180e-01
0.700000 47.200000 3.6621590084e-02 -5.1858228411e-01 5.198738e-01 1.181e-01
0.700000 47.250000 9.2372105297e-02 -4.2114931351e-01 4.311605e-01 1.183e-01
0.700000 47.300000 1.5785432692e-01 -3.4147042367e-01 3.761915e-01 1.184e-01
0.700000 47.350000 2.2869259843e-01 -2.8063336207e-01 3.620157e-01 1.185e-01
0.700000 47.400000 3.0033650464e-01 -2.3850264458e-01 3.835173e-01 1.186e-01
0.700000 47.450000 3.6848228622e-01 -2.1367467729e-01 4.259531e-01 1.188e-01
0.700000 47.500000 4.2950043693e-01 -2.0361223041e-01 4.753194e-01 1.189e-01
0.700000 47.550000 4.8078175391e-01 -2.0494576305e-01 5.226412e-01 1.190e-01
0.700000 47.600000 5.2093447525e-01 -2.1388514364e-01 5.631337e-01 1.191e-01
0.700000 47.650000 5.4980499225e-01 -2.2666247559e-01 5.946944e-01 1.193e-01
0.700000 47.700000 5.6833619959e-01 -2.3993017885e-01 6.169056e-01 1.194e-01
0.700000 47.750000 5.7830586047e-01 -2.5106074058e-01 6.304516e-01 1.195e-01
0.700000 47.800000 5.8199745237e-01 -2.5832194824e-01 6.367506e-01 1.196e-01
0.700000 47.850000 5.8185303009e-01 -2.6092305804e-01 6.376784e-01 1.198e-01
0.700000 47.900000 5.8015086141e-01 -2.5894069834e-01 6.353151e-01 1.199e-01
0.700000 47.950000 5.7874543536e-01 -2.5314304574e-01 6.316864e-01 1.200e-01
0.700000 48.000000 5.7890215811e-01 -2.4474252568e-01 6.285114e-01 1.201e-01
0.700000 48.050000 5.8124747992e-01 -2.3512110947e-01 6.270013e-01 1.203e-01
0.700000 48.100000 5.8583354249e-01 -2.2558143201e-01 6.277642e-01 1.204e-01
0.700000 48.150000 5.9228860673e-01 -2.1717242737e-01 6.308484e-01 1.205e-01
0.700000 48.200000 6.0000171290e-01 -2.1061617007e-01 6.358940e-01 1.206e-01
0.700000 48.250000 6.0828435686e-01 -2.0632919036e-01 6.423251e-01 1.208e-01
0.700000 48.300000 6.1646833560e-01 -2.0450077613e-01 6.495027e-01 1.209e-01
0.700000 48.350000 6.2393076542e-01 -2.0517709351e-01 6.568008e-01 1.210e-01
0.700000 48.400000 6.3006946707e-01 -2.0830947402e-01 6.636116e-01 1.211e-01
0.700000 48.450000 6.3426917152e-01 -2.1375189602e-01 6.693185e-01 1.213e-01
0.700000 48.500000 6.3589460745e-01 -2.2122185290e-01 6.732764e-01 1.214e-01
0.700000 48.550000 6.3432571191e-01 -2.3025581430e-01 6.748236e-01 1.215e-01
0.700000 48.600000 6.2902619495e-01 -2.4018901842e-01 6.733236e-01 1.216e-01
0.700000 48.650000 6.1962226254e-01 -2.5017402394e-01 6.682206e-01 1.218e-01
0.700000 48.700000 6.0596840310e-01 -2.5923463158e-01 6.590905e-01 1.219e-01
0.700000 48.750000 5.8818723765e-01 -2.6634153887e-01 6.456795e-01 1.220e-01
0.700000 48.800000 5.6668117180e-01 -2.7049614343e-01 6.279297e-01 1.221e-01
0.700000 48.850000 5.4211803789e-01 -2.7081428548e-01 6.059970e-01 1.223e-01
0.700000 48.900000 5.1539115015e-01 -2.6660485556e-01 5.802639e-01 1.224e-01
0.700000 48.950000 4.8755215972e-01 -2.5743541548e-01 5.513439e-01 1.225e-01
0.700000 49.000000 4.5971893924e-01 -2.4317145341e-01 5.200710e-01 1.226e-01
0.700000 49.050000 4.3297109299e-01 -2.2397493193e-01 4.874718e-01 1.228e-01
0.700000 49.100000 4.0825636489e-01 -2.0025660592e-01 4.547263e-01 1.229e-01
0.700000 49.150000 3.8633335100e-01 -1.7259328747e-01 4.231334e-01 1.230e-01
0.700000 49.200000 3.6776480373e-01 -1.4163696054e-01 3.940964e-01 1.231e-01
0.700000 49.250000 3.5295524173e-01 -1.0804714693e-01 3.691227e-01 1.233e-01
0.700000 49.300000 3.4220737569e-01 -7.2466747269e-02 3.497961e-01 1.234e-01
0.700000 49.350000 3.3576522066e-01 -3.5539806547e-02 3.376409e-01 1.235e-01
0.700000 49.400000 3.3382185107e-01 2.0507309361e-03 3.338282e-01 1.236e-01
0.700000 49.450000 3.3649066252e-01 3.9554753611e-02 3.388075e-01 1.238e-01
0.700000 49.500000 3.4375834705e-01 7.6156781784e-02 3.520932e-01 1.239e-01
0.700000 49.550000 3.5544460765e-01 1.1100958796e-01 3.723762e-01 1.240e-01
0.700000 49.600000 3.7118534840e-01 1.4328483039e-01 3.978808e-01 1.241e-01
0.700000 49.650000 3.9043978461e-01 1.7222138474e-01 4.267358e-01 1.243e-01
0.700000 49.700000 4.1250925997e-01 1.9716071051e-01 4.572048e-01 1.244e-01
0.700000 49.750000 4.3655466838e-01 2.1757256787e-01 4.877682e-01 1.245e-01
0.700000 49.800000 4.6160951094e-01 2.3308278359e-01 5.171179e-01 1.246e-01
0.700000 49.850000 4.8659806687e-01 2.4351132905e-01 5.441282e-01 1.248e-01
0.700000 49.900000 5.1037273034e-01 2.4891650317e-01 5.678378e-01 1.249e-01
0.700000 49.950000 5.3177700241e-01 2.4962915194e-01 5.874534e-01 1.250e-01
0.700000 50.000000 5.4972572186e-01 2.4625907674e-01 6.023636e-01 1.251e-01
0.700000 50.050000 5.6328236537e-01 2.3966647243e-01 6.121495e-01 1.253e-01
0.700000 50.100000 5.7171336561e-01 2.3090778794e-01 6.165830e-01 1.254e-01
0.700000 50.150000 5.7451202204e-01 2.2117671256e-01 6.156161e-01 1.255e-01
0.700000 50.200000 5.7140159394e-01 2.1175922216e-01 6.093782e-01 1.256e-01
0.700000 50.250000 5.6233719722e-01 2.0400778343e-01 5.981992e-01 1.258e-01
0.700000 50.300000 5.4752242534e-01 1.9932322934e-01 5.826753e-01 1.259e-01
0.700000 50.350000 5.2744178835e-01 1.9912474395e-01 5.637779e-01 1.260e-01
0.700000 50.400000 5.0289433976e-01 2.0479425039e-01 5.429948e-01 1.261e-01
0.700000 50.450000 4.7500802405e-01 2.1759709426e-01 5.224760e-01 1.263e-01
0.700000 50.500000 4.4522218280e-01 2.3859536150e-01 5.051243e-01 1.264e-01
0.700000 50.550000 4.1524153250e-01 2.6857345527e-01 4.945273e-01 1.265e-01
0.700000 50.600000 3.8697738883e-01 3.0798558073e-01 4.945772e-01 1.266e-01
0.700000 50.650000 3.6249192683e-01 3.5691889800e-01 5.087155e-01 1.268e-01
0.700000 50.700000 3.4394855631e-01 4.1505606435e-01 5.390474e-01 1.269e-01
0.700000 50.750000 3.3355490230e-01 4.8162469357e-01 5.858508e-01 1.270e-01
0.700000 50.800000 3.3347643606e-01 5.5533749280e-01 6.477702e-01 1.271e-01
0.700000 50.850000 3.4570551542e-01 6.3434543379e-01 7.224309e-01 1.273e-01
0.700000 50.900000 3.7188967663e-01 7.1623524679e-01 8.070284e-01 1.274e-01
0.700000 50.950000 4.1314375555e-01 7.9809576283e-01 8.986905e-01 1.275e-01
0.700000 51.000000 4.6988133253e-01 8.7665892789e-01 9.946453e-01 1.276e-01
0.700000 51.050000 5.4169733420e-01 9.4850129126e-01 1.092287e+00 1.278e-01
0.700000 51.100000 6.2731993180e-01 1.0102804629e+00 1.189200e+00 1.279e-01
0.700000 51.150000 7.2463602832e-01 1.0589812137e+00 1.283175e+00 1.280e-01
0.700000 51.200000 8.3078828005e-01 1.0921519005e+00 1.372226e+00 1.281e-01
0.700000 51.250000 9.4234254465e-01 1.1081147276e+00 1.454623e+00 1.283e-01
0.700000 51.300000 1.0555252665e+00 1.1061282759e+00 1.528939e+00 1.284e-01
0.700000 51.350000 1.1665218944e+00 1.0864717419e+00 1.594112e+00 1.285e-01
0.700000 51.400000 1.2718078800e+00 1.0504180051e+00 1.649507e+00 1.286e-01
0.700000 51.450000 1.3684610282e+00 1.0000765145e+00 1.694945e+00 1.288e-01
0.700000 51.500000 1.4543920263e+00 9.3811759258e-01 1.730700e+00 1.289e-01
0.700000 51.550000 1.5284402490e+00 8.6742623093e-01 1.757429e+00 1.290e-01
0.700000 51.600000 1.5903149046e+00 7.9075865350e-01 1.776063e+00 1.291e-01
0.700000 51.650000 1.6404050951e+00 7.1047532091e-01 1.787653e+00 1.293e-01
0.700000 51.700000 1.6795176357e+00 6.2839803986e-01 1.793227e+00 1.294e-01
0.700000 51.750000 1.7086135841e+00 5.4579810072e-01 1.793671e+00 1.295e-01
0.700000 51.800000 1.7286004135e+00 4.6348527125e-01 1.789659e+00 1.296e-01
0.700000 51.850000 1.7402065909e+00 3.8194876650e-01 1.781630e+00 1.298e-01
0.700000 51.900000 1.7439351701e+00 3.0150450261e-01 1.769806e+00 1.299e-01
0.700000 51.950000 1.7400755292e+00 2.2242000055e-01 1.754233e+00 1.300e-01
0.700000 52.000000 1.7287502135e+00 1.4500631552e-01 1.734821e+00 1.301e-01
0.700000 52.050000 1.7099802392e+00 6.9676257728e-02 1.711399e+00 1.303e-01
0.700000 52.100000 1.6837576204e+00 -3.0303640394e-03 1.683760e+00 1.304e-01
0.700000 52.150000 1.6501135217e+00 -7.2454105670e-02 1.651703e+00 1.305e-01
0.700000 52.200000 1.6091673684e+00 -1.3785091104e-01 1.615061e+00 1.306e-01
0.700000 52.250000 1.5611439553e+00 -1.9843976118e-01 1.573705e+00 1.308e-01
0.700000 52.300000 1.5063570192e+00 -2.5343909025e-01 1.527528e+00 1.309e-01
0.700000 52.350000 1.4451758451e+00 -3.0206968792e-01 1.476408e+00 1.310e-01
0.700000 52.400000 1.3780060008e+00 -3.4351777718e-01 1.420178e+00 1.311e-01
0.700000 52.450000 1.3053151337e+00 -3.7687665752e-01 1.358633e+00 1.313e-01
0.700000 52.500000 1.2277160844e+00 -4.0110556209e-01 1.291578e+00 1.314e-01
0.700000 52.550000 1.1460896146e+00 -4.1504726054e-01 1.218928e+00 1.315e-01
0.700000 52.600000 1.0617028986e+00 -4.1752714395e-01 1.140851e+00 1.316e-01
0.700000 52.650000 9.7627191156e-01 -4.0752377714e-01 1.057914e+00 1.318e-01
0.700000 52.700000 8.9193101024e-01 -3.8436993496e-01 9.712266e-01 1.319e-01
0.700000 52.750000 8.1110418955e-01 -3.4792875967e-01 8.825783e-01 1.320e-01
0.700000 52.800000 7.3630475578e-01 -2.9869754447e-01 7.945847e-01 1.321e-01
0.700000 52.850000 6.6990950034e-01 -2.3781589529e-01 7.108693e-01 1.323e-01
0.700000 52.900000 6.1395432623e-01 -1.6698283246e-01 6.362572e-01 1.324e-01
0.700000 52.950000 5.6998510800e-01 -8.8307141458e-02 5.767852e-01 1.325e-01
0.700000 53.000000 5.3898010522e-01 -4.1227092058e-03 5.389959e-01 1.326e-01
0.700000 53.050000 5.2134639180e-01 8.3200755321e-02 5.279436e-01 1.328e-01
0.700000 53.100000 5.1698403750e-01 1.7142482591e-01 5.446641e-01 1.329e-01
0.700000 53.150000 5.2540438587e-01 2.5856302960e-01 5.855806e-01 1.330e-01
0.700000 53.200000 5.4587885924e-01 3.4293467239e-01 6.446611e-01 1.331e-01
0.700000 53.250000 5.7758344776e-01 4.2314194518e-01 7.159970e-01 1.333e-01
0.700000 53.300000 6.1969827593e-01 4.9798010236e-01 7.949907e-01 1.334e-01
0.700000 53.350000 6.7142939543e-01 5.6631452785e-01 8.783676e-01 1.335e-01
0.700000 53.400000 7.3194369695e-01 6.2697586673e-01 9.637636e-01 1.336e-01
0.700000 53.450000 8.0024069328e-01 6.7872404486e-01 1.049310e+00 1.338e-01
0.700000 53.500000 8.7501293889e-01 7.2031024169e-01 1.133355e+00 1.339e-01
0.700000 53.550000 9.5455635975e-01 7.5062996521e-01 1.214341e+00 1.340e-01
0.700000 53.600000 1.0367773414e+00 7.6892539656e-01 1.290796e+00 1.341e-01
0.700000 53.650000 1.1193111936e+00 7.7497607177e-01 1.361413e+00 1.343e-01
0.700000 53.700000 1.1997307955e+00 7.6922058548e-01 1.425151e+00 1.344e-01
0.700000 53.750000 1.2757991303e+00 7.5277411778e-01 1.481328e+00 1.345e-01
0.700000 53.800000 1.3457120795e+00 7.2733556075e-01 1.529692e+00 1.346e-01
0.700000 53.850000 1.4082857897e+00 6.9500226320e-01 1.570445e+00 1.348e-01
0.700000 53.900000 1.4630580196e+00 6.5802452824e-01 1.604224e+00 1.349e-01
0.700000 53.950000 1.5102878896e+00 6.1853779162e-01 1.632041e+00 1.350e-01
0.700000 54.000000 1.5508515503e+00 5.7831267704e-01 1.655170e+00 1.351e-01
0.700000 54.050000 1.5860452978e+00 5.3856400377e-01 1.674990e+00 1.353e-01
0.700000 54.100000 1.6173251991e+00 4.9985625804e-01 1.692807e+00 1.354e-01
0.700000 54.150000 1.6460308658e+00 4.6212948986e-01 1.709673e+00 1.355e-01
0.700000 54.200000 1.6731523857e+00 4.2484392299e-01 1.726248e+00 1.356e-01
0.700000 54.250000 1.6991943539e+00 3.8720944683e-01 1.742754e+00 1.358e-01
0.700000 54.300000 1.7241662244e+00 3.4844009709e-01 1.759022e+00 1.359e-01
0.700000 54.350000 1.7476908155e+00 3.0796643046e-01 1.774617e+00 1.360e-01
0.700000 54.400000 1.7691877466e+00 2.6555541880e-01 1.789007e+00 1.361e-01
0.700000 54.450000 1.7880709799e+00 2.2132138537e-01 1.801716e+00 1.363e-01
0.700000 54.500000 1.8039060680e+00 1.7564710334e-01 1.812437e+00 1.364e-01
0.700000 54.550000 1.8164973713e+00 1.2905592682e-01 1.821076e+00 1.365e-01
0.700000 54.600000 1.8259039737e+00 8.2076909323e-02 1.827748e+00 1.366e-01
0.700000 54.650000 1.8324012067e+00 3.5130466273e-02 1.832738e+00 1.368e-01
0.700000 54.700000 1.8364072536e+00 -1.1554967182e-02 1.836444e+00 1.369e-01
0.700000 54.750000 1.8383869128e+00 -5.7993304443e-02 1.839301e+00 1.370e-01
0.700000 54.800000 1.8387387236e+00 -1.0445370226e-01 1.841703e+00 1.371e-01
0.700000 54.850000 1.8376755356e+00 -1.5142548854e-01 1.843904e+00 1.373e-01
0.700000 54.900000 1.8351208228e+00 -1.9952628816e-01 1.845936e+00 1.374e-01
0.700000 54.950000 1.8306531784e+00 -2.4935950660e-01 1.847558e+00 1.375e-01
0.700000 55.000000 1.8235275877e+00 -3.0135052971e-01 1.848260e+00 1.376e-01
0.700000 55.050000 1.8127801015e+00 -3.5560875141e-01 1.847330e+00 1.378e-01
0.700000 55.100000 1.7973903957e+00 -4.1186142745e-01 1.843975e+00 1.379e-01
0.700000 55.150000 1.7764508431e+00 -4.6948160562e-01 1.837441e+00 1.380e-01
0.700000 55.200000 1.7492861937e+00 -5.2759556717e-01 1.827118e+00 1.381e-01
0.700000 55.250000 1.7154889225e+00 -5.8522341371e-01 1.812564e+00 1.383e-01
0.700000 55.300000 1.6748718958e+00 -6.4139578405e-01 1.793484e+00 1.384e-01
0.700000 55.350000 1.6273739670e+00 -6.9520491295e-01 1.769649e+00 1.385e-01
0.700000 55.400000 1.5729693707e+00 -7.4578020525e-01 1.740810e+00 1.386e-01
0.700000 55.450000 1.5116234862e+00 -7.9221018240e-01 1.706635e+00 1.388e-01
0.700000 55.500000 1.4433136999e+00 -8.3344956062e-01 1.666671e+00 1.389e-01
0.700000 55.550000 1.3681093264e+00 -8.6824834781e-01 1.620364e+00 1.390e-01
0.700000 55.600000 1.2862903309e+00 -8.9512636189e-01 1.567097e+00 1.391e-01
0.700000 55.650000 1.1984826582e+00 -9.1240318741e-01 1.506267e+00 1.393e-01
0.700000 55.700000 1.1057910674e+00 -9.1828764541e-01 1.437368e+00 1.394e-01
0.700000 55.750000 1.0099093418e+00 -9.1103041768e-01 1.360108e+00 1.395e-01
0.700000 55.800000 9.1317971707e-01 -8.8913973872e-01 1.274546e+00 1.396e-01
0.700000 55.850000 8.1856490463e-01 -8.5164525987e-01 1.181249e+00 1.398e-01
0.700000 55.900000 7.2949901334e-01 -7.9837013701e-01 1.081464e+00 1.399e-01
0.700000 55.950000 6.4960623539e-01 -7.3014727389e-01 9.772939e-01 1.400e-01
0.700000 56.000000 5.8231559331e-01 -6.4890819682e-01 8.718792e-01 1.401e-01
0.700000 56.050000 5.3044187234e-01 -5.5759271697e-01 7.695961e-01 1.403e-01
0.700000 56.100000 4.9582779381e-01 -4.5987206431e-01 6.762599e-01 1.404e-01
0.700000 56.150000 4.7913688132e-01 -3.5973223332e-01 5.991489e-01 1.405e-01
0.700000 56.200000 4.7984998624e-01 -2.6100681392e-01 5.462422e-01 1.406e-01
0.700000 56.250000 4.9646432323e-01 -1.6696331039e-01 5.237877e-01 1.408e-01
0.700000 56.300000 5.2684203877e-01 -8.0029882340e-02 5.328858e-01 1.409e-01
0.700000 56.350000 5.6862265745e-01 -1.7094049489e-03 5.686252e-01 1.410e-01
0.700000 56.400000 6.1960720774e-01 6.7319538788e-02 6.232536e-01 1.411e-01
0.700000 56.450000 6.7803789147e-01 1.2695518959e-01 6.898210e-01 1.413e-01
0.700000 56.500000 7.4272644227e-01 1.7734416849e-01 7.636056e-01 1.414e-01
0.700000 56.550000 8.1301755426e-01 2.1854673247e-01 8.418790e-01 1.415e-01
0.700000 56.600000 8.8860515178e-01 2.5026635101e-01 9.231752e-01 1.416e-01
0.700000 56.650000 9.6924587917e-01 2.7169947179e-01 1.006607e+00 1.418e-01
0.700000 56.700000 1.0544333195e+00 2.8153738506e-01 1.091372e+00 1.419e-01
0.700000 56.750000 1.1431041913e+00 2.7812132919e-01 1.176452e+00 1.420e-01
0.700000 56.800000 1.2334405161e+00 2.5971995008e-01 1.260488e+00 1.421e-01
0.700000 56.850000 1.3228095734e+00 2.2487335027e-01 1.341787e+00 1.423e-01
0.700000 56.900000 1.4078523432e+00 1.7273796340e-01 1.418410e+00 1.424e-01
0.700000 56.950000 1.4847013618e+00 1.0337375625e-01 1.488296e+00 1.425e-01
0.700000 57.000000 1.5492900897e+00 1.7934693139e-02 1.549394e+00 1.426e-01
0.700000 57.050000 1.5977114382e+00 -8.1255088786e-02 1.599776e+00 1.428e-01
0.700000 57.100000 1.6265884830e+00 -1.9074237497e-01 1.637734e+00 1.429e-01
0.700000 57.150000 1.6334264571e+00 -3.0610091891e-01 1.661860e+00 1.430e-01
0.700000 57.200000 1.6169148735e+00 -4.2219853258e-01 1.671127e+00 1.431e-01
0.700000 57.250000 1.5771426592e+00 -5.3356452049e-01 1.664953e+00 1.433e-01
0.700000 57.300000 1.5156857824e+00 -6.3482977133e-01 1.643263e+00 1.434e-01
0.700000 57.350000 1.4355362135e+00 -7.2118868621e-01 1.606511e+00 1.435e-01
0.700000 57.400000 1.3408672987e+00 -7.8881475368e-01 1.555684e+00 1.436e-01
0.700000 57.450000 1.2366670499e+00 -8.3516261114e-01 1.492261e+00 1.438e-01
0.700000 57.500000 1.1283023588e+00 -8.5911346424e-01 1.418147e+00 1.439e-01
0.700000 57.550000 1.0210885687e+00 -8.6095993564e-01 1.335617e+00 1.440e-01
0.700000 57.600000 9.1992445010e-01 -8.4226382861e-01 1.247265e+00 1.441e-01
0.700000 57.650000 8.2902023683e-01 -8.0563929638e-01 1.155997e+00 1.443e-01
0.700000 57.700000 7.5171328661e-01 -7.5450802301e-01 1.065061e+00 1.444e-01
0.700000 57.750000 6.9034881034e-01 -6.9284977929e-01 9.780707e-01 1.445e-01
0.700000 57.800000 6.4620811518e-01 -6.2494797288e-01 8.989688e-01 1.446e-01
0.700000 57.850000 6.1948614227e-01 -5.5512127997e-01 8.318189e-01 1.448e-01
0.700000 57.900000 6.0933725720e-01 -4.8744403183e-01 7.803163e-01 1.449e-01
0.700000 57.950000 6.1400866187e-01 -4.2548101168e-01 7.470212e-01 1.450e-01
0.700000 58.000000 6.3106094399e-01 -3.7208007580e-01 7.325855e-01 1.451e-01
0.700000 58.050000 6.5764493182e-01 -3.2926455397e-01 7.354672e-01 1.453e-01
0.700000 58.100000 6.9078011460e-01 -2.9824400242e-01 7.524139e-01 1.454e-01
0.700000 58.150000 7.2757627894e-01 -2.7952666659e-01 7.794244e-01 1.455e-01
0.700000 58.200000 7.6535952754e-01 -2.7308663567e-01 8.126202e-01 1.456e-01
0.700000 58.250000 8.0169733195e-01 -2.7852672429e-01 8.487024e-01 1.458e-01
0.700000 58.300000 8.3434962653e-01 -2.9518808369e-01 8.850284e-01 1.459e-01
0.700000 58.350000 8.6119180696e-01 -3.2218239034e-01 9.194851e-01 1.460e-01
0.700000 58.400000 8.8015697834e-01 -3.5835021661e-01 9.503111e-01 1.461e-01
0.700000 58.450000 8.8923329416e-01 -4.0217022827e-01 9.759492e-01 1.463e-01
0.700000 58.500000 8.8653539010e-01 -4.5165500505e-01 9.949559e-01 1.464e-01
0.700000 58.550000 8.7045209093e-01 -5.0427271116e-01 1.005971e+00 1.465e-01
0.700000 58.600000 8.3985667070e-01 -5.5693259211e-01 1.007737e+00 1.466e-01
0.700000 58.650000 7.9434974498e-01 -6.0606647824e-01 9.991537e-01 1.468e-01
0.700000 58.700000 7.3448913762e-01 -6.4782539221e-01 9.793631e-01 1.469e-01
0.700000 58.750000 6.6195069684e-01 -6.7838801682e-01 9.478339e-01 1.470e-01
0.700000 58.800000 5.7956600249e-01 -6.9434905875e-01 9.044431e-01 1.471e-01
0.700000 58.850000 4.9120124653e-01 -6.9312897603e-01 8.495331e-01 1.473e-01
0.700000 58.900000 4.0147325466e-01 -6.7333256839e-01 7.839372e-01 1.474e-01
0.700000 58.950000 3.1533373446e-01 -6.3498888208e-01 7.089755e-01 1.475e-01
0.700000 59.000000 2.3757950117e-01 -5.7962687218e-01 6.264274e-01 1.476e-01
0.700000 59.050000 1.7235733368e-01 -5.1017119489e-01 5.384995e-01 1.478e-01
0.700000 59.100000 1.2272815154e-01 -4.3066969242e-01 4.478153e-01 1.479e-01
0.700000 59.150000 9.0343600886e-02 -3.4588277140e-01 3.574869e-01 1.480e-01
0.700000 59.200000 7.5276297165e-02 -2.6077667358e-01 2.714240e-01 1.481e-01
0.700000 59.250000 7.6034564666e-02 -1.7997367497e-01 1.953760e-01 1.483e-01
0.700000 59.300000 8.9778323193e-02 -1.0722624345e-01 1.398485e-01 1.484e-01
0.700000 59.350000 1.1272754467e-01 -4.4995222983e-02 1.213757e-01 1.485e-01
0.700000 59.400000 1.4071681060e-01 5.7867727854e-03 1.408357e-01 1.486e-01
0.700000 59.450000 1.6980779751e-01 4.5707559255e-02 1.758518e-01 1.488e-01
0.700000 59.500000 1.9684319670e-01 7.6611503860e-02 2.112263e-01 1.489e-01
0.700000 59.550000 2.1982741532e-01 1.0112980165e-01 2.419738e-01 1.490e-01
0.700000 59.600000 2.3805742652e-01 1.2210976528e-01 2.675484e-01 1.491e-01
0.700000 59.650000 2.5199128138e-01 1.4207345136e-01 2.892827e-01 1.493e-01
0.700000 59.700000 2.6290945881e-01 1.6282147711e-01 3.092446e-01 1.494e-01
0.700000 59.750000 2.7247101666e-01 1.8524971838e-01 3.294813e-01 1.495e-01
0.700000 59.800000 2.8227805007e-01 2.0938460112e-01 3.514581e-01 1.496e-01
0.700000 59.850000 2.9353992042e-01 2.3458995017e-01 3.757634e-01 1.498e-01
0.700000 59.900000 3.0688778633e-01 2.5986981966e-01 4.021348e-01 1.499e-01
0.700000 59.950000 3.2234833415e-01 2.8418884325e-01 4.297345e-01 1.500e-01
0.700000 60.000000 3.3945516944e-01 3.0674523994e-01 4.575177e-01 1.501e-01
