# X=3e+07 rho=0.8 C(X)=18 Cmax=300 mode=v
# sigma t Re Im |F| tailbound
0.750000 0.100000 -1.9684480633e+00 -1.1096136661e+00 2.259653e+00 7.910e-04
0.750000 0.150000 -1.5647526357e+00 -1.4202671046e+00 2.113199e+00 7.991e-04
0.750000 0.200000 -1.1654177837e+00 -1.5710743807e+00 1.956137e+00 8.103e-04
0.750000 0.250000 -8.1670536025e-01 -1.6109138977e+00 1.806115e+00 8.245e-04
0.750000 0.300000 -5.3055428431e-01 -1.5847772025e+00 1.671229e+00 8.415e-04
0.750000 0.350000 -3.0220199720e-01 -1.5240178286e+00 1.553691e+00 8.611e-04
0.750000 0.400000 -1.2157322457e-01 -1.4477727237e+00 1.452868e+00 8.832e-04
0.750000 0.450000 2.1552410598e-02 -1.3668735116e+00 1.367043e+00 9.075e-04
0.750000 0.500000 1.3580188542e-01 -1.2871198700e+00 1.294264e+00 9.339e-04
0.750000 0.550000 2.2793248618e-01 -1.2114293365e+00 1.232686e+00 9.622e-04
0.750000 0.600000 3.0305832621e-01 -1.1411156060e+00 1.180673e+00 9.922e-04
0.750000 0.650000 3.6499149225e-01 -1.0766128247e+00 1.136800e+00 1.024e-03
0.750000 0.700000 4.1656368653e-01 -1.0178785514e+00 1.099819e+00 1.057e-03
0.750000 0.750000 4.5989048284e-01 -9.6462117556e-01 1.068641e+00 1.091e-03
0.750000 0.800000 4.9657194014e-01 -9.1643417705e-01 1.042322e+00 1.126e-03
0.750000 0.850000 5.2783416145e-01 -8.7287795117e-01 1.020061e+00 1.163e-03
0.750000 0.900000 5.5462285027e-01 -8.3352622617e-01 1.001186e+00 1.200e-03
0.750000 0.950000 5.7766460625e-01 -7.9798485256e-01 9.851275e-01 1.239e-03
0.750000 1.000000 5.9751228071e-01 -7.6589090004e-01 9.713958e-01 1.278e-03
0.750000 1.050000 6.1458578121e-01 -7.3690298662e-01 9.595529e-01 1.318e-03
0.750000 1.100000 6.2921136201e-01 -7.1069389095e-01 9.492064e-01 1.358e-03
0.750000 1.150000 6.4165528414e-01 -6.8695165792e-01 9.400128e-01 1.399e-03
0.750000 1.200000 6.5214581294e-01 -6.6538784061e-01 9.316840e-01 1.441e-03
0.750000 1.250000 6.6088145700e-01 -6.4574585570e-01 9.239870e-01 1.483e-03
0.750000 1.300000 6.6802986223e-01 -6.2780221974e-01 9.167331e-01 1.525e-03
0.750000 1.350000 6.7372594423e-01 -6.1135856187e-01 9.097615e-01 1.568e-03
0.750000 1.400000 6.7807652069e-01 -5.9622901464e-01 9.029268e-01 1.612e-03
0.750000 1.450000 6.8117267744e-01 -5.8223106992e-01 8.960967e-01 1.655e-03
0.750000 1.500000 6.8310450365e-01 -5.6918575852e-01 8.891593e-01 1.699e-03
0.750000 1.550000 6.8397022893e-01 -5.5692661292e-01 8.820332e-01 1.744e-03
0.750000 1.600000 6.8387497352e-01 -5.4531078563e-01 8.746707e-01 1.788e-03
0.750000 1.650000 6.8292102502e-01 -5.3422419791e-01 8.670505e-01 1.833e-03
0.750000 1.700000 6.8119706058e-01 -5.2357675271e-01 8.591636e-01 1.878e-03
0.750000 1.750000 6.7877415582e-01 -5.1329056825e-01 8.510003e-01 1.923e-03
0.750000 1.800000 6.7571143336e-01 -5.0328903853e-01 8.425472e-01 1.969e-03
0.750000 1.850000 6.7206726469e-01 -4.9349390672e-01 8.337929e-01 2.014e-03
0.750000 1.900000 6.6790788850e-01 -4.8383186334e-01 8.247389e-01 2.060e-03
0.750000 1.950000 6.6330698349e-01 -4.7424540315e-01 8.154047e-01 2.106e-03
0.750000 2.000000 6.5833598605e-01 -4.6469952099e-01 8.058237e-01 2.152e-03
0.750000 2.050000 6.5305143750e-01 -4.5517851616e-01 7.960299e-01 2.198e-03
0.750000 2.100000 6.4748786979e-01 -4.4567386355e-01 7.860444e-01 2.245e-03
0.750000 2.150000 6.4166114582e-01 -4.3617018344e-01 7.758695e-01 2.291e-03
0.750000 2.200000 6.3558024517e-01 -4.2663761650e-01 7.654945e-01 2.338e-03
0.750000 2.250000 6.2926000907e-01 -4.1703454453e-01 7.549079e-01 2.385e-03
0.750000 2.300000 6.2272707675e-01 -4.0731765478e-01 7.441080e-01 2.432e-03
0.750000 2.350000 6.1601627689e-01 -3.9745165118e-01 7.331056e-01 2.479e-03
0.750000 2.400000 6.0916150702e-01 -3.8741168863e-01 7.219180e-01 2.526e-03
0.750000 2.450000 6.0218888925e-01 -3.7717722372e-01 7.105590e-01 2.573e-03
0.750000 2.500000 5.9511812464e-01 -3.6672243369e-01 6.990357e-01 2.620e-03
0.750000 2.550000 5.8797183430e-01 -3.5601108099e-01 6.873535e-01 2.667e-03
0.750000 2.600000 5.8078662380e-01 -3.4500076168e-01 6.755284e-01 2.715e-03
0.750000 2.650000 5.7361793084e-01 -3.3365492723e-01 6.635986e-01 2.762e-03
0.750000 2.700000 5.6653463343e-01 -3.2195551541e-01 6.516263e-01 2.810e-03
0.750000 2.750000 5.5960619435e-01 -3.0990838399e-01 6.396892e-01 2.857e-03
0.750000 2.800000 5.5289004772e-01 -2.9753849184e-01 6.278667e-01 2.905e-03
0.750000 2.850000 5.4642654060e-01 -2.8487861276e-01 6.162287e-01 2.952e-03
0.750000 2.900000 5.4024329277e-01 -2.7195951275e-01 6.048345e-01 3.000e-03
0.750000 2.950000 5.3436414961e-01 -2.5880805959e-01 5.937396e-01 3.048e-03
0.750000 3.000000 5.2881468742e-01 -2.4545367555e-01 5.830030e-01 3.096e-03
0.750000 3.050000 5.2361878874e-01 -2.3193713864e-01 5.726879e-01 3.144e-03
0.750000 3.100000 5.1878740535e-01 -2.1831351911e-01 5.628509e-01 3.192e-03
0.750000 3.150000 5.1430667946e-01 -2.0464465193e-01 5.535258e-01 3.240e-03
0.750000 3.200000 5.1013383806e-01 -1.9098358010e-01 5.447121e-01 3.288e-03
0.750000 3.250000 5.0620474804e-01 -1.7735903647e-01 5.363762e-01 3.336e-03
0.750000 3.300000 5.0244974472e-01 -1.6376836496e-01 5.284655e-01 3.384e-03
0.750000 3.350000 4.9880926106e-01 -1.5018204508e-01 5.209274e-01 3.432e-03
0.750000 3.400000 4.9524133275e-01 -1.3655572874e-01 5.137231e-01 3.480e-03
0.750000 3.450000 4.9171881260e-01 -1.2284135027e-01 5.068307e-01 3.528e-03
0.750000 3.500000 4.8822110937e-01 -1.0899032969e-01 5.002387e-01 3.577e-03
0.750000 3.550000 4.8472868686e-01 -9.4948045642e-02 4.939403e-01 3.625e-03
0.750000 3.600000 4.8122614224e-01 -8.0645282081e-02 4.879367e-01 3.673e-03
0.750000 3.650000 4.7771320844e-01 -6.5994728444e-02 4.822502e-01 3.721e-03
0.750000 3.700000 4.7421706126e-01 -5.0897246740e-02 4.769406e-01 3.770e-03
0.750000 3.750000 4.7079801331e-01 -3.5255931663e-02 4.721162e-01 3.818e-03
0.750000 3.800000 4.6754490005e-01 -1.8990689477e-02 4.679304e-01 3.866e-03
0.750000 3.850000 4.6456319457e-01 -2.0458375503e-03 4.645677e-01 3.915e-03
0.750000 3.900000 4.6196338241e-01 1.5611825340e-02 4.622271e-01 3.963e-03
0.750000 3.950000 4.5985624857e-01 3.4000454047e-02 4.611115e-01 4.012e-03
0.750000 4.000000 4.5835615473e-01 5.3128554631e-02 4.614250e-01 4.060e-03
0.750000 4.050000 4.5758712608e-01 7.2992847129e-02 4.633723e-01 4.109e-03
0.750000 4.100000 4.5768414752e-01 9.3569260972e-02 4.671509e-01 4.157e-03
0.750000 4.150000 4.5878531874e-01 1.1480360931e-01 4.729311e-01 4.206e-03
0.750000 4.200000 4.6101725352e-01 1.3660980038e-01 4.808317e-01 4.254e-03
0.750000 4.250000 4.6448161683e-01 1.5887905772e-01 4.909030e-01 4.303e-03
0.750000 4.300000 4.6925100550e-01 1.8149639939e-01 5.031277e-01 4.352e-03
0.750000 4.350000 4.7537706039e-01 2.0435548809e-01 5.174403e-01 4.400e-03
0.750000 4.400000 4.8290620046e-01 2.2736349076e-01 5.337533e-01 4.449e-03
0.750000 4.450000 4.9189368732e-01 2.5043353686e-01 5.519750e-01 4.497e-03
0.750000 4.500000 5.0240797758e-01 2.7346981249e-01 5.720136e-01 4.546e-03
0.750000 4.550000 5.1452360200e-01 2.9635434809e-01 5.937680e-01 4.595e-03
0.750000 4.600000 5.2830784477e-01 3.1894259538e-01 6.171171e-01 4.644e-03
0.750000 4.650000 5.4380957536e-01 3.4106848298e-01 6.419163e-01 4.692e-03
0.750000 4.700000 5.6105580871e-01 3.6255331713e-01 6.680034e-01 4.741e-03
0.750000 4.750000 5.8005510655e-01 3.8321101081e-01 6.952083e-01 4.790e-03
0.750000 4.800000 6.0080146866e-01 4.0284585237e-01 7.233583e-01 4.838e-03
0.750000 4.850000 6.2327179848e-01 4.2124557491e-01 7.522736e-01 4.887e-03
0.750000 4.900000 6.4741476127e-01 4.3817709921e-01 7.817577e-01 4.936e-03
0.750000 4.950000 6.7313551283e-01 4.5339161870e-01 8.115882e-01 4.985e-03
0.750000 5.000000 7.0028460323e-01 4.6664005925e-01 8.415174e-01 5.033e-03
0.750000 5.050000 7.2865755050e-01 4.7769326555e-01 8.712822e-01 5.082e-03
0.750000 5.100000 7.5800527241e-01 4.8635821165e-01 9.006200e-01 5.131e-03
0.750000 5.150000 7.8804906695e-01 4.9248429514e-01 9.292804e-01 5.180e-03
0.750000 5.200000 8.1849162948e-01 4.9596051013e-01 9.570295e-01 5.229e-03
0.750000 5.250000 8.4901923122e-01 4.9671039064e-01 9.836437e-01 5.278e-03
0.750000 5.300000 8.7929718079e-01 4.9469288149e-01 1.008903e+00 5.326e-03
0.750000 5.350000 9.0896625748e-01 4.8991285010e-01 1.032586e+00 5.375e-03
0.750000 5.400000 9.3764815205e-01 4.8243783734e-01 1.054481e+00 5.424e-03
0.750000 5.450000 9.6496288702e-01 4.7241268224e-01 1.074396e+00 5.473e-03
0.750000 5.500000 9.9055421451e-01 4.6006411815e-01 1.092180e+00 5.522e-03
0.750000 5.550000 1.0141148163e+00 4.4569280820e-01 1.107732e+00 5.571e-03
0.750000 5.600000 1.0354043883e+00 4.2965669000e-01 1.121012e+00 5.620e-03
0.750000 5.650000 1.0542591217e+00 4.1235247687e-01 1.132032e+00 5.669e-03
0.750000 5.700000 1.0705965002e+00 3.9419984998e-01 1.140864e+00 5.718e-03
0.750000 5.750000 1.0844206275e+00 3.7562731807e-01 1.147634e+00 5.766e-03
0.750000 5.800000 1.0958294621e+00 3.5705440402e-01 1.152532e+00 5.815e-03
0.750000 5.850000 1.1050192282e+00 3.3886542606e-01 1.155810e+00 5.864e-03
0.750000 5.900000 1.1122776722e+00 3.2137582804e-01 1.157775e+00 5.913e-03
0.750000 5.950000 1.1179600230e+00 3.0479912488e-01 1.158765e+00 5.962e-03
0.750000 6.000000 1.1224488550e+00 2.8922603356e-01 1.159113e+00 6.011e-03
0.750000 6.050000 1.1261072128e+00 2.7462433255e-01 1.159110e+00 6.060e-03
0.750000 6.100000 1.1292381273e+00 2.6085974824e-01 1.158977e+00 6.109e-03
0.750000 6.150000 1.1320604916e+00 2.4772953060e-01 1.158849e+00 6.158e-03
0.750000 6.200000 1.1347030102e+00 2.3499655259e-01 1.158781e+00 6.207e-03
0.750000 6.250000 1.1372097083e+00 2.2241488733e-01 1.158755e+00 6.256e-03
0.750000 6.300000 1.1395472804e+00 2.0974556592e-01 1.158689e+00 6.305e-03
0.750000 6.350000 1.1416079846e+00 1.9676839191e-01 1.158441e+00 6.354e-03
0.750000 6.400000 1.1432091182e+00 1.8329768047e-01 1.157810e+00 6.403e-03
0.750000 6.450000 1.1440961688e+00 1.6920559612e-01 1.156541e+00 6.452e-03
0.750000 6.500000 1.1439574447e+00 1.5444951555e-01 1.154337e+00 6.501e-03
0.750000 6.550000 1.1424530155e+00 1.3909455402e-01 1.150889e+00 6.550e-03
0.750000 6.600000 1.1392535835e+00 1.2332252534e-01 1.145909e+00 6.599e-03
0.750000 6.650000 1.1340802170e+00 1.0742381794e-01 1.139157e+00 6.648e-03
0.750000 6.700000 1.1267364150e+00 9.1775275343e-02 1.130468e+00 6.697e-03
0.750000 6.750000 1.1171287351e+00 7.6810864524e-02 1.119766e+00 6.746e-03
0.750000 6.800000 1.1052773602e+00 6.2990833704e-02 1.107071e+00 6.795e-03
0.750000 6.850000 1.0913197934e+00 5.0770968889e-02 1.092500e+00 6.844e-03
0.750000 6.900000 1.0755084917e+00 4.0570391981e-02 1.076273e+00 6.893e-03
0.750000 6.950000 1.0581992683e+00 3.2737163498e-02 1.058706e+00 6.942e-03
0.750000 7.000000 1.0398258254e+00 2.7515540083e-02 1.040190e+00 6.991e-03
0.750000 7.050000 1.0208592371e+00 2.5023586696e-02 1.021166e+00 7.040e-03
0.750000 7.100000 1.0017583612e+00 2.5250622739e-02 1.002077e+00 7.090e-03
0.750000 7.150000 9.8292362104e-01 2.8078737463e-02 9.833246e-01 7.139e-03
0.750000 7.200000 9.6466778704e-01 3.3323445547e-02 9.652432e-01 7.188e-03
0.750000 7.250000 9.4721166906e-01 4.0780517749e-02 9.480891e-01 7.237e-03
0.750000 7.300000 9.3070270440e-01 5.0263892066e-02 9.320590e-01 7.286e-03
0.750000 7.350000 9.1524571066e-01 6.1624694051e-02 9.173180e-01 7.335e-03
0.750000 7.400000 9.0093229169e-01 7.4750743498e-02 9.040280e-01 7.384e-03
0.750000 7.450000 8.8785956189e-01 8.9554042782e-02 8.923646e-01 7.433e-03
0.750000 7.500000 8.7613676827e-01 1.0595626999e-01 8.825205e-01 7.482e-03
0.750000 7.550000 8.6588483016e-01 1.2387870198e-01 8.747014e-01 7.531e-03
0.750000 7.600000 8.5723508614e-01 1.4323666400e-01 8.691195e-01 7.580e-03
0.750000 7.650000 8.5032978927e-01 1.6393434429e-01 8.659880e-01 7.629e-03
0.750000 7.700000 8.4532176132e-01 1.8585645944e-01 8.655123e-01 7.679e-03
0.750000 7.750000 8.4236845285e-01 2.0885780437e-01 8.678745e-01 7.728e-03
0.750000 7.800000 8.4161835130e-01 2.3275621633e-01 8.732107e-01 7.777e-03
0.750000 7.850000 8.4319331806e-01 2.5733499437e-01 8.815874e-01 7.826e-03
0.750000 7.900000 8.4717470919e-01 2.8235637456e-01 8.929894e-01 7.875e-03
0.750000 7.950000 8.5360049719e-01 3.0758104446e-01 9.073257e-01 7.924e-03
0.750000 8.000000 8.6247492606e-01 3.3278450607e-01 9.244504e-01 7.973e-03
0.750000 8.050000 8.7378502081e-01 3.5776253602e-01 9.441898e-01 8.022e-03
0.750000 8.100000 8.8751434458e-01 3.8232443241e-01 9.663611e-01 8.071e-03
0.750000 8.150000 9.0364650335e-01 4.0628007626e-01 9.907777e-01 8.121e-03
0.750000 8.200000 9.2215774876e-01 4.2943022699e-01 1.017244e+00 8.170e-03
0.750000 8.250000 9.4300509016e-01 4.5156666372e-01 1.045548e+00 8.219e-03
0.750000 8.300000 9.6611888156e-01 4.7248170739e-01 1.075465e+00 8.268e-03
0.750000 8.350000 9.9140523266e-01 4.9198014785e-01 1.106765e+00 8.317e-03
0.750000 8.400000 1.0187563529e+00 5.0988510098e-01 1.139231e+00 8.366e-03
0.750000 8.450000 1.0480611044e+00 5.2603384135e-01 1.172665e+00 8.415e-03
0.750000 8.500000 1.0792076878e+00 5.4026706027e-01 1.206888e+00 8.465e-03
0.750000 8.550000 1.1120758288e+00 5.5242014628e-01 1.241725e+00 8.514e-03
0.750000 8.600000 1.1465234051e+00 5.6232434570e-01 1.276998e+00 8.563e-03
0.750000 8.650000 1.1823769899e+00 5.6981939846e-01 1.312520e+00 8.612e-03
0.750000 8.700000 1.2194341606e+00 5.7477157010e-01 1.348103e+00 8.661e-03
0.750000 8.750000 1.2574786080e+00 5.7708697749e-01 1.383576e+00 8.710e-03
0.750000 8.800000 1.2963015205e+00 5.7671233134e-01 1.418800e+00 8.760e-03
0.750000 8.850000 1.3357192092e+00 5.7362213389e-01 1.453681e+00 8.809e-03
0.750000 8.900000 1.3755794854e+00 5.6779840979e-01 1.488158e+00 8.858e-03
0.750000 8.950000 1.4157558191e+00 5.5921181278e-01 1.522197e+00 8.907e-03
0.750000 9.000000 1.4561342448e+00 5.4781016448e-01 1.555771e+00 8.956e-03
0.750000 9.050000 1.4965995253e+00 5.3351472018e-01 1.588851e+00 9.005e-03
0.750000 9.100000 1.5370238008e+00 5.1622016163e-01 1.621396e+00 9.055e-03
0.750000 9.150000 1.5772559425e+00 4.9579456900e-01 1.653345e+00 9.104e-03
0.750000 9.200000 1.6171073744e+00 4.7207993023e-01 1.684606e+00 9.153e-03
0.750000 9.250000 1.6563325416e+00 4.4489843780e-01 1.715043e+00 9.202e-03
0.750000 9.300000 1.6946080200e+00 4.1407074716e-01 1.744463e+00 9.251e-03
0.750000 9.350000 1.7315192575e+00 3.7944797435e-01 1.772608e+00 9.300e-03
0.750000 9.400000 1.7665640536e+00 3.4095181985e-01 1.799166e+00 9.350e-03
0.750000 9.450000 1.7991762355e+00 2.9861154943e-01 1.823788e+00 9.399e-03
0.750000 9.500000 1.8287645979e+00 2.5258655202e-01 1.846126e+00 9.448e-03
0.750000 9.550000 1.8547560981e+00 2.0316917335e-01 1.865850e+00 9.497e-03
0.750000 9.600000 1.8766322056e+00 1.5077093389e-01 1.882679e+00 9.546e-03
0.750000 9.650000 1.8939530235e+00 9.5900950835e-02 1.896379e+00 9.596e-03
0.750000 9.700000 1.9063714085e+00 3.9145114762e-02 1.906773e+00 9.645e-03
0.750000 9.750000 1.9136438229e+00 -1.8850948780e-02 1.913737e+00 9.694e-03
0.750000 9.800000 1.9156433304e+00 -7.7398707046e-02 1.917206e+00 9.743e-03
0.750000 9.850000 1.9123743245e+00 -1.3578988547e-01 1.917189e+00 9.792e-03
0.750000 9.900000 1.9039826159e+00 -1.9332981433e-01 1.913773e+00 9.841e-03
0.750000 9.950000 1.8907527300e+00 -2.4937835464e-01 1.907128e+00 9.891e-03
0.750000 10.000000 1.8730879990e+00 -3.0339009123e-01 1.897499e+00 9.940e-03
0.750000 10.050000 1.8514757767e+00 -3.5494435644e-01 1.885192e+00 9.989e-03
0.750000 10.100000 1.8264453745e+00 -4.0375967999e-01 1.870541e+00 1.004e-02
0.750000 10.150000 1.7985268756e+00 -4.4969344613e-01 1.853894e+00 1.009e-02
0.750000 10.200000 1.7682150519e+00 -4.9273154268e-01 1.835584e+00 1.014e-02
0.750000 10.250000 1.7359376758e+00 -5.3297209928e-01 1.815913e+00 1.019e-02
0.750000 10.300000 1.7020256639e+00 -5.7060317086e-01 1.795127e+00 1.024e-02
0.750000 10.350000 1.6666854030e+00 -6.0587038485e-01 1.773392e+00 1.028e-02
0.750000 10.400000 1.6299791780e+00 -6.3903100427e-01 1.750769e+00 1.033e-02
0.750000 10.450000 1.5918233582e+00 -6.7029641051e-01 1.727194e+00 1.038e-02
0.750000 10.500000 1.5520122066e+00 -6.9977265706e-01 1.702476e+00 1.043e-02
0.750000 10.550000 1.5102676912e+00 -7.2741349056e-01 1.676317e+00 1.048e-02
0.750000 10.600000 1.4663062725e+00 -7.5299849348e-01 1.648351e+00 1.053e-02
0.750000 10.650000 1.4199076405e+00 -7.7614113589e-01 1.618188e+00 1.058e-02
0.750000 10.700000 1.3709712060e+00 -7.9632176236e-01 1.585462e+00 1.063e-02
0.750000 10.750000 1.3195530212e+00 -8.1293427294e-01 1.549865e+00 1.068e-02
0.750000 10.800000 1.2658842788e+00 -8.2533553438e-01 1.511172e+00 1.073e-02
0.750000 10.850000 1.2103774753e+00 -8.3289216033e-01 1.469259e+00 1.078e-02
0.750000 10.900000 1.1536252869e+00 -8.3502569624e-01 1.424121e+00 1.083e-02
0.750000 10.950000 1.0963919752e+00 -8.3125975812e-01 1.375888e+00 1.087e-02
0.750000 11.000000 1.0395923305e+00 -8.2126967145e-01 1.324853e+00 1.092e-02
0.750000 11.050000 9.8425292257e-01 -8.0492908927e-01 1.271481e+00 1.097e-02
0.750000 11.100000 9.3145554350e-01 -7.8234367103e-01 1.216417e+00 1.102e-02
0.750000 11.150000 8.8227007343e-01 -7.5386283110e-01 1.160478e+00 1.107e-02
0.750000 11.200000 8.3768874327e-01 -7.2006681892e-01 1.104635e+00 1.112e-02
0.750000 11.250000 7.9857273727e-01 -6.8173430561e-01 1.049991e+00 1.117e-02
0.750000 11.300000 7.6561594579e-01 -6.3980043242e-01 9.977537e-01 1.122e-02
0.750000 11.350000 7.3932346407e-01 -5.9531429814e-01 9.492093e-01 1.127e-02
0.750000 11.400000 7.1999868725e-01 -5.4939942540e-01 9.056698e-01 1.132e-02
0.750000 11.450000 7.0773450942e-01 -5.0321507302e-01 8.683971e-01 1.137e-02
0.750000 11.500000 7.0240924176e-01 -4.5791447226e-01 8.384894e-01 1.142e-02
0.750000 11.550000 7.0369206461e-01 -4.1459926108e-01 8.167466e-01 1.147e-02
0.750000 11.600000 7.1106253524e-01 -3.7427490717e-01 8.035494e-01 1.151e-02
0.750000 11.650000 7.2384369035e-01 -3.3781526760e-01 7.987921e-01 1.156e-02
0.750000 11.700000 7.4124200128e-01 -3.0594259931e-01 8.018981e-01 1.161e-02
0.750000 11.750000 7.6238445073e-01 -2.7922300103e-01 8.119086e-01 1.166e-02
0.750000 11.800000 7.8634579327e-01 -2.5807048923e-01 8.276111e-01 1.171e-02
0.750000 11.850000 8.1216613926e-01 -2.4275033133e-01 8.476683e-01 1.176e-02
0.750000 11.900000 8.3886576231e-01 -2.3337583750e-01 8.707239e-01 1.181e-02
0.750000 11.950000 8.6546587803e-01 -2.2990033075e-01 8.954805e-01 1.186e-02
0.750000 12.000000 8.9101966460e-01 -2.3211247702e-01 9.207563e-01 1.191e-02
0.750000 12.050000 9.1464983241e-01 -2.3964412416e-01 9.455229e-01 1.196e-02
0.750000 12.100000 9.3558285204e-01 -2.5199442200e-01 9.689254e-01 1.201e-02
0.750000 12.150000 9.5316968156e-01 -2.6856563583e-01 9.902828e-01 1.206e-02
0.750000 12.200000 9.6688878517e-01 -2.8870007154e-01 1.009070e+00 1.211e-02
0.750000 12.250000 9.7633564213e-01 -3.1170768338e-01 1.024887e+00 1.216e-02
0.750000 12.300000 9.8120853514e-01 -3.3687997056e-01 1.037429e+00 1.220e-02
0.750000 12.350000 9.8129991394e-01 -3.6349365501e-01 1.046459e+00 1.225e-02
0.750000 12.400000 9.7649687441e-01 -3.9081236469e-01 1.051799e+00 1.230e-02
0.750000 12.450000 9.6678745911e-01 -4.1809352032e-01 1.053319e+00 1.235e-02
0.750000 12.500000 9.5226612314e-01 -4.4460225740e-01 1.050943e+00 1.240e-02
0.750000 12.550000 9.3313361001e-01 -4.6962875996e-01 1.044648e+00 1.245e-02
0.750000 12.600000 9.0969156711e-01 -4.9250380135e-01 1.034456e+00 1.250e-02
0.750000 12.650000 8.8233620655e-01 -5.1261043136e-01 1.020435e+00 1.255e-02
0.750000 12.700000 8.5155488001e-01 -5.2939481790e-01 1.002699e+00 1.260e-02
0.750000 12.750000 8.1792472707e-01 -5.4238189786e-01 9.814168e-01 1.265e-02
0.750000 12.800000 7.8210711919e-01 -5.5119906106e-01 9.568239e-01 1.270e-02
0.750000 12.850000 7.4482987829e-01 -5.5560467997e-01 9.292298e-01 1.275e-02
0.750000 12.900000 7.0685326545e-01 -5.5551214061e-01 8.990191e-01 1.280e-02
0.750000 12.950000 6.6892358198e-01 -5.5099860173e-01 8.666362e-01 1.284e-02
0.750000 13.000000 6.3172512493e-01 -5.4229255756e-01 8.325610e-01 1.289e-02
0.750000 13.050000 5.9584275858e-01 -5.2974281064e-01 7.972804e-01 1.294e-02
0.750000 13.100000 5.6174245069e-01 -5.1377857600e-01 7.612641e-01 1.299e-02
0.750000 13.150000 5.2976887151e-01 -4.9487191950e-01 7.249505e-01 1.304e-02
0.750000 13.200000 5.0015275327e-01 -4.7350906936e-01 6.887406e-01 1.309e-02
0.750000 13.250000 4.7301994646e-01 -4.5016983202e-01 6.529937e-01 1.314e-02
0.750000 13.300000 4.4839885362e-01 -4.2530947829e-01 6.180208e-01 1.319e-02
0.750000 13.350000 4.2622929217e-01 -3.9933822195e-01 5.840740e-01 1.324e-02
0.750000 13.400000 4.0637895121e-01 -3.7259891154e-01 5.513382e-01 1.329e-02
0.750000 13.450000 3.8867099631e-01 -3.4534953145e-01 5.199341e-01 1.334e-02
0.750000 13.500000 3.7291969992e-01 -3.1775892019e-01 4.899386e-01 1.339e-02
0.750000 13.550000 3.5896486148e-01 -2.8992001595e-01 4.614211e-01 1.344e-02
0.750000 13.600000 3.4669459558e-01 -2.6187731936e-01 4.344846e-01 1.348e-02
0.750000 13.650000 3.3605086312e-01 -2.3365900960e-01 4.093003e-01 1.353e-02
0.750000 13.700000 3.2701989894e-01 -2.0530327512e-01 3.861236e-01 1.358e-02
0.750000 13.750000 3.1961546129e-01 -1.7687329537e-01 3.652919e-01 1.363e-02
0.750000 13.800000 3.1386306898e-01 -1.4846242694e-01 3.472047e-01 1.368e-02
0.750000 13.850000 3.0978846349e-01 -1.2019558588e-01 3.322888e-01 1.373e-02
0.750000 13.900000 3.0740739546e-01 -9.2231687508e-02 3.209455e-01 1.378e-02
0.750000 13.950000 3.0671124070e-01 -6.4766474192e-02 3.134748e-01 1.383e-02
0.750000 14.000000 3.0764606733e-01 -3.8029549601e-02 3.099877e-01 1.388e-02
0.750000 14.050000 3.1008959028e-01 -1.2268510655e-02 3.103322e-01 1.393e-02
0.750000 14.100000 3.1383608114e-01 1.2281811702e-02 3.140763e-01 1.398e-02
0.750000 14.150000 3.1859933724e-01 3.5438614310e-02 3.205642e-01 1.403e-02
0.750000 14.200000 3.2403738407e-01 5.7106136685e-02 3.290309e-01 1.408e-02
0.750000 14.250000 3.2979307046e-01 7.7293602856e-02 3.387296e-01 1.413e-02
0.750000 14.300000 3.3553759511e-01 9.6109889193e-02 3.490309e-01 1.417e-02
0.750000 14.350000 3.4100331259e-01 1.1373833407e-01 3.594714e-01 1.422e-02
0.750000 14.400000 3.4599795650e-01 1.3040232139e-01 3.697558e-01 1.427e-02
0.750000 14.450000 3.5040089959e-01 1.4633348549e-01 3.797292e-01 1.432e-02
0.750000 14.500000 3.5414826600e-01 1.6174994138e-01 3.893379e-01 1.437e-02
0.750000 14.550000 3.5721473631e-01 1.7684555069e-01 3.985934e-01 1.442e-02
0.750000 14.600000 3.5959661316e-01 1.9178718522e-01 4.075439e-01 1.447e-02
0.750000 14.650000 3.6129675141e-01 2.0671713812e-01 4.162539e-01 1.452e-02
0.750000 14.700000 3.6231076871e-01 2.2176065993e-01 4.247904e-01 1.457e-02
0.750000 14.750000 3.6261626491e-01 2.3704046989e-01 4.332190e-01 1.462e-02
0.750000 14.800000 3.6217009932e-01 2.5269835645e-01 4.416148e-01 1.467e-02
0.750000 14.850000 3.6091938908e-01 2.6891911157e-01 4.500892e-01 1.472e-02
0.750000 14.900000 3.5882782756e-01 2.8594747377e-01 4.588283e-01 1.477e-02
0.750000 14.950000 3.5591172531e-01 3.0408842496e-01 4.681270e-01 1.482e-02
0.750000 15.000000 3.5227412680e-01 3.2368654913e-01 4.784036e-01 1.486e-02
0.750000 15.050000 3.4812460079e-01 3.4508883196e-01 4.901806e-01 1.491e-02
0.750000 15.100000 3.4377790003e-01 3.6860237205e-01 5.040347e-01 1.496e-02
0.750000 15.150000 3.3963366264e-01 3.9445977478e-01 5.205281e-01 1.501e-02
0.750000 15.200000 3.3614648946e-01 4.2279983111e-01 5.401427e-01 1.506e-02
0.750000 15.250000 3.3379705054e-01 4.5366282091e-01 5.632321e-01 1.511e-02
0.750000 15.300000 3.3307014394e-01 4.8699363921e-01 5.899988e-01 1.516e-02
0.750000 15.350000 3.3443854875e-01 5.2264549918e-01 6.204897e-01 1.521e-02
0.750000 15.400000 3.3834711952e-01 5.6038179623e-01 6.546041e-01 1.526e-02
0.750000 15.450000 3.4519277232e-01 5.9987979173e-01 6.921082e-01 1.531e-02
0.750000 15.500000 3.5530162141e-01 6.4074231902e-01 7.326595e-01 1.536e-02
0.750000 15.550000 3.6891012539e-01 6.8252058822e-01 7.758409e-01 1.541e-02
0.750000 15.600000 3.8615818874e-01 7.2474439714e-01 8.212019e-01 1.546e-02
0.750000 15.650000 4.0709736691e-01 7.6695046321e-01 8.682979e-01 1.551e-02
0.750000 15.700000 4.3170946586e-01 8.0869943305e-01 9.167158e-01 1.555e-02
0.750000 15.750000 4.5992508508e-01 8.4957807908e-01 9.660818e-01 1.560e-02
0.750000 15.800000 4.9163203682e-01 8.8919176325e-01 1.016053e+00 1.565e-02
0.750000 15.850000 5.2667016445e-01 9.2715803939e-01 1.066304e+00 1.570e-02
0.750000 15.900000 5.6481790391e-01 9.6311156740e-01 1.116514e+00 1.575e-02
0.750000 15.950000 6.0578156786e-01 9.9672376101e-01 1.166375e+00 1.580e-02
0.750000 16.000000 6.4919748952e-01 1.0277320391e+00 1.215603e+00 1.585e-02
0.750000 16.050000 6.9465076150e-01 1.0559683917e+00 1.263966e+00 1.590e-02
0.750000 16.100000 7.4170670034e-01 1.0813779070e+00 1.311300e+00 1.595e-02
0.750000 16.150000 7.8994708751e-01 1.1040234947e+00 1.357529e+00 1.600e-02
0.750000 16.200000 8.3900458395e-01 1.1240789355e+00 1.402670e+00 1.605e-02
0.750000 16.250000 8.8859342981e-01 1.1418145047e+00 1.446837e+00 1.610e-02
0.750000 16.300000 9.3853828439e-01 1.1575768380e+00 1.490248e+00 1.615e-02
0.750000 16.350000 9.8880247476e-01 1.1717602380e+00 1.533216e+00 1.620e-02
0.750000 16.400000 1.0395121429e+00 1.1847646571e+00 1.576151e+00 1.624e-02
0.750000 16.450000 1.0909674325e+00 1.1969388450e+00 1.619528e+00 1.629e-02
0.750000 16.500000 1.1436304949e+00 1.2085144831e+00 1.663850e+00 1.634e-02
0.750000 16.550000 1.1980849045e+00 1.2195441812e+00 1.709589e+00 1.639e-02
0.750000 16.600000 1.2549701651e+00 1.2298582646e+00 1.757129e+00 1.644e-02
0.750000 16.650000 1.3149034573e+00 1.2390505352e+00 1.806715e+00 1.649e-02
0.750000 16.700000 1.3784039184e+00 1.2464940676e+00 1.858425e+00 1.654e-02
0.750000 16.750000 1.4458311583e+00 1.2513796835e+00 1.912166e+00 1.659e-02
0.750000 16.800000 1.5173421338e+00 1.2527664517e+00 1.967677e+00 1.664e-02
0.750000 16.850000 1.5928639376e+00 1.2496362558e+00 2.024551e+00 1.669e-02
0.750000 16.900000 1.6720782924e+00 1.2409500804e+00 2.082259e+00 1.674e-02
0.750000 16.950000 1.7544166846e+00 1.2257074726e+00 2.140172e+00 1.679e-02
0.750000 17.000000 1.8390696301e+00 1.2030096456e+00 2.197592e+00 1.684e-02
0.750000 17.050000 1.9250150765e+00 1.1721217514e+00 2.253786e+00 1.689e-02
0.750000 17.100000 2.0110672769e+00 1.1325249883e+00 2.308030e+00 1.693e-02
0.750000 17.150000 2.0959404358e+00 1.0839487041e+00 2.359642e+00 1.698e-02
0.750000 17.200000 2.1783156096e+00 1.0263778723e+00 2.408010e+00 1.703e-02
0.750000 17.250000 2.2568988791e+00 9.6003959609e-01 2.452604e+00 1.708e-02
0.750000 17.300000 2.3304644224e+00 8.8537860140e-01 2.492982e+00 1.713e-02
0.750000 17.350000 2.3978844587e+00 8.0303207255e-01 2.528776e+00 1.718e-02
0.750000 17.400000 2.4581538283e+00 7.1380851916e-01 2.559696e+00 1.723e-02
0.750000 17.450000 2.5104165806e+00 6.1866751670e-01 2.585525e+00 1.728e-02
0.750000 17.500000 2.5539957980e+00 5.1869247180e-01 2.606134e+00 1.733e-02
0.750000 17.550000 2.5884202801e+00 4.1505026361e-01 2.621486e+00 1.738e-02
0.750000 17.600000 2.6134379279e+00 3.0893867120e-01 2.631635e+00 1.743e-02
0.750000 17.650000 2.6290084453e+00 2.0153031060e-01 2.636721e+00 1.748e-02
0.750000 17.700000 2.6352757558e+00 9.3925266675e-02 2.636949e+00 1.753e-02
0.750000 17.750000 2.6325285255e+00 -1.2878531347e-02 2.632560e+00 1.758e-02
0.750000 17.800000 2.6211605667e+00 -1.1799587290e-01 2.623815e+00 1.762e-02
0.750000 17.850000 2.6016399709e+00 -2.2065197905e-01 2.610980e+00 1.767e-02
0.750000 17.900000 2.5744889061e+00 -3.2017655300e-01 2.594322e+00 1.772e-02
0.750000 17.950000 2.5402697181e+00 -4.1600066067e-01 2.574107e+00 1.777e-02
0.750000 18.000000 2.4995710053e+00 -5.0765715125e-01 2.550602e+00 1.782e-02
0.750000 18.050000 2.4529901066e+00 -5.9478069993e-01 2.524069e+00 1.787e-02
0.750000 18.100000 2.4011131683e+00 -6.7710295349e-01 2.494757e+00 1.792e-02
0.750000 18.150000 2.3444968624e+00 -7.5444133203e-01 2.462894e+00 1.797e-02
0.750000 18.200000 2.2836550166e+00 -8.2668377211e-01 2.428680e+00 1.802e-02
0.750000 18.250000 2.2190500767e+00 -8.9377289139e-01 2.392282e+00 1.807e-02
0.750000 18.300000 2.1510866996e+00 -9.5569082657e-01 2.353831e+00 1.812e-02
0.750000 18.350000 2.0801054501e+00 -1.0124424533e+00 2.313413e+00 1.817e-02
0.750000 18.400000 2.0063783951e+00 -1.0640332715e+00 2.271062e+00 1.822e-02
0.750000 18.450000 1.9301123237e+00 -1.1104409400e+00 2.226749e+00 1.827e-02
0.750000 18.500000 1.8514657611e+00 -1.1515850557e+00 2.180384e+00 1.831e-02
0.750000 18.550000 1.7705814281e+00 -1.1873044469e+00 2.131819e+00 1.836e-02
0.750000 18.600000 1.6876285088e+00 -1.2173511717e+00 2.080873e+00 1.841e-02
0.750000 18.650000 1.6028436138e+00 -1.2414046796e+00 2.027361e+00 1.846e-02
0.750000 18.700000 1.5165595841e+00 -1.2591012128e+00 1.971114e+00 1.851e-02
0.750000 18.750000 1.4292176645e+00 -1.2700676806e+00 1.911998e+00 1.856e-02
0.750000 18.800000 1.3413673576e+00 -1.2739498483e+00 1.849923e+00 1.861e-02
0.750000 18.850000 1.2536638341e+00 -1.2704316373e+00 1.784844e+00 1.866e-02
0.750000 18.900000 1.1668713073e+00 -1.2592512747e+00 1.716771e+00 1.871e-02
0.750000 18.950000 1.0818728957e+00 -1.2402250732e+00 1.645785e+00 1.876e-02
0.750000 19.000000 9.9967804510e-01 -1.2132871077e+00 1.572076e+00 1.881e-02
0.750000 19.050000 9.2141361845e-01 -1.1785440674e+00 1.495984e+00 1.886e-02
0.750000 19.100000 8.4828769443e-01 -1.1363342688e+00 1.418044e+00 1.891e-02
0.750000 19.150000 7.8152453669e-01 -1.0872742481e+00 1.339009e+00 1.896e-02
0.750000 19.200000 7.2227983045e-01 -1.0322786020e+00 1.259876e+00 1.900e-02
0.750000 19.250000 6.7155140895e-01 -9.7254715945e-01 1.181875e+00 1.905e-02
0.750000 19.300000 6.3009971079e-01 -9.0952302778e-01 1.106462e+00 1.910e-02
0.750000 19.350000 5.9838603157e-01 -8.4483048512e-01 1.035280e+00 1.915e-02
0.750000 19.400000 5.7653002314e-01 -7.8020125260e-01 9.701035e-01 1.920e-02
0.750000 19.450000 5.6428502812e-01 -7.1739368145e-01 9.127274e-01 1.925e-02
0.750000 19.500000 5.6103148002e-01 -6.5810623506e-01 8.647891e-01 1.930e-02
0.750000 19.550000 5.6579184693e-01 -6.0388747437e-01 8.275267e-01 1.935e-02
0.750000 19.600000 5.7727126262e-01 -5.5604910619e-01 8.015190e-01 1.940e-02
0.750000 19.650000 5.9392390749e-01 -5.1559284393e-01 7.864996e-01 1.945e-02
0.750000 19.700000 6.1403802979e-01 -4.8316172182e-01 7.813373e-01 1.950e-02
0.750000 19.750000 6.3582672695e-01 -4.5902071259e-01 7.842038e-01 1.955e-02
0.750000 19.800000 6.5751142365e-01 -4.4306269541e-01 7.928593e-01 1.960e-02
0.750000 19.850000 6.7739118751e-01 -4.3482916552e-01 8.049442e-01 1.965e-02
0.750000 19.900000 6.9390018246e-01 -4.3353479368e-01 8.181992e-01 1.970e-02
0.750000 19.950000 7.0566207193e-01 -4.3809137664e-01 8.305920e-01 1.974e-02
0.750000 20.000000 7.1154988703e-01 -4.4713592755e-01 8.403772e-01 1.979e-02
0.750000 20.050000 7.1075279091e-01 -4.5907384430e-01 8.461196e-01 1.984e-02
0.750000 20.100000 7.0284150985e-01 -4.7214729879e-01 8.467049e-01 1.989e-02
0.750000 20.150000 6.8781766674e-01 -4.8453152135e-01 8.413465e-01 1.994e-02
0.750000 20.200000 6.6613244025e-01 -4.9445173499e-01 8.295872e-01 1.999e-02
0.750000 20.250000 6.3866631406e-01 -5.0030638461e-01 8.112960e-01 2.004e-02
0.750000 20.300000 6.0667020122e-01 -5.0078096299e-01 7.866577e-01 2.009e-02
0.750000 20.350000 5.7167448867e-01 -4.9494023938e-01 7.561597e-01 2.014e-02
0.750000 20.400000 5.3537462538e-01 -4.8229145022e-01 7.205769e-01 2.019e-02
0.750000 20.450000 4.9950131759e-01 -4.6281370367e-01 6.809538e-01 2.024e-02
0.750000 20.500000 4.6568352776e-01 -4.3694897871e-01 6.385809e-01 2.029e-02
0.750000 20.550000 4.3531543304e-01 -4.0555022640e-01 5.949542e-01 2.034e-02
0.750000 20.600000 4.0944317923e-01 -3.6978561199e-01 5.517111e-01 2.039e-02
0.750000 20.650000 3.8868979926e-01 -3.3100609789e-01 5.105338e-01 2.043e-02
0.750000 20.700000 3.7323317617e-01 -2.9059382083e-01 4.730198e-01 2.048e-02
0.750000 20.750000 3.6284162741e-01 -2.4981590862e-01 4.405247e-01 2.053e-02
0.750000 20.800000 3.5695805602e-01 -2.0970798714e-01 4.140006e-01 2.058e-02
0.750000 20.850000 3.5481268800e-01 -1.7100288724e-01 3.938706e-01 2.063e-02
0.750000 20.900000 3.5554118758e-01 -1.3410682339e-01 3.799923e-01 2.068e-02
0.750000 20.950000 3.5829024775e-01 -9.9113888048e-02 3.717465e-01 2.073e-02
0.750000 21.000000 3.6230276238e-01 -6.5845055645e-02 3.682375e-01 2.078e-02
0.750000 21.050000 3.6698337210e-01 -3.3900700459e-02 3.685459e-01 2.083e-02
0.750000 21.100000 3.7194813955e-01 -2.7221536818e-03 3.719581e-01 2.088e-02
0.750000 21.150000 3.7705921463e-01 2.8337415026e-02 3.781225e-01 2.093e-02
0.750000 21.200000 3.8244045392e-01 5.9932978633e-02 3.871081e-01 2.098e-02
0.750000 21.250000 3.8846797552e-01 9.2643661135e-02 3.993623e-01 2.103e-02
0.750000 21.300000 3.9573302468e-01 1.2689525085e-01 4.155804e-01 2.108e-02
0.750000 21.350000 4.0498161321e-01 1.6290085644e-01 4.365167e-01 2.113e-02
0.750000 21.400000 4.1704162905e-01 2.0062681178e-01 4.627903e-01 2.117e-02
0.750000 21.450000 4.3274937162e-01 2.3978325061e-01 4.947404e-01 2.122e-02
0.750000 21.500000 4.5288303934e-01 2.7983276002e-01 5.323621e-01 2.127e-02
0.750000 21.550000 4.7810383142e-01 3.2000987478e-01 5.753170e-01 2.132e-02
0.750000 21.600000 5.0890097762e-01 3.5934878817e-01 6.229862e-01 2.137e-02
0.750000 21.650000 5.4553832592e-01 3.9672264601e-01 6.745376e-01 2.142e-02
0.750000 21.700000 5.8800614886e-01 4.3090017532e-01 7.289898e-01 2.147e-02
0.750000 21.750000 6.3598808413e-01 4.6062162316e-01 7.852726e-01 2.152e-02
0.750000 21.800000 6.8885461596e-01 4.8468780914e-01 8.422844e-01 2.157e-02
0.750000 21.850000 7.4568921687e-01 5.0204855557e-01 8.989467e-01 2.162e-02
0.750000 21.900000 8.0534364442e-01 5.1187480542e-01 9.542506e-01 2.167e-02
0.750000 21.950000 8.6651029767e-01 5.1360392389e-01 1.007288e+00 2.172e-02
0.750000 22.000000 9.2779676957e-01 5.0695709378e-01 1.057266e+00 2.177e-02
0.750000 22.050000 9.8779187335e-01 4.9193592126e-01 1.103510e+00 2.182e-02
0.750000 22.100000 1.0451202576e+00 4.6880799075e-01 1.145451e+00 2.186e-02
0.750000 22.150000 1.0984890137e+00 4.3808763657e-01 1.182624e+00 2.191e-02
0.750000 22.200000 1.1467307233e+00 4.0051211641e-01 1.214661e+00 2.196e-02
0.750000 22.250000 1.1888434350e+00 3.5700957087e-01 1.241291e+00 2.201e-02
0.750000 22.300000 1.2240229051e+00 3.0865648183e-01 1.262339e+00 2.206e-02
0.750000 22.350000 1.2516806106e+00 2.5662767415e-01 1.277718e+00 2.211e-02
0.750000 22.400000 1.2714445033e+00 2.0214704299e-01 1.287414e+00 2.216e-02
0.750000 22.450000 1.2831462055e+00 1.4644793499e-01 1.291476e+00 2.221e-02
0.750000 22.500000 1.2868037679e+00 9.0747320005e-02 1.290000e+00 2.226e-02
0.750000 22.550000 1.2826093235e+00 3.6230359535e-02 1.283121e+00 2.231e-02
0.750000 22.600000 1.2709255372e+00 -1.5963437802e-02 1.271026e+00 2.236e-02
0.750000 22.650000 1.2522870772e+00 -6.4761023843e-02 1.253960e+00 2.241e-02
0.750000 22.700000 1.2273983671e+00 -1.0918639841e-01 1.232245e+00 2.246e-02
0.750000 22.750000 1.1971197240e+00 -1.4839641782e-01 1.206282e+00 2.251e-02
0.750000 22.800000 1.1624398475e+00 -1.8171307686e-01 1.176557e+00 2.256e-02
0.750000 22.850000 1.1244393714e+00 -2.0864505065e-01 1.143633e+00 2.260e-02
0.750000 22.900000 1.0842532970e+00 -2.2889710620e-01 1.108151e+00 2.265e-02
0.750000 22.950000 1.0430377548e+00 -2.4237180337e-01 1.070828e+00 2.270e-02
0.750000 23.000000 1.0019407790e+00 -2.4916959130e-01 1.032459e+00 2.275e-02
0.750000 23.050000 9.6207203645e-01 -2.4958993125e-01 9.939204e-01 2.280e-02
0.750000 23.100000 9.2446634537e-01 -2.4413015425e-01 9.561577e-01 2.285e-02
0.750000 23.150000 8.9004056197e-01 -2.3347487844e-01 9.201536e-01 2.290e-02
0.750000 23.200000 8.5954971010e-01 -2.1847001743e-01 8.868793e-01 2.295e-02
0.750000 23.250000 8.3355161895e-01 -2.0008114070e-01 8.572285e-01 2.300e-02
0.750000 23.300000 8.1238736609e-01 -1.7934242279e-01 8.319477e-01 2.305e-02
0.750000 23.350000 7.9617881003e-01 -1.5730533564e-01 8.115699e-01 2.310e-02
0.750000 23.400000 7.8483856206e-01 -1.3499383954e-01 7.963636e-01 2.315e-02
0.750000 23.450000 7.7808587026e-01 -1.1336714801e-01 7.863013e-01 2.320e-02
0.750000 23.500000 7.7546502574e-01 -9.3286548033e-02 7.810559e-01 2.325e-02
0.750000 23.550000 7.7636825052e-01 -7.5482764972e-02 7.800290e-01 2.329e-02
0.750000 23.600000 7.8006802047e-01 -6.0525010298e-02 7.824125e-01 2.334e-02
0.750000 23.650000 7.8576141809e-01 -4.8798518263e-02 7.872752e-01 2.339e-02
0.750000 23.700000 7.9262231543e-01 -4.0499261815e-02 7.936563e-01 2.344e-02
0.750000 23.750000 7.9985042058e-01 -3.5650116193e-02 8.006445e-01 2.349e-02
0.750000 23.800000 8.0670456467e-01 -3.4133800123e-02 8.074264e-01 2.354e-02
0.750000 23.850000 8.1251323350e-01 -3.5729691240e-02 8.132984e-01 2.359e-02
0.750000 23.900000 8.1666579795e-01 -4.0139443560e-02 8.176516e-01 2.364e-02
0.750000 23.950000 8.1859740280e-01 -4.6992187903e-02 8.199451e-01 2.369e-02
0.750000 24.000000 8.1778351422e-01 -5.5831116609e-02 8.196871e-01 2.374e-02
0.750000 24.050000 8.1375488176e-01 -6.6093458075e-02 8.164345e-01 2.379e-02
0.750000 24.100000 8.0613310865e-01 -7.7099795333e-02 8.098117e-01 2.384e-02
0.750000 24.150000 7.9467695021e-01 -8.8064725729e-02 7.995417e-01 2.389e-02
0.750000 24.200000 7.7932487795e-01 -9.8131864228e-02 7.854789e-01 2.394e-02
0.750000 24.250000 7.6022166905e-01 -1.0642740091e-01 7.676352e-01 2.399e-02
0.750000 24.300000 7.3772311895e-01 -1.1212198962e-01 7.461948e-01 2.403e-02
0.750000 24.350000 7.1237904811e-01 -1.1449135015e-01 7.215207e-01 2.408e-02
0.750000 24.400000 6.8489766241e-01 -1.1296902019e-01 6.941519e-01 2.413e-02
0.750000 24.450000 6.5609433740e-01 -1.0718679127e-01 6.647923e-01 2.418e-02
0.750000 24.500000 6.2682775731e-01 -9.6998082286e-02 6.342883e-01 2.423e-02
0.750000 24.550000 5.9792856614e-01 -8.2478449336e-02 6.035903e-01 2.428e-02
0.750000 24.600000 5.7013016090e-01 -6.3898770745e-02 5.736998e-01 2.433e-02
0.750000 24.650000 5.4401492285e-01 -4.1672261584e-02 5.456087e-01 2.438e-02
0.750000 24.700000 5.1998818826e-01 -1.6284887641e-02 5.202431e-01 2.443e-02
0.750000 24.750000 4.9828504889e-01 1.1774464441e-02 4.984241e-01 2.448e-02
0.750000 24.800000 4.7900413741e-01 4.2067154940e-02 4.808478e-01 2.453e-02
0.750000 24.850000 4.6215342106e-01 7.4231554345e-02 4.680770e-01 2.458e-02
0.750000 24.900000 4.4769093852e-01 1.0798538573e-01 4.605302e-01 2.463e-02
0.750000 24.950000 4.3554985512e-01 1.4311567541e-01 4.584602e-01 2.468e-02
0.750000 25.000000 4.2564866007e-01 1.7947109243e-01 4.619379e-01 2.472e-02
0.750000 25.050000 4.1789719600e-01 2.1696545998e-01 4.708631e-01 2.477e-02
0.750000 25.100000 4.1221180502e-01 2.5559018084e-01 4.850205e-01 2.482e-02
0.750000 25.150000 4.0854686954e-01 2.9542386383e-01 5.041684e-01 2.487e-02
0.750000 25.200000 4.0693917983e-01 3.3662506486e-01 5.281249e-01 2.492e-02
0.750000 25.250000 4.0755227204e-01 3.7939987104e-01 5.568152e-01 2.497e-02
0.750000 25.300000 4.1070519203e-01 4.2394636735e-01 5.902620e-01 2.502e-02
0.750000 25.350000 4.1687483242e-01 4.7038695077e-01 6.285288e-01 2.507e-02
0.750000 25.400000 4.2666955280e-01 5.1870269716e-01 6.716393e-01 2.512e-02
0.750000 25.450000 4.4077913316e-01 5.6868126418e-01 7.195030e-01 2.517e-02
0.750000 25.500000 4.5990901710e-01 6.1988443808e-01 7.718633e-01 2.522e-02
0.750000 25.550000 4.8470576812e-01 6.7163751101e-01 8.282733e-01 2.527e-02
0.750000 25.600000 5.1567894822e-01 7.2304204172e-01 8.880960e-01 2.532e-02
0.750000 25.650000 5.5312535558e-01 7.7301461633e-01 9.505258e-01 2.537e-02
0.750000 25.700000 5.9706506781e-01 8.2035349809e-01 1.014626e+00 2.542e-02
0.750000 25.750000 6.4720213911e-01 8.6383015652e-01 1.079386e+00 2.546e-02
0.750000 25.800000 7.0292207378e-01 9.0229459032e-01 1.143781e+00 2.551e-02
0.750000 25.850000 7.6333134730e-01 9.3477624431e-01 1.206848e+00 2.556e-02
0.750000 25.900000 8.2733318773e-01 9.6056082876e-01 1.267737e+00 2.561e-02
0.750000 25.950000 8.9372360654e-01 9.7922940819e-01 1.325757e+00 2.566e-02
0.750000 26.000000 9.6128739762e-01 9.9065736415e-01 1.380390e+00 2.571e-02
0.750000 26.050000 1.0288774385e+00 9.9498183739e-01 1.431285e+00 2.576e-02
0.750000 26.100000 1.0954696303e+00 9.9255187822e-01 1.478247e+00 2.581e-02
0.750000 26.150000 1.1601949165e+00 9.8387405441e-01 1.521204e+00 2.586e-02
0.750000 26.200000 1.2223543634e+00 9.6956024279e-01 1.560191e+00 2.591e-02
0.750000 26.250000 1.2814221411e+00 9.5027864428e-01 1.595328e+00 2.596e-02
0.750000 26.300000 1.3370371813e+00 9.2670750405e-01 1.626793e+00 2.601e-02
0.750000 26.350000 1.3889817877e+00 8.9949379833e-01 1.654799e+00 2.606e-02
0.750000 26.400000 1.4371473091e+00 8.6922299983e-01 1.679566e+00 2.611e-02
0.750000 26.450000 1.4814923040e+00 8.3640678439e-01 1.701292e+00 2.616e-02
0.750000 26.500000 1.5220035228e+00 8.0149129144e-01 1.720140e+00 2.620e-02
0.750000 26.550000 1.5586705001e+00 7.6488118286e-01 1.736231e+00 2.625e-02
0.750000 26.600000 1.5914793863e+00 7.2696870258e-01 1.749654e+00 2.630e-02
0.750000 26.650000 1.6204235380e+00 6.8815612576e-01 1.760492e+00 2.635e-02
0.750000 26.700000 1.6455221039e+00 6.4886498263e-01 1.768833e+00 2.640e-02
0.750000 26.750000 1.6668370262e+00 6.0953302235e-01 1.774789e+00 2.645e-02
0.750000 26.800000 1.6844834980e+00 5.7060519863e-01 1.778504e+00 2.650e-02
0.750000 26.850000 1.6986353326e+00 5.3252487927e-01 1.780153e+00 2.655e-02
0.750000 26.900000 1.7095302146e+00 4.9572673946e-01 1.779955e+00 2.660e-02
0.750000 26.950000 1.7174779915e+00 4.6062743206e-01 1.778176e+00 2.665e-02
0.750000 27.000000 1.7228695848e+00 4.2760857352e-01 1.775142e+00 2.670e-02
0.750000 27.050000 1.7261792276e+00 3.9699045731e-01 1.771241e+00 2.675e-02
0.750000 27.100000 1.7279527265e+00 3.6900174842e-01 1.766913e+00 2.680e-02
0.750000 27.150000 1.7287801032e+00 3.4375531962e-01 1.762625e+00 2.685e-02
0.750000 27.200000 1.7292589840e+00 3.2123945612e-01 1.758844e+00 2.689e-02
0.750000 27.250000 1.7299601827e+00 3.0132682373e-01 1.756007e+00 2.694e-02
0.750000 27.300000 1.7314054160e+00 2.8379492062e-01 1.754510e+00 2.699e-02
0.750000 27.350000 1.7340596158e+00 2.6834678182e-01 1.754700e+00 2.704e-02
0.750000 27.400000 1.7383315133e+00 2.5462282090e-01 1.756881e+00 2.709e-02
0.750000 27.450000 1.7445717721e+00 2.4220265594e-01 1.761304e+00 2.714e-02
0.750000 27.500000 1.7530609358e+00 2.3060446378e-01 1.768163e+00 2.719e-02
0.750000 27.550000 1.7639880770e+00 2.1929310861e-01 1.777567e+00 2.724e-02
0.750000 27.600000 1.7774298562e+00 2.0770436492e-01 1.789525e+00 2.729e-02
0.750000 27.650000 1.7933430846e+00 1.9528316474e-01 1.803944e+00 2.734e-02
0.750000 27.700000 1.8115795115e+00 1.8152449645e-01 1.820651e+00 2.739e-02
0.750000 27.750000 1.8319218206e+00 1.6600178718e-01 1.839428e+00 2.744e-02
0.750000 27.800000 1.8541300724e+00 1.4837132200e-01 1.860057e+00 2.749e-02
0.750000 27.850000 1.8779830282e+00 1.2835016162e-01 1.882364e+00 2.754e-02
0.750000 27.900000 1.9033005849e+00 1.0567431927e-01 1.906232e+00 2.759e-02
0.750000 27.950000 1.9299398465e+00 8.0049587162e-02 1.931599e+00 2.763e-02
0.750000 28.000000 1.9577643667e+00 5.1108319093e-02 1.958431e+00 2.768e-02
0.750000 28.050000 1.9865911579e+00 1.8383514746e-02 1.986676e+00 2.773e-02
0.750000 28.100000 2.0161232082e+00 -1.8690771777e-02 2.016210e+00 2.778e-02
0.750000 28.150000 2.0458783535e+00 -6.0745603933e-02 2.046780e+00 2.783e-02
0.750000 28.200000 2.0751296775e+00 -1.0840604743e-01 2.077959e+00 2.788e-02
0.750000 28.250000 2.1028767843e+00 -1.6218591227e-01 2.109122e+00 2.793e-02
0.750000 28.300000 2.1278674500e+00 -2.2236275742e-01 2.139454e+00 2.798e-02
0.750000 28.350000 2.1486815196e+00 -2.8885977324e-01 2.168011e+00 2.803e-02
0.750000 28.400000 2.1638730149e+00 -3.6116818256e-01 2.193807e+00 2.808e-02
0.750000 28.450000 2.1721467595e+00 -4.3834003754e-01 2.215934e+00 2.813e-02
0.750000 28.500000 2.1725303365e+00 -5.1906541568e-01 2.233678e+00 2.818e-02
0.750000 28.550000 2.1644983171e+00 -6.0182462494e-01 2.246608e+00 2.823e-02
0.750000 28.600000 2.1480161798e+00 -6.8508384705e-01 2.254620e+00 2.828e-02
0.750000 28.650000 2.1234925592e+00 -7.6749025136e-01 2.257933e+00 2.833e-02
0.750000 28.700000 2.0916522419e+00 -8.4802413447e-01 2.257023e+00 2.837e-02
0.750000 28.750000 2.0533601597e+00 -9.2607904688e-01 2.252534e+00 2.842e-02
0.750000 28.800000 2.0094338061e+00 -1.0014596837e+00 2.245161e+00 2.847e-02
0.750000 28.850000 1.9604785680e+00 -1.0743045235e+00 2.235533e+00 2.852e-02
0.750000 28.900000 1.9067716456e+00 -1.1449517404e+00 2.224116e+00 2.857e-02
0.750000 28.950000 1.8482100082e+00 -1.2137727214e+00 2.211136e+00 2.862e-02
0.750000 29.000000 1.7843283248e+00 -1.2809997712e+00 2.196540e+00 2.867e-02
0.750000 29.050000 1.7143835434e+00 -1.3465749220e+00 2.179994e+00 2.872e-02
0.750000 29.100000 1.6374927295e+00 -1.4100445771e+00 2.160928e+00 2.877e-02
0.750000 29.150000 1.5528007059e+00 -1.4705179977e+00 2.138601e+00 2.882e-02
0.750000 29.200000 1.4596472608e+00 -1.5266954090e+00 2.112195e+00 2.887e-02
0.750000 29.250000 1.3577042390e+00 -1.5769560386e+00 2.080902e+00 2.892e-02
0.750000 29.300000 1.2470623485e+00 -1.6194830695e+00 2.043989e+00 2.897e-02
0.750000 29.350000 1.1282632041e+00 -1.6523970415e+00 2.000848e+00 2.902e-02
0.750000 29.400000 1.0022875281e+00 -1.6738741842e+00 1.951009e+00 2.907e-02
0.750000 29.450000 8.7051882269e-01 -1.6822387784e+00 1.894130e+00 2.911e-02
0.750000 29.500000 7.3470023489e-01 -1.6760322050e+00 1.829991e+00 2.916e-02
0.750000 29.550000 5.9689337284e-01 -1.6540690966e+00 1.758473e+00 2.921e-02
0.750000 29.600000 4.5943798903e-01 -1.6154902405e+00 1.679551e+00 2.926e-02
0.750000 29.650000 3.2490679497e-01 -1.5598155245e+00 1.593295e+00 2.931e-02
0.750000 29.700000 1.9605180693e-01 -1.4869945100e+00 1.499863e+00 2.936e-02
0.750000 29.750000 7.5743634535e-02 -1.3974521819e+00 1.399503e+00 2.941e-02
0.750000 29.800000 -3.3093480894e-02 -1.2921328642e+00 1.292557e+00 2.946e-02
0.750000 29.850000 -1.2755430710e-01 -1.1725504665e+00 1.179468e+00 2.951e-02
0.750000 29.900000 -2.0484796503e-01 -1.0408505912e+00 1.060817e+00 2.956e-02
0.750000 29.950000 -2.6243965407e-01 -8.9987588094e-01 9.373639e-01 2.961e-02
0.750000 30.000000 -2.9825845870e-01 -7.5320439496e-01 8.101080e-01 2.966e-02
0.750000 30.050000 -3.1096970194e-01 -6.0511290738e-01 6.803409e-01 2.971e-02
0.750000 30.100000 -3.0027656529e-01 -4.6041560681e-01 5.496804e-01 2.976e-02
0.750000 30.150000 -2.6718280912e-01 -3.2415088456e-01 4.200720e-01 2.980e-02
0.750000 30.200000 -2.1413254980e-01 -2.0113121900e-01 2.937797e-01 2.985e-02
0.750000 30.250000 -1.4495513856e-01 -9.5419728638e-02 1.735423e-01 2.990e-02
0.750000 30.300000 -6.4583160827e-02 -9.8332565405e-03 6.532746e-02 2.995e-02
0.750000 30.350000 2.1432300996e-02 5.4419126143e-02 5.848748e-02 3.000e-02
0.750000 30.400000 1.0753125571e-01 9.7876458321e-02 1.454055e-01 3.005e-02
0.750000 30.450000 1.8876760407e-01 1.2270769989e-01 2.251453e-01 3.010e-02
0.750000 30.500000 2.6132967054e-01 1.3235583366e-01 2.929356e-01 3.015e-02
0.750000 30.550000 3.2286841955e-01 1.3101570171e-01 3.484381e-01 3.020e-02
0.750000 30.600000 3.7258848587e-01 1.2304698747e-01 3.923809e-01 3.025e-02
0.750000 30.650000 4.1110821955e-01 1.1242774628e-01 4.262041e-01 3.030e-02
0.750000 30.700000 4.4013874074e-01 1.0233439217e-01 4.518788e-01 3.035e-02
0.750000 30.750000 4.6205946006e-01 9.4898955680e-02 4.717041e-01 3.040e-02
0.750000 30.800000 4.7947495557e-01 9.1153871466e-02 4.880628e-01 3.045e-02
0.750000 30.850000 4.9482683912e-01 9.1138243733e-02 5.031499e-01 3.050e-02
0.750000 30.900000 5.1010952973e-01 9.4114917127e-02 5.187190e-01 3.054e-02
0.750000 30.950000 5.2670838715e-01 9.8838694842e-02 5.359019e-01 3.059e-02
0.750000 31.000000 5.4535082999e-01 1.0382240143e-01 5.551456e-01 3.064e-02
0.750000 31.050000 5.6614273430e-01 1.0756472917e-01 5.762706e-01 3.069e-02
0.750000 31.100000 5.8865681074e-01 1.0872466238e-01 5.986133e-01 3.074e-02
0.750000 31.150000 6.1204530550e-01 1.0624424372e-01 6.211983e-01 3.079e-02
0.750000 31.200000 6.3516085116e-01 9.9429729463e-02 6.428962e-01 3.084e-02
0.750000 31.250000 6.5667988294e-01 8.8000505862e-02 6.625500e-01 3.089e-02
0.750000 31.300000 6.7522794430e-01 7.2109394594e-02 6.790674e-01 3.094e-02
0.750000 31.350000 6.8950471167e-01 5.2332712129e-02 6.914879e-01 3.099e-02
0.750000 31.400000 6.9840180950e-01 2.9627638452e-02 6.990300e-01 3.104e-02
0.750000 31.450000 7.0110305289e-01 5.2584120403e-03 7.011228e-01 3.109e-02
0.750000 31.500000 6.9715761447e-01 -1.9301417176e-02 6.974248e-01 3.114e-02
0.750000 31.550000 6.8652133817e-01 -4.2479914414e-02 6.878343e-01 3.119e-02
0.750000 31.600000 6.6956682444e-01 -6.2720765662e-02 6.724980e-01 3.124e-02
0.750000 31.650000 6.4706555823e-01 -7.8593855057e-02 6.518212e-01 3.128e-02
0.750000 31.700000 6.2014419600e-01 -8.8898968066e-02 6.264837e-01 3.133e-02
0.750000 31.750000 5.9021435539e-01 -9.2758744777e-02 5.974589e-01 3.138e-02
0.750000 31.800000 5.5887471482e-01 -8.9693044832e-02 5.660263e-01 3.143e-02
0.750000 31.850000 5.2778852465e-01 -7.9662617252e-02 5.337667e-01 3.148e-02
0.750000 31.900000 4.9854786391e-01 -6.3069822586e-02 5.025214e-01 3.153e-02
0.750000 31.950000 4.7254387854e-01 -4.0710610677e-02 4.742943e-01 3.158e-02
0.750000 32.000000 4.5086468823e-01 -1.3683471638e-02 4.510723e-01 3.163e-02
0.750000 32.050000 4.3423701534e-01 1.6727407617e-02 4.345591e-01 3.168e-02
0.750000 32.100000 4.2301565152e-01 4.9171725372e-02 4.258639e-01 3.173e-02
0.750000 32.150000 4.1721201369e-01 8.2335084116e-02 4.252587e-01 3.178e-02
0.750000 32.200000 4.1654512056e-01 1.1501279565e-01 4.321317e-01 3.183e-02
0.750000 32.250000 4.2049830544e-01 1.4615617746e-01 4.451746e-01 3.188e-02
0.750000 32.300000 4.2837138696e-01 1.7489958395e-01 4.627007e-01 3.193e-02
0.750000 32.350000 4.3932618446e-01 2.0057749519e-01 4.829481e-01 3.198e-02
0.750000 32.400000 4.5242847792e-01 2.2273704020e-01 5.042850e-01 3.202e-02
0.750000 32.450000 4.6668988079e-01 2.4114640110e-01 5.253104e-01 3.207e-02
0.750000 32.500000 4.8111029466e-01 2.5579726364e-01 5.448847e-01 3.212e-02
0.750000 32.550000 4.9471916684e-01 2.6690067273e-01 5.621237e-01 3.217e-02
0.750000 32.600000 5.0661419045e-01 2.7487811720e-01 5.763817e-01 3.222e-02
0.750000 32.650000 5.1599898220e-01 2.8035020357e-01 5.872403e-01 3.227e-02
0.750000 32.700000 5.2222373269e-01 2.8412237631e-01 5.945109e-01 3.232e-02
0.750000 32.750000 5.2483174875e-01 2.8716236941e-01 5.982563e-01 3.237e-02
0.750000 32.800000 5.2360947601e-01 2.9056111795e-01 5.988261e-01 3.242e-02
0.750000 32.850000 5.1863056276e-01 2.9547088466e-01 5.968925e-01 3.247e-02
0.750000 32.900000 5.1028017154e-01 3.0302157586e-01 5.934711e-01 3.252e-02
0.750000 32.950000 4.9924737433e-01 3.1422540592e-01 5.899030e-01 3.257e-02
0.750000 33.000000 4.8648104950e-01 3.2988643219e-01 5.877830e-01 3.262e-02
0.750000 33.050000 4.7311474984e-01 3.5053165104e-01 5.888209e-01 3.267e-02
0.750000 33.100000 4.6037374739e-01 3.7637443078e-01 5.946442e-01 3.272e-02
0.750000 33.150000 4.4947973839e-01 4.0731241280e-01 6.065768e-01 3.276e-02
0.750000 33.200000 4.4156573804e-01 4.4295492313e-01 6.254513e-01 3.281e-02
0.750000 33.250000 4.3760851062e-01 4.8267187957e-01 6.515162e-01 3.286e-02
0.750000 33.300000 4.3838184863e-01 5.2565654663e-01 6.844658e-01 3.291e-02
0.750000 33.350000 4.4443248250e-01 5.7099560996e-01 7.235718e-01 3.296e-02
0.750000 33.400000 4.5608000484e-01 6.1773961317e-01 7.678614e-01 3.301e-02
0.750000 33.450000 4.7344034108e-01 6.6496489911e-01 8.162868e-01 3.306e-02
0.750000 33.500000 4.9646768637e-01 7.1181728730e-01 8.678502e-01 3.311e-02
0.750000 33.550000 5.2500399245e-01 7.5753061847e-01 9.216734e-01 3.316e-02
0.750000 33.600000 5.5882172670e-01 8.0142059270e-01 9.770142e-01 3.321e-02
0.750000 33.650000 5.9764801920e-01 8.4286322779e-01 1.033248e+00 3.326e-02
0.750000 33.700000 6.4116663207e-01 8.8127293598e-01 1.089833e+00 3.331e-02
0.750000 33.750000 6.8900471620e-01 9.1609387621e-01 1.146279e+00 3.336e-02
0.750000 33.800000 7.4071837776e-01 9.4680992124e-01 1.202128e+00 3.341e-02
0.750000 33.850000 7.9579050773e-01 9.7296758894e-01 1.256960e+00 3.346e-02
0.750000 33.900000 8.5364630629e-01 9.9419881056e-01 1.310398e+00 3.350e-02
0.750000 33.950000 9.1368110436e-01 1.0102307266e+00 1.362123e+00 3.355e-02
0.750000 34.000000 9.7528780014e-01 1.0208774547e+00 1.411870e+00 3.360e-02
0.750000 34.050000 1.0378716206e+00 1.0260191456e+00 1.459415e+00 3.365e-02
0.750000 34.100000 1.1008473456e+00 1.0255803968e+00 1.504553e+00 3.370e-02
0.750000 34.150000 1.1636236972e+00 1.0195195054e+00 1.547075e+00 3.375e-02
0.750000 34.200000 1.2255854121e+00 1.0078331874e+00 1.586754e+00 3.380e-02
0.750000 34.250000 1.2860825301e+00 9.9057318588e-01 1.623343e+00 3.385e-02
0.750000 34.300000 1.3444302979e+00 9.6786702141e-01 1.656581e+00 3.390e-02
0.750000 34.350000 1.3999168119e+00 9.3993713760e-01 1.686194e+00 3.395e-02
0.750000 34.400000 1.4518138655e+00 9.0711845188e-01 1.711908e+00 3.400e-02
0.750000 34.450000 1.4993905422e+00 8.6987861441e-01 1.733453e+00 3.405e-02
0.750000 34.500000 1.5419355231e+00 8.2884390040e-01 1.750585e+00 3.410e-02
0.750000 34.550000 1.5787972681e+00 7.8482651728e-01 1.763109e+00 3.415e-02
0.750000 34.600000 1.6094472937e+00 7.3884058830e-01 1.770934e+00 3.419e-02
0.750000 34.650000 1.6335614445e+00 6.9209030226e-01 1.774123e+00 3.424e-02
0.750000 34.700000 1.6511025616e+00 6.4591851876e-01 1.772950e+00 3.429e-02
0.750000 34.750000 1.6623819475e+00 6.0171632489e-01 1.767930e+00 3.434e-02
0.750000 34.800000 1.6680804689e+00 5.6080796020e-01 1.759829e+00 3.439e-02
0.750000 34.850000 1.6692218476e+00 5.2433424113e-01 1.749637e+00 3.444e-02
0.750000 34.900000 1.6671050260e+00 4.9315701612e-01 1.738517e+00 3.449e-02
0.750000 34.950000 1.6632127253e+00 4.6779818781e-01 1.727748e+00 3.454e-02
0.750000 35.000000 1.6591154252e+00 4.4841452866e-01 1.718645e+00 3.459e-02
0.750000 35.050000 1.6563845621e+00 4.3479989854e-01 1.712501e+00 3.464e-02
0.750000 35.100000 1.6565199579e+00 4.2640308944e-01 1.710520e+00 3.469e-02
0.750000 35.150000 1.6608891723e+00 4.2235199506e-01 1.713749e+00 3.474e-02
0.750000 35.200000 1.6706732629e+00 4.2147997478e-01 1.723019e+00 3.479e-02
0.750000 35.250000 1.6868139171e+00 4.2235483014e-01 1.738886e+00 3.484e-02
0.750000 35.300000 1.7099589351e+00 4.2331335661e-01 1.761577e+00 3.489e-02
0.750000 35.350000 1.7404049362e+00 4.2250572394e-01 1.790955e+00 3.493e-02
0.750000 35.400000 1.7780380960e+00 4.1795527329e-01 1.826501e+00 3.498e-02
0.750000 35.450000 1.8222770971e+00 4.0764065978e-01 1.867315e+00 3.503e-02
0.750000 35.500000 1.8720280108e+00 3.8960671243e-01 1.912141e+00 3.508e-02
0.750000 35.550000 1.9256669456e+00 3.6210553860e-01 1.959417e+00 3.513e-02
0.750000 35.600000 1.9810693370e+00 3.2375969643e-01 2.007351e+00 3.518e-02
0.750000 35.650000 2.0357010508e+00 2.7372736779e-01 2.054022e+00 3.523e-02
0.750000 35.700000 2.0867750903e+00 2.1184053279e-01 2.097500e+00 3.528e-02
0.750000 35.750000 2.1314617081e+00 1.3868609115e-01 2.135969e+00 3.533e-02
0.750000 35.800000 2.1671250815e+00 5.5608390760e-02 2.167838e+00 3.538e-02
0.750000 35.850000 2.1915521053e+00 -3.5373050056e-02 2.191838e+00 3.543e-02
0.750000 35.900000 2.2031406976e+00 -1.3172049943e-01 2.207075e+00 3.548e-02
0.750000 35.950000 2.2010242455e+00 -2.3058776703e-01 2.213070e+00 3.553e-02
0.750000 36.000000 2.1851206197e+00 -3.2905615061e-01 2.209758e+00 3.558e-02
0.750000 36.050000 2.1561040689e+00 -4.2437077191e-01 2.197470e+00 3.563e-02
0.750000 36.100000 2.1153047655e+00 -5.1415420797e-01 2.176894e+00 3.567e-02
0.750000 36.150000 2.0645455627e+00 -5.9657622717e-01 2.149012e+00 3.572e-02
0.750000 36.200000 2.0059314850e+00 -6.7045983848e-01 2.115012e+00 3.577e-02
0.750000 36.250000 1.9416156464e+00 -7.3530769308e-01 2.076186e+00 3.582e-02
0.750000 36.300000 1.8735733157e+00 -7.9124213756e-01 2.033800e+00 3.587e-02
0.750000 36.350000 1.8034190242e+00 -8.3886703135e-01 1.988974e+00 3.592e-02
0.750000 36.400000 1.7322959775e+00 -8.7907592285e-01 1.942582e+00 3.597e-02
0.750000 36.450000 1.6608523552e+00 -9.1284306983e-01 1.895182e+00 3.602e-02
0.750000 36.500000 1.5892997199e+00 -9.4103591503e-01 1.847004e+00 3.607e-02
0.750000 36.550000 1.5175316372e+00 -9.6427897052e-01 1.797981e+00 3.612e-02
0.750000 36.600000 1.4452716032e+00 -9.8288342944e-01 1.747819e+00 3.617e-02
0.750000 36.650000 1.3722202617e+00 -9.9684066719e-01 1.696078e+00 3.622e-02
0.750000 36.700000 1.2981799364e+00 -1.0058666431e+00 1.642266e+00 3.627e-02
0.750000 36.750000 1.2231445874e+00 -1.0094799793e+00 1.585917e+00 3.632e-02
0.750000 36.800000 1.1473512761e+00 -1.0070973091e+00 1.526650e+00 3.637e-02
0.750000 36.850000 1.0712939570e+00 -9.9813190215e-01 1.464219e+00 3.641e-02
0.750000 36.900000 9.9570354042e-01 -9.8208339159e-01 1.398540e+00 3.646e-02
0.750000 36.950000 9.2150174754e-01 -9.5860807758e-01 1.329697e+00 3.651e-02
0.750000 37.000000 8.4974047626e-01 -9.2756284466e-01 1.257947e+00 3.656e-02
0.750000 37.050000 7.8154089538e-01 -8.8902246085e-01 1.183709e+00 3.661e-02
0.750000 37.100000 7.1804424736e-01 -8.4327836810e-01 1.107568e+00 3.666e-02
0.750000 37.150000 6.6037838358e-01 -7.9083290414e-01 1.030299e+00 3.671e-02
0.750000 37.200000 6.0963315386e-01 -7.3240201508e-01 9.529246e-01 3.676e-02
0.750000 37.250000 5.6682955839e-01 -6.6893081256e-01 8.767920e-01 3.681e-02
0.750000 37.300000 5.3286736306e-01 -6.0161329498e-01 8.036704e-01 3.686e-02
0.750000 37.350000 5.0844519584e-01 -5.3189690475e-01 7.358198e-01 3.691e-02
0.750000 37.400000 4.9396224664e-01 -4.6145059199e-01 6.759699e-01 3.696e-02
0.750000 37.450000 4.8942431647e-01 -3.9208378432e-01 6.271091e-01 3.701e-02
0.750000 37.500000 4.9438224322e-01 -3.2561963889e-01 5.919814e-01 3.706e-02
0.750000 37.550000 5.0792500308e-01 -2.6374200220e-01 5.723178e-01 3.711e-02
0.750000 37.600000 5.2873585561e-01 -2.0784473385e-01 5.681206e-01 3.715e-02
0.750000 37.650000 5.5520413354e-01 -1.5891146473e-01 5.774985e-01 3.720e-02
0.750000 37.700000 5.8557381439e-01 -1.1744541696e-01 5.972354e-01 3.725e-02
0.750000 37.750000 6.1810557538e-01 -8.3457593913e-02 6.237144e-01 3.730e-02
0.750000 37.800000 6.5123027427e-01 -5.6512029028e-02 6.536777e-01 3.735e-02
0.750000 37.850000 6.8367529487e-01 -3.5820480474e-02 6.846130e-01 3.740e-02
0.750000 37.900000 7.1454846882e-01 -2.0374571775e-02 7.148389e-01 3.745e-02
0.750000 37.950000 7.4336758229e-01 -9.0986863181e-03 7.434233e-01 3.750e-02
0.750000 38.000000 7.7002908823e-01 -1.0015347725e-03 7.700297e-01 3.755e-02
0.750000 38.050000 7.9471936252e-01 4.6993241482e-03 7.947333e-01 3.760e-02
0.750000 38.100000 8.1778455454e-01 8.5038130098e-03 8.178288e-01 3.765e-02
0.750000 38.150000 8.3958642795e-01 1.0620647760e-02 8.396536e-01 3.770e-02
0.750000 38.200000 8.6037615046e-01 1.1022043874e-02 8.604467e-01 3.775e-02
0.750000 38.250000 8.8021265953e-01 9.5439235524e-03 8.802644e-01 3.780e-02
0.750000 38.300000 8.9893846600e-01 6.0033696517e-03 8.989585e-01 3.785e-02
0.750000 38.350000 9.1620915135e-01 3.0461719651e-04 9.162092e-01 3.789e-02
0.750000 38.400000 9.3156011092e-01 -7.4864815774e-03 9.315902e-01 3.794e-02
0.750000 38.450000 9.4448954456e-01 -1.7106784109e-02 9.446445e-01 3.799e-02
0.750000 38.500000 9.5454002680e-01 -2.8095350013e-02 9.549534e-01 3.804e-02
0.750000 38.550000 9.6136821402e-01 -3.9819231663e-02 9.621925e-01 3.809e-02
0.750000 38.600000 9.6479858475e-01 -5.1516879930e-02 9.661730e-01 3.814e-02
0.750000 38.650000 9.6485999848e-01 -6.2352928535e-02 9.668726e-01 3.819e-02
0.750000 38.700000 9.6180405141e-01 -7.1479499065e-02 9.644565e-01 3.824e-02
0.750000 38.750000 9.5610442015e-01 -7.8098444208e-02 9.592888e-01 3.829e-02
0.750000 38.800000 9.4843865958e-01 -8.1517808796e-02 9.519354e-01 3.834e-02
0.750000 38.850000 9.3965775155e-01 -8.1196879399e-02 9.431594e-01 3.839e-02
0.750000 38.900000 9.3075132212e-01 -7.6778570889e-02 9.339127e-01 3.844e-02
0.750000 38.950000 9.2281505264e-01 -6.8113717257e-02 9.253254e-01 3.849e-02
0.750000 39.000000 9.1702104604e-01 -5.5285325066e-02 9.186861e-01 3.854e-02
0.750000 39.050000 9.1458467684e-01 -3.8638973382e-02 9.154005e-01 3.859e-02
0.750000 39.100000 9.1671732492e-01 -1.8818425370e-02 9.169105e-01 3.863e-02
0.750000 39.150000 9.2455660786e-01 3.2031833017e-03 9.245622e-01 3.868e-02
0.750000 39.200000 9.3907383699e-01 2.6111384839e-02 9.394368e-01 3.873e-02
0.750000 39.250000 9.6096830423e-01 4.8270780933e-02 9.621799e-01 3.878e-02
0.750000 39.300000 9.9056433797e-01 6.7783109449e-02 9.928808e-01 3.883e-02
0.750000 39.350000 1.0277266743e+00 8.2578616372e-02 1.031039e+00 3.888e-02
0.750000 39.400000 1.0718035326e+00 9.0530067335e-02 1.075620e+00 3.893e-02
0.750000 39.450000 1.1215992229e+00 8.9578527443e-02 1.125171e+00 3.898e-02
0.750000 39.500000 1.1753739499e+00 7.7864558519e-02 1.177950e+00 3.903e-02
0.750000 39.550000 1.2308697829e+00 5.3863330906e-02 1.232048e+00 3.908e-02
0.750000 39.600000 1.2853665748e+00 1.6522983839e-02 1.285473e+00 3.913e-02
0.750000 39.650000 1.3357754083e+00 -3.4598919736e-02 1.336223e+00 3.918e-02
0.750000 39.700000 1.3787759916e+00 -9.9213248035e-02 1.382341e+00 3.923e-02
0.750000 39.750000 1.4109976175e+00 -1.7620922945e-01 1.421958e+00 3.928e-02
0.750000 39.800000 1.4292338326e+00 -2.6361409545e-01 1.453342e+00 3.933e-02
0.750000 39.850000 1.4306733840e+00 -3.5861424999e-01 1.474934e+00 3.937e-02
0.750000 39.900000 1.4131274190e+00 -4.5764135077e-01 1.485384e+00 3.942e-02
0.750000 39.950000 1.3752350206e+00 -5.5651976662e-01 1.483572e+00 3.947e-02
0.750000 40.000000 1.3166328826e+00 -6.5066869412e-01 1.468636e+00 3.952e-02
0.750000 40.050000 1.2380768085e+00 -7.3535172649e-01 1.439992e+00 3.957e-02
0.750000 40.100000 1.1415016959e+00 -8.0596556816e-01 1.397357e+00 3.962e-02
0.750000 40.150000 1.0300048241e+00 -8.5835500062e-01 1.340777e+00 3.967e-02
0.750000 40.200000 9.0773845008e-01 -8.8913305219e-01 1.270648e+00 3.972e-02
0.750000 40.250000 7.7970467693e-01 -8.9597671519e-01 1.187735e+00 3.977e-02
0.750000 40.300000 6.5145788845e-01 -8.7786388753e-01 1.093180e+00 3.982e-02
0.750000 40.350000 5.2873425525e-01 -8.3521938871e-01 9.885097e-01 3.987e-02
0.750000 40.400000 4.1703950888e-01 -7.6994658269e-01 8.756367e-01 3.992e-02
0.750000 40.450000 3.2123267682e-01 -6.8533332172e-01 7.568832e-01 3.997e-02
0.750000 40.500000 2.4514501886e-01 -5.8583323383e-01 6.350564e-01 4.002e-02
0.750000 40.550000 1.9127210997e-01 -4.7673438905e-01 5.136737e-01 4.007e-02
0.750000 40.600000 1.6057436866e-01 -3.6373810997e-01 3.976048e-01 4.011e-02
0.750000 40.650000 1.5241634747e-01 -2.5248283769e-01 2.949209e-01 4.016e-02
0.750000 40.700000 1.6466467410e-01 -1.4806119365e-01 2.214420e-01 4.021e-02
0.750000 40.750000 1.9394604289e-01 -5.4588847545e-02 2.014820e-01 4.026e-02
0.750000 40.800000 2.3604111332e-01 2.5114630433e-02 2.373734e-01 4.031e-02
0.750000 40.850000 2.8636349967e-01 8.9685008054e-02 3.000791e-01 4.036e-02
0.750000 40.900000 3.4045419944e-01 1.3919086275e-01 3.678086e-01 4.041e-02
0.750000 40.950000 3.9441851816e-01 1.7494103547e-01 4.314746e-01 4.046e-02
0.750000 41.000000 4.4524700279e-01 1.9916462485e-01 4.877617e-01 4.051e-02
0.750000 41.050000 4.9098922682e-01 2.1462444635e-01 5.358489e-01 4.056e-02
0.750000 41.100000 5.3077976455e-01 2.2422643005e-01 5.761984e-01 4.061e-02
0.750000 41.150000 5.6473957829e-01 2.3067480100e-01 6.100341e-01 4.066e-02
0.750000 41.200000 5.9378802789e-01 2.3620367582e-01 6.390433e-01 4.071e-02
0.750000 41.250000 6.1940168164e-01 2.4239800482e-01 6.651430e-01 4.076e-02
0.750000 41.300000 6.4335123461e-01 2.5010506813e-01 6.902560e-01 4.081e-02
0.750000 41.350000 6.6744260201e-01 2.5943152083e-01 7.160896e-01 4.085e-02
0.750000 41.400000 6.9328504921e-01 2.6981674061e-01 7.439390e-01 4.090e-02
0.750000 41.450000 7.2210664933e-01 2.8016787329e-01 7.745528e-01 4.095e-02
0.750000 41.500000 7.5463233258e-01 2.8903543241e-01 8.080912e-01 4.100e-02
0.750000 41.550000 7.9103066842e-01 2.9480350985e-01 8.441793e-01 4.105e-02
0.750000 41.600000 8.3092395021e-01 2.9586906875e-01 8.820278e-01 4.110e-02
0.750000 41.650000 8.7344630049e-01 2.9079154423e-01 9.205803e-01 4.115e-02
0.750000 41.700000 9.1733032535e-01 2.7840463764e-01 9.586470e-01 4.120e-02
0.750000 41.750000 9.6100534890e-01 2.5789211963e-01 9.950073e-01 4.125e-02
0.750000 41.800000 1.0026968938e+00 2.2883475816e-01 1.028478e+00 4.130e-02
0.750000 41.850000 1.0405234971e+00 1.9123539375e-01 1.057951e+00 4.135e-02
0.750000 41.900000 1.0725899993e+00 1.4552621573e-01 1.082417e+00 4.140e-02
0.750000 41.950000 1.0970761046e+00 9.2560093711e-02 1.100974e+00 4.145e-02
0.750000 42.000000 1.1123179919e+00 3.3588304429e-02 1.112825e+00 4.150e-02
0.750000 42.050000 1.1168819872e+00 -2.9771069403e-02 1.117279e+00 4.154e-02
0.750000 42.100000 1.1096332646e+00 -9.5569689165e-02 1.113741e+00 4.159e-02
0.750000 42.150000 1.0898064359e+00 -1.6157028945e-01 1.101718e+00 4.164e-02
0.750000 42.200000 1.0570844899e+00 -2.2530029020e-01 1.080827e+00 4.169e-02
0.750000 42.250000 1.0116853958e+00 -2.8413195443e-01 1.050827e+00 4.174e-02
0.750000 42.300000 9.5444358330e-01 -3.3540376137e-01 1.011661e+00 4.179e-02
0.750000 42.350000 8.8686213778e-01 -3.7658886457e-01 9.635059e-01 4.184e-02
0.750000 42.400000 8.1110751826e-01 -4.0550057278e-01 9.068220e-01 4.189e-02
0.750000 42.450000 7.2992552013e-01 -4.2050810148e-01 8.423885e-01 4.194e-02
0.750000 42.500000 6.4647337571e-01 -4.2072572893e-01 7.713222e-01 4.199e-02
0.750000 42.550000 5.6408218050e-01 -4.0613924814e-01 6.950811e-01 4.204e-02
0.750000 42.600000 4.8597910182e-01 -3.7764437708e-01 6.154600e-01 4.209e-02
0.750000 42.650000 4.1500570001e-01 -3.3698756147e-01 5.345936e-01 4.214e-02
0.750000 42.700000 3.5336734323e-01 -2.8661453435e-01 4.549905e-01 4.219e-02
0.750000 42.750000 3.0244261327e-01 -2.2944273260e-01 3.796255e-01 4.224e-02
0.750000 42.800000 2.6267447294e-01 -1.6858050651e-01 3.121174e-01 4.228e-02
0.750000 42.850000 2.3355802165e-01 -1.0702132928e-01 2.569103e-01 4.233e-02
0.750000 42.900000 2.1373134235e-01 -4.7346349634e-02 2.189127e-01 4.238e-02
0.750000 42.950000 2.0116405262e-01 8.5278098189e-03 2.013447e-01 4.243e-02
0.750000 43.000000 1.9342282274e-01 5.9520824042e-02 2.023737e-01 4.248e-02
0.750000 43.050000 1.8797806587e-01 1.0545494725e-01 2.155377e-01 4.253e-02
0.750000 43.100000 1.8250716377e-01 1.4700878742e-01 2.343511e-01 4.258e-02
0.750000 43.150000 1.7515155361e-01 1.8557251413e-01 2.551768e-01 4.263e-02
0.750000 43.200000 1.6469781731e-01 2.2303494847e-01 2.772543e-01 4.268e-02
0.750000 43.250000 1.5067148637e-01 2.6153933098e-01 3.018356e-01 4.273e-02
0.750000 43.300000 1.3334897559e-01 3.0323999229e-01 3.312649e-01 4.278e-02
0.750000 43.350000 1.1370200893e-01 3.5008122088e-01 3.680829e-01 4.283e-02
0.750000 43.400000 9.3289195782e-02 4.0360931086e-01 4.142503e-01 4.288e-02
0.750000 43.450000 7.4105195850e-02 4.6482415952e-01 4.706943e-01 4.293e-02
0.750000 43.500000 5.8395257686e-02 5.3407810704e-01 5.372610e-01 4.298e-02
0.750000 43.550000 4.8445666959e-02 6.1103268919e-01 6.129502e-01 4.302e-02
0.750000 43.600000 4.6367877185e-02 6.9468309819e-01 6.962288e-01 4.307e-02
0.750000 43.650000 5.3900953116e-02 7.8345266087e-01 7.853046e-01 4.312e-02
0.750000 43.700000 7.2258097051e-02 8.7534752445e-01 8.783248e-01 4.317e-02
0.750000 43.750000 1.0203636585e-01 9.6815038791e-01 9.735125e-01 4.322e-02
0.750000 43.800000 1.4319680963e-01 1.0596267171e+00 1.069259e+00 4.327e-02
0.750000 43.850000 1.9511062292e-01 1.1477190004e+00 1.164185e+00 4.332e-02
0.750000 43.900000 2.5666008401e-01 1.2307113660e+00 1.257189e+00 4.337e-02
0.750000 43.950000 3.2638178958e-01 1.3073532602e+00 1.347478e+00 4.342e-02
0.750000 44.000000 4.0264065175e-01 1.3769334683e+00 1.434596e+00 4.347e-02
0.750000 44.050000 4.8382175040e-01 1.4392952565e+00 1.518438e+00 4.352e-02
0.750000 44.100000 5.6852138908e-01 1.4947841613e+00 1.599249e+00 4.357e-02
0.750000 44.150000 6.5571114133e-01 1.5441265510e+00 1.677583e+00 4.362e-02
0.750000 44.200000 7.4484518925e-01 1.5882505759e+00 1.754233e+00 4.367e-02
0.750000 44.250000 8.3588722206e-01 1.6280773392e+00 1.830121e+00 4.372e-02
0.750000 44.300000 9.2924946881e-01 1.6643215096e+00 1.906166e+00 4.376e-02
0.750000 44.350000 1.0256581038e+00 1.6973405734e+00 1.983164e+00 4.381e-02
0.750000 44.400000 1.1259776785e+00 1.7270589125e+00 2.061688e+00 4.386e-02
0.750000 44.450000 1.2310347470e+00 1.7529716560e+00 2.142045e+00 4.391e-02
0.750000 44.500000 1.3414748828e+00 1.7742123743e+00 2.224272e+00 4.396e-02
0.750000 44.550000 1.4576714883e+00 1.7896561411e+00 2.308176e+00 4.401e-02
0.750000 44.600000 1.5796867431e+00 1.7980285999e+00 2.393390e+00 4.406e-02
0.750000 44.650000 1.7072719294e+00 1.7980001335e+00 2.479432e+00 4.411e-02
0.750000 44.700000 1.8398895873e+00 1.7882562357e+00 2.565746e+00 4.416e-02
0.750000 44.750000 1.9767422471e+00 1.7675451439e+00 2.651740e+00 4.421e-02
0.750000 44.800000 2.1167979922e+00 1.7347091077e+00 2.736795e+00 4.426e-02
0.750000 44.850000 2.2588083204e+00 1.6887071046e+00 2.820274e+00 4.431e-02
0.750000 44.900000 2.4013175236e+00 1.6286365547e+00 2.901514e+00 4.436e-02
0.750000 44.950000 2.5426659261e+00 1.5537609976e+00 2.979819e+00 4.441e-02
0.750000 45.000000 2.6809928106e+00 1.4635492755e+00 3.054456e+00 4.446e-02
0.750000 45.050000 2.8142481935e+00 1.3577281798e+00 3.124647e+00 4.450e-02
0.750000 45.100000 2.9402236918e+00 1.2363445127e+00 3.189587e+00 4.455e-02
0.750000 45.150000 3.0566095438e+00 1.0998260527e+00 3.248458e+00 4.460e-02
0.750000 45.200000 3.1610775575e+00 9.4902741777e-01 3.300464e+00 4.465e-02
0.750000 45.250000 3.2513813319e+00 7.8524888652e-01 3.344861e+00 4.470e-02
0.750000 45.300000 3.3254598863e+00 6.1022347294e-01 3.380984e+00 4.475e-02
0.750000 45.350000 3.3815317564e+00 4.2607631893e-01 3.408269e+00 4.480e-02
0.750000 45.400000 3.4181730507e+00 2.3526589611e-01 3.426260e+00 4.485e-02
0.750000 45.450000 3.4343807898e+00 4.0515623185e-02 3.434620e+00 4.490e-02
0.750000 45.500000 3.4296269654e+00 -1.5526169565e-01 3.433140e+00 4.495e-02
0.750000 45.550000 3.4039063786e+00 -3.4905121143e-01 3.421756e+00 4.500e-02
0.750000 45.600000 3.3577738837e+00 -5.3784237266e-01 3.400576e+00 4.505e-02
0.750000 45.650000 3.2923590203e+00 -7.1875722997e-01 3.369902e+00 4.510e-02
0.750000 45.700000 3.2093433221e+00 -8.8919434824e-01 3.330248e+00 4.515e-02
0.750000 45.750000 3.1108900368e+00 -1.0469725693e+00 3.282345e+00 4.520e-02
0.750000 45.800000 2.9995255497e+00 -1.1904542650e+00 3.227125e+00 4.524e-02
0.750000 45.850000 2.8779817413e+00 -1.3186296825e+00 3.165685e+00 4.529e-02
0.750000 45.900000 2.7490146914e+00 -1.4311503704e+00 3.099238e+00 4.534e-02
0.750000 45.950000 2.6152166355e+00 -1.5283063681e+00 3.029039e+00 4.539e-02
0.750000 46.000000 2.4788373523e+00 -1.6109460257e+00 2.956312e+00 4.544e-02
0.750000 46.050000 2.3416316498e+00 -1.6803395431e+00 2.882148e+00 4.549e-02
0.750000 46.100000 2.2047525033e+00 -1.7379909956e+00 2.807409e+00 4.554e-02
0.750000 46.150000 2.0687120298e+00 -1.7854119558e+00 2.732630e+00 4.559e-02
0.750000 46.200000 1.9334297654e+00 -1.8238825982e+00 2.657950e+00 4.564e-02
0.750000 46.250000 1.7983757501e+00 -1.8542385675e+00 2.583090e+00 4.569e-02
0.750000 46.300000 1.6627955173e+00 -1.8767266314e+00 2.507387e+00 4.574e-02
0.750000 46.350000 1.5259815588e+00 -1.8909638396e+00 2.429890e+00 4.579e-02
0.750000 46.400000 1.3875403301e+00 -1.8960137558e+00 2.349497e+00 4.584e-02
0.750000 46.450000 1.2476025722e+00 -1.8905658982e+00 2.265116e+00 4.589e-02
0.750000 46.500000 1.1069389232e+00 -1.8731807595e+00 2.175803e+00 4.594e-02
0.750000 46.550000 9.6696699719e-01 -1.8425511128e+00 2.080870e+00 4.598e-02
0.750000 46.600000 8.2966102716e-01 -1.7977335658e+00 1.979945e+00 4.603e-02
0.750000 46.650000 6.9739243035e-01 -1.7383189454e+00 1.872995e+00 4.608e-02
0.750000 46.700000 5.7273554388e-01 -1.6645287040e+00 1.760307e+00 4.613e-02
0.750000 46.750000 4.5826902193e-01 -1.5772402217e+00 1.642467e+00 4.618e-02
0.750000 46.800000 3.5639477854e-01 -1.4779532466e+00 1.520317e+00 4.623e-02
0.750000 46.850000 2.6918737866e-01 -1.3687133176e+00 1.394933e+00 4.628e-02
0.750000 46.900000 1.9827936894e-01 -1.2520082399e+00 1.267612e+00 4.633e-02
0.750000 46.950000 1.4478188740e-01 -1.1306521745e+00 1.139884e+00 4.638e-02
0.750000 47.000000 1.0923444675e-01 -1.0076685056e+00 1.013572e+00 4.643e-02
0.750000 47.050000 9.1574068224e-02 -8.8617650928e-01 8.908954e-01 4.648e-02
0.750000 47.100000 9.1114438806e-02 -7.6927859943e-01 7.746557e-01 4.653e-02
0.750000 47.150000 1.0653233982e-01 -6.5993786203e-01 6.684812e-01 4.658e-02
0.750000 47.200000 1.3586999404e-01 -5.6083449174e-01 5.770580e-01 4.663e-02
0.750000 47.250000 1.7657307847e-01 -4.7419779697e-01 5.060055e-01 4.668e-02
0.750000 47.300000 2.2558802732e-01 -4.0162631116e-01 4.606448e-01 4.672e-02
0.750000 47.350000 2.7953412812e-01 -3.4392584796e-01 4.431978e-01 4.677e-02
0.750000 47.400000 3.3494657006e-01 -3.0100532270e-01 4.503259e-01 4.682e-02
0.750000 47.450000 3.8856286507e-01 -2.7186634280e-01 4.742282e-01 4.687e-02
0.750000 47.500000 4.3760678407e-01 -2.5470450823e-01 5.063340e-01 4.692e-02
0.750000 47.550000 4.8001905099e-01 -2.4711427092e-01 5.398924e-01 4.697e-02
0.750000 47.600000 5.1459451353e-01 -2.4636487858e-01 5.705288e-01 4.702e-02
0.750000 47.650000 5.4100672596e-01 -2.4970083149e-01 5.958513e-01 4.707e-02
0.750000 47.700000 5.5972444259e-01 -2.5461964954e-01 6.149168e-01 4.712e-02
0.750000 47.750000 5.7184281202e-01 -2.5908992072e-01 6.277992e-01 4.717e-02
0.750000 47.800000 5.7886163600e-01 -2.6168761233e-01 6.352647e-01 4.722e-02
0.750000 47.850000 5.8244503973e-01 -2.6164307214e-01 6.385134e-01 4.727e-02
0.750000 47.900000 5.8419460752e-01 -2.5880278324e-01 6.389540e-01 4.732e-02
0.750000 47.950000 5.8546384489e-01 -2.5351948096e-01 6.379969e-01 4.737e-02
0.750000 48.000000 5.8723561020e-01 -2.4649300710e-01 6.368708e-01 4.742e-02
0.750000 48.050000 5.9007430647e-01 -2.3859170568e-01 6.364854e-01 4.746e-02
0.750000 48.100000 5.9415064920e-01 -2.3068731227e-01 6.373630e-01 4.751e-02
0.750000 48.150000 5.9932135790e-01 -2.2353177616e-01 6.396503e-01 4.756e-02
0.750000 48.200000 6.0523452691e-01 -2.1769147219e-01 6.431939e-01 4.761e-02
0.750000 48.250000 6.1142901079e-01 -2.1353633129e-01 6.476443e-01 4.766e-02
0.750000 48.300000 6.1740469398e-01 -2.1126537970e-01 6.525501e-01 4.771e-02
0.750000 48.350000 6.2265657949e-01 -2.1094272119e-01 6.574177e-01 4.776e-02
0.750000 48.400000 6.2668200284e-01 -2.1252191033e-01 6.617370e-01 4.781e-02
0.750000 48.450000 6.2897972022e-01 -2.1584916280e-01 6.649860e-01 4.786e-02
0.750000 48.500000 6.2905876887e-01 -2.2065015209e-01 6.666344e-01 4.791e-02
0.750000 48.550000 6.2646591661e-01 -2.2651433163e-01 6.661594e-01 4.796e-02
0.750000 48.600000 6.2082905948e-01 -2.3289144846e-01 6.630740e-01 4.801e-02
0.750000 48.650000 6.1190604964e-01 -2.3910872979e-01 6.569642e-01 4.806e-02
0.750000 48.700000 5.9962689701e-01 -2.4440887594e-01 6.475246e-01 4.811e-02
0.750000 48.750000 5.8412073893e-01 -2.4800306708e-01 6.345885e-01 4.816e-02
0.750000 48.800000 5.6572374179e-01 -2.4913140310e-01 6.181503e-01 4.820e-02
0.750000 48.850000 5.4496718687e-01 -2.4712405612e-01 5.983808e-01 4.825e-02
0.750000 48.900000 5.2254604348e-01 -2.4145718180e-01 5.756352e-01 4.830e-02
0.750000 48.950000 4.9926929993e-01 -2.3179692362e-01 5.504540e-01 4.835e-02
0.750000 49.000000 4.7599626785e-01 -2.1802382855e-01 5.235521e-01 4.840e-02
0.750000 49.050000 4.5356791600e-01 -2.0023135262e-01 4.957988e-01 4.845e-02
0.750000 49.100000 4.3274632954e-01 -1.7869755764e-01 4.681903e-01 4.850e-02
0.750000 49.150000 4.1417509427e-01 -1.5383733277e-01 4.418223e-01 4.855e-02
0.750000 49.200000 3.9836717545e-01 -1.2614951384e-01 4.178637e-01 4.860e-02
0.750000 49.250000 3.8571674583e-01 -9.6174776542e-02 3.975261e-01 4.865e-02
0.750000 49.300000 3.7652235125e-01 -6.4474474854e-02 3.820027e-01 4.870e-02
0.750000 49.350000 3.7100569751e-01 -3.1630170116e-02 3.723516e-01 4.875e-02
0.750000 49.400000 3.6931494207e-01 1.7461287444e-03 3.693191e-01 4.880e-02
0.750000 49.450000 3.7151100057e-01 3.5004901971e-02 3.731565e-01 4.885e-02
0.750000 49.500000 3.7754452532e-01 6.7465562651e-02 3.835251e-01 4.890e-02
0.750000 49.550000 3.8723497303e-01 9.8438481861e-02 3.995511e-01 4.894e-02
0.750000 49.600000 4.0026024941e-01 1.2725701240e-01 4.200031e-01 4.899e-02
0.750000 49.650000 4.1615869908e-01 1.5331121335e-01 4.435002e-01 4.904e-02
0.750000 49.700000 4.3433962617e-01 1.7607788395e-01 4.686729e-01 4.909e-02
0.750000 49.750000 4.5409762397e-01 1.9514689900e-01 4.942539e-01 4.914e-02
0.750000 49.800000 4.7462960047e-01 2.1024717128e-01 5.191119e-01 4.919e-02
0.750000 49.850000 4.9505799381e-01 2.2127422324e-01 5.422589e-01 4.924e-02
0.750000 49.900000 5.1446510545e-01 2.2831643601e-01 5.628523e-01 4.929e-02
0.750000 49.950000 5.3194001213e-01 2.3167252018e-01 5.802003e-01 4.934e-02
0.750000 50.000000 5.4663318492e-01 2.3185249752e-01 5.937705e-01 4.939e-02
0.750000 50.050000 5.5780913093e-01 2.2955940381e-01 6.031986e-01 4.944e-02
0.750000 50.100000 5.6488768093e-01 2.2565617291e-01 6.082917e-01 4.949e-02
0.750000 50.150000 5.6747015635e-01 2.2112704397e-01 6.090316e-01 4.954e-02
0.750000 50.200000 5.6535406281e-01 2.1704206904e-01 6.055844e-01 4.959e-02
0.750000 50.250000 5.5854433559e-01 2.1452737145e-01 5.983258e-01 4.964e-02
0.750000 50.300000 5.4726765187e-01 2.1473670452e-01 5.878892e-01 4.968e-02
0.750000 50.350000 5.3199004650e-01 2.1881638047e-01 5.752339e-01 4.973e-02
0.750000 50.400000 5.1343136777e-01 2.2785808788e-01 5.617215e-01 4.978e-02
0.750000 50.450000 4.9256756260e-01 2.4284073096e-01 5.491761e-01 4.983e-02
0.750000 50.500000 4.7061502603e-01 2.6456860839e-01 5.398843e-01 4.988e-02
0.750000 50.550000 4.4899786296e-01 2.9361479196e-01 5.364781e-01 4.993e-02
0.750000 50.600000 4.2930410878e-01 3.3027459794e-01 5.416487e-01 4.998e-02
0.750000 50.650000 4.1323697575e-01 3.7452768665e-01 5.577058e-01 5.003e-02
0.750000 50.700000 4.0256198777e-01 4.2600353379e-01 5.861187e-01 5.008e-02
0.750000 50.750000 3.9904425520e-01 4.8394711074e-01 6.272489e-01 5.013e-02
0.750000 50.800000 4.0436725905e-01 5.4718888241e-01 6.803885e-01 5.018e-02
0.750000 50.850000 4.2002833182e-01 6.1413127578e-01 7.440303e-01 5.023e-02
0.750000 50.900000 4.4721528759e-01 6.8276733776e-01 8.161941e-01 5.028e-02
0.750000 50.950000 4.8667867621e-01 7.5074369074e-01 8.946911e-01 5.033e-02
0.750000 51.000000 5.3861981235e-01 8.1547061625e-01 9.772940e-01 5.038e-02
0.750000 51.050000 6.0261373999e-01 8.7427168268e-01 1.061835e+00 5.042e-02
0.750000 51.100000 6.7758024805e-01 9.2455822356e-01 1.146265e+00 5.047e-02
0.750000 51.150000 7.6180890459e-01 9.6401170967e-01 1.228687e+00 5.052e-02
0.750000 51.200000 8.5303901956e-01 9.9075774586e-01 1.307393e+00 5.057e-02
0.750000 51.250000 9.4859260089e-01 1.0035157870e+00 1.380895e+00 5.062e-02
0.750000 51.300000 1.0455550012e+00 1.0017071284e+00 1.447965e+00 5.067e-02
0.750000 51.350000 1.1409910797e+00 9.8550214794e-01 1.507672e+00 5.072e-02
0.750000 51.400000 1.2321742119e+00 9.5579044194e-01 1.559419e+00 5.077e-02
0.750000 51.450000 1.3167953386e+00 9.1406784240e-01 1.602957e+00 5.082e-02
0.750000 51.500000 1.3931157242e+00 8.6225170398e-01 1.638368e+00 5.087e-02
0.750000 51.550000 1.4600348270e+00 8.0245472761e-01 1.666024e+00 5.092e-02
0.750000 51.600000 1.5170632688e+00 7.3675990233e-01 1.686504e+00 5.097e-02
0.750000 51.650000 1.5642142015e+00 6.6703875684e-01 1.700502e+00 5.102e-02
0.750000 51.700000 1.6018454017e+00 5.9484145480e-01 1.708726e+00 5.107e-02
0.750000 51.750000 1.6304919848e+00 5.2136590342e-01 1.711820e+00 5.112e-02
0.750000 51.800000 1.6507239944e+00 4.4749272255e-01 1.710304e+00 5.116e-02
0.750000 51.850000 1.6630485914e+00 3.7386093866e-01 1.704553e+00 5.121e-02
0.750000 51.900000 1.6678605524e+00 3.0095797729e-01 1.694796e+00 5.126e-02
0.750000 51.950000 1.6654335434e+00 2.2920398900e-01 1.681132e+00 5.131e-02
0.750000 52.000000 1.6559402595e+00 1.5901923992e-01 1.663558e+00 5.136e-02
0.750000 52.050000 1.6394899271e+00 9.0869880873e-02 1.642006e+00 5.141e-02
0.750000 52.100000 1.6161732317e+00 2.5290954665e-02 1.616371e+00 5.146e-02
0.750000 52.150000 1.5861053653e+00 -3.7112047225e-02 1.586539e+00 5.151e-02
0.750000 52.200000 1.5494584416e+00 -9.5678217003e-02 1.552410e+00 5.156e-02
0.750000 52.250000 1.5064774548e+00 -1.4971342876e-01 1.513898e+00 5.161e-02
0.750000 52.300000 1.4574806171e+00 -1.9850749447e-01 1.470937e+00 5.166e-02
0.750000 52.350000 1.4028534316e+00 -2.4133649365e-01 1.423461e+00 5.171e-02
0.750000 52.400000 1.3430516412e+00 -2.7744915100e-01 1.371410e+00 5.176e-02
0.750000 52.450000 1.2786266598e+00 -3.0604793801e-01 1.314744e+00 5.181e-02
0.750000 52.500000 1.2102770846e+00 -3.2628441097e-01 1.253488e+00 5.186e-02
0.750000 52.550000 1.1389151708e+00 -3.3728848121e-01 1.187809e+00 5.190e-02
0.750000 52.600000 1.0657248113e+00 -3.3824120492e-01 1.118113e+00 5.195e-02
0.750000 52.650000 9.9218422471e-01 -3.2848409552e-01 1.045147e+00 5.200e-02
0.750000 52.700000 9.2003451432e-01 -3.0764234069e-01 9.701069e-01 5.205e-02
0.750000 52.750000 8.5119125399e-01 -2.7573170719e-01 8.947371e-01 5.210e-02
0.750000 52.800000 7.8761328305e-01 -2.3322230648e-01 8.214179e-01 5.215e-02
0.750000 52.850000 7.3115415700e-01 -1.8104444602e-01 7.532354e-01 5.220e-02
0.750000 52.900000 6.8342396684e-01 -1.2053674805e-01 6.939722e-01 5.225e-02
0.750000 52.950000 6.4568378896e-01 -5.3348901808e-02 6.478840e-01 5.230e-02
0.750000 53.000000 6.1878585698e-01 1.8681959713e-02 6.190678e-01 5.235e-02
0.750000 53.050000 6.0316339503e-01 9.3660624687e-02 6.103920e-01 5.240e-02
0.750000 53.100000 5.9886639588e-01 1.6974947202e-01 6.224595e-01 5.245e-02
0.750000 53.150000 6.0563288938e-01 2.4525372679e-01 6.534069e-01 5.250e-02
0.750000 53.200000 6.2297873610e-01 3.1866440057e-01 6.997496e-01 5.255e-02
0.750000 53.250000 6.5028378555e-01 3.8865535304e-01 7.575764e-01 5.260e-02
0.750000 53.300000 6.8685135013e-01 4.5404277236e-01 8.233587e-01 5.264e-02
0.750000 53.350000 7.3192432088e-01 5.1372780226e-01 8.942200e-01 5.269e-02
0.750000 53.400000 7.8465509981e-01 5.6665078910e-01 9.678723e-01 5.274e-02
0.750000 53.450000 8.4404392267e-01 6.1178389274e-01 1.042444e+00 5.279e-02
0.750000 53.500000 9.0887424925e-01 6.4817644154e-01 1.116327e+00 5.284e-02
0.750000 53.550000 9.7767829377e-01 6.7504828117e-01 1.188085e+00 5.289e-02
0.750000 53.600000 1.0487579881e+00 6.9190787464e-01 1.256435e+00 5.294e-02
0.750000 53.650000 1.1202696521e+00 6.9866136807e-01 1.320277e+00 5.299e-02
0.750000 53.700000 1.1903611899e+00 6.9567985277e-01 1.378742e+00 5.304e-02
0.750000 53.750000 1.2573358545e+00 6.8380310209e-01 1.431251e+00 5.309e-02
0.750000 53.800000 1.3198105697e+00 6.6427392674e-01 1.477552e+00 5.314e-02
0.750000 53.850000 1.3768392611e+00 6.3861227491e-01 1.517733e+00 5.319e-02
0.750000 53.900000 1.4279795172e+00 6.0844890068e-01 1.552203e+00 5.324e-02
0.750000 53.950000 1.4732908735e+00 5.7534442368e-01 1.581647e+00 5.329e-02
0.750000 54.000000 1.5132634961e+00 5.4062202065e-01 1.606935e+00 5.334e-02
0.750000 54.050000 1.5486870584e+00 5.0524132685e-01 1.629018e+00 5.338e-02
0.750000 54.100000 1.5804810536e+00 4.6973632175e-01 1.648809e+00 5.343e-02
0.750000 54.150000 1.6095176449e+00 4.3422948682e-01 1.667064e+00 5.348e-02
0.750000 54.200000 1.6364725487e+00 3.9851860333e-01 1.684298e+00 5.353e-02
0.750000 54.250000 1.6617346413e+00 3.6221478921e-01 1.700753e+00 5.358e-02
0.750000 54.300000 1.6853903820e+00 3.2489694560e-01 1.716420e+00 5.363e-02
0.750000 54.350000 1.7072787261e+00 2.8624451548e-01 1.731108e+00 5.368e-02
0.750000 54.400000 1.7270933722e+00 2.4611934490e-01 1.744542e+00 5.373e-02
0.750000 54.450000 1.7444991284e+00 2.0458503595e-01 1.756454e+00 5.378e-02
0.750000 54.500000 1.7592310751e+00 1.6187110866e-01 1.766662e+00 5.383e-02
0.750000 54.550000 1.7711565594e+00 1.1830212020e-01 1.775103e+00 5.388e-02
0.750000 54.600000 1.7802943961e+00 7.4215058585e-02 1.781841e+00 5.393e-02
0.750000 54.650000 1.7867964384e+00 2.9883609617e-02 1.787046e+00 5.398e-02
0.750000 54.700000 1.7909010182e+00 -1.4539437203e-02 1.790960e+00 5.403e-02
0.750000 54.750000 1.7928674220e+00 -5.9055406357e-02 1.793840e+00 5.408e-02
0.750000 54.800000 1.7928999387e+00 -1.0382373168e-01 1.795904e+00 5.412e-02
0.750000 54.850000 1.7910722299e+00 -1.4913232665e-01 1.797270e+00 5.417e-02
0.750000 54.900000 1.7872671405e+00 -1.9533353075e-01 1.797910e+00 5.422e-02
0.750000 54.950000 1.7811493199e+00 -2.4275338988e-01 1.797616e+00 5.427e-02
0.750000 55.000000 1.7721835781e+00 -2.9159285984e-01 1.796013e+00 5.432e-02
0.750000 55.050000 1.7596996326e+00 -3.4184658781e-01 1.792596e+00 5.437e-02
0.750000 55.100000 1.7429879301e+00 -3.9326263115e-01 1.786802e+00 5.442e-02
0.750000 55.150000 1.7213991218e+00 -4.4535367343e-01 1.778076e+00 5.447e-02
0.750000 55.200000 1.6944182395e+00 -4.9745177416e-01 1.765931e+00 5.452e-02
0.750000 55.250000 1.6616953121e+00 -5.4878291058e-01 1.749970e+00 5.457e-02
0.750000 55.300000 1.6230324054e+00 -5.9853203152e-01 1.729877e+00 5.462e-02
0.750000 55.350000 1.5783443241e+00 -6.4587635543e-01 1.705382e+00 5.467e-02
0.750000 55.400000 1.5276188483e+00 -6.8998019154e-01 1.676214e+00 5.472e-02
0.750000 55.450000 1.4708996552e+00 -7.2996088158e-01 1.642068e+00 5.477e-02
0.750000 55.500000 1.4083041301e+00 -7.6484559115e-01 1.602595e+00 5.482e-02
0.750000 55.550000 1.3400754272e+00 -7.9354008208e-01 1.557404e+00 5.486e-02
0.750000 55.600000 1.2666588305e+00 -8.1482563766e-01 1.506109e+00 5.491e-02
0.750000 55.650000 1.1887882233e+00 -8.2739362642e-01 1.448378e+00 5.496e-02
0.750000 55.700000 1.1075670996e+00 -8.2992197594e-01 1.384007e+00 5.501e-02
0.750000 55.750000 1.0245269331e+00 -8.2119374702e-01 1.313017e+00 5.506e-02
0.750000 55.800000 9.4164310978e-01 -8.0025211295e-01 1.235757e+00 5.511e-02
0.750000 55.850000 8.6128791045e-01 -7.6657602664e-01 1.153020e+00 5.516e-02
0.750000 55.900000 7.8610584403e-01 -7.2024802086e-01 1.066171e+00 5.521e-02
0.750000 55.950000 7.1881167181e-01 -6.6207543364e-01 9.772585e-01 5.526e-02
0.750000 56.000000 6.6193340483e-01 -5.9362589329e-01 8.891274e-01 5.531e-02
0.750000 56.050000 6.1754398079e-01 -5.1715133926e-01 8.054850e-01 5.536e-02
0.750000 56.100000 5.8703694767e-01 -4.3540034925e-01 7.308802e-01 5.541e-02
0.750000 56.150000 5.7099690654e-01 -3.5134819241e-01 6.704349e-01 5.546e-02
0.750000 56.200000 5.6919470783e-01 -2.6789727601e-01 6.290879e-01 5.551e-02
0.750000 56.250000 5.8070706521e-01 -1.8760916137e-01 6.102605e-01 5.556e-02
0.750000 56.300000 6.0413045394e-01 -1.1252060985e-01 6.145197e-01 5.560e-02
0.750000 56.350000 6.3783895378e-01 -4.4074071408e-02 6.393599e-01 5.565e-02
0.750000 56.400000 6.8022966321e-01 1.6834566123e-02 6.804379e-01 5.570e-02
0.750000 56.450000 7.2990680123e-01 6.9713342105e-02 7.332284e-01 5.575e-02
0.750000 56.500000 7.8577245315e-01 1.1427655898e-01 7.940387e-01 5.580e-02
0.750000 56.550000 8.4701301010e-01 1.5023974822e-01 8.602343e-01 5.585e-02
0.750000 56.600000 9.1299146384e-01 1.7715340062e-01 9.300198e-01 5.590e-02
0.750000 56.650000 9.8307376038e-01 1.9431203642e-01 1.002093e+00 5.595e-02
0.750000 56.700000 1.0564298493e+00 2.0075928946e-01 1.075336e+00 5.600e-02
0.750000 56.750000 1.1318546014e+00 1.9538994057e-01 1.148596e+00 5.605e-02
0.750000 56.800000 1.2076490405e+00 1.7713006535e-01 1.220570e+00 5.610e-02
0.750000 56.850000 1.2815891219e+00 1.4516128361e-01 1.289784e+00 5.615e-02
0.750000 56.900000 1.3509911118e+00 9.9148294411e-02 1.354624e+00 5.620e-02
0.750000 56.950000 1.4128647559e+00 3.9431487329e-02 1.413415e+00 5.625e-02
0.750000 57.000000 1.4641326321e+00 -3.2843992582e-02 1.464501e+00 5.630e-02
0.750000 57.050000 1.5018882680e+00 -1.1567942429e-01 1.506337e+00 5.634e-02
0.750000 57.100000 1.5236651450e+00 -2.0626055920e-01 1.537563e+00 5.639e-02
0.750000 57.150000 1.5276900006e+00 -3.0108229735e-01 1.557077e+00 5.644e-02
0.750000 57.200000 1.5130941199e+00 -3.9615420140e-01 1.564095e+00 5.649e-02
0.750000 57.250000 1.4800559412e+00 -4.8727364177e-01 1.558204e+00 5.654e-02
0.750000 57.300000 1.4298506299e+00 -5.7034267009e-01 1.539404e+00 5.659e-02
0.750000 57.350000 1.3647911469e+00 -6.4169309613e-01 1.508120e+00 5.664e-02
0.750000 57.400000 1.2880616888e+00 -6.9837712801e-01 1.465208e+00 5.669e-02
0.750000 57.450000 1.2034644546e+00 -7.3838364112e-01 1.411927e+00 5.674e-02
0.750000 57.500000 1.1151172776e+00 -7.6075412599e-01 1.349901e+00 5.679e-02
0.750000 57.550000 1.0271458794e+00 -7.6559349119e-01 1.281078e+00 5.684e-02
0.750000 57.600000 9.4340794321e-01 -7.5399108216e-01 1.207692e+00 5.689e-02
0.750000 57.650000 8.6727060660e-01 -7.2787877335e-01 1.132239e+00 5.694e-02
0.750000 57.700000 8.0144634611e-01 -6.8985272069e-01 1.057456e+00 5.699e-02
0.750000 57.750000 7.4788224570e-01 -6.4297658385e-01 9.862792e-01 5.704e-02
0.750000 57.800000 7.0769730452e-01 -5.9057421440e-01 9.217447e-01 5.708e-02
0.750000 57.850000 6.8116851294e-01 -5.3601598006e-01 8.667778e-01 5.713e-02
0.750000 57.900000 6.6777176934e-01 -4.8250733226e-01 8.238522e-01 5.718e-02
0.750000 57.950000 6.6628195961e-01 -4.3289716811e-01 7.945638e-01 5.723e-02
0.750000 58.000000 6.7492620259e-01 -3.8952970609e-01 7.792681e-01 5.728e-02
0.750000 58.050000 6.9156980516e-01 -3.5416083040e-01 7.769805e-01 5.733e-02
0.750000 58.100000 7.1390355342e-01 -3.2794703272e-01 7.856256e-01 5.738e-02
0.750000 58.150000 7.3959997159e-01 -3.1149685980e-01 8.025200e-01 5.743e-02
0.750000 58.200000 7.6641654790e-01 -3.0495896275e-01 8.248602e-01 5.748e-02
0.750000 58.250000 7.9224154292e-01 -3.0811405637e-01 8.500476e-01 5.753e-02
0.750000 58.300000 8.1509572091e-01 -3.2044247909e-01 8.758221e-01 5.758e-02
0.750000 58.350000 8.3311486346e-01 -3.4115179249e-01 9.002583e-01 5.763e-02
0.750000 58.400000 8.4454052483e-01 -3.6916444682e-01 9.217001e-01 5.768e-02
0.750000 58.450000 8.4774133043e-01 -4.0307888528e-01 9.386895e-01 5.773e-02
0.750000 58.500000 8.4127738320e-01 -4.4112595479e-01 9.499157e-01 5.778e-02
0.750000 58.550000 8.2400891342e-01 -4.8114592447e-01 9.541971e-01 5.782e-02
0.750000 58.600000 7.9523869876e-01 -5.2061042424e-01 9.504945e-01 5.787e-02
0.750000 58.650000 7.5486676066e-01 -5.5670828424e-01 9.379488e-01 5.792e-02
0.750000 58.700000 7.0352681512e-01 -5.8650407274e-01 9.159350e-01 5.797e-02
0.750000 58.750000 6.4266959385e-01 -6.0716332056e-01 8.841219e-01 5.802e-02
0.750000 58.800000 5.7456142597e-01 -6.1622136073e-01 8.425257e-01 5.807e-02
0.750000 58.850000 5.0217861313e-01 -6.1185799173e-01 7.915514e-01 5.812e-02
0.750000 58.900000 4.2899706960e-01 -5.9313284085e-01 7.320144e-01 5.817e-02
0.750000 58.950000 3.5869733642e-01 -5.6013928588e-01 6.651464e-01 5.822e-02
0.750000 59.000000 2.9482151470e-01 -5.1404720580e-01 5.925911e-01 5.827e-02
0.750000 59.050000 2.4042702989e-01 -4.5702248220e-01 5.164056e-01 5.832e-02
0.750000 59.100000 1.9778217479e-01 -3.9202897923e-01 4.390951e-01 5.837e-02
0.750000 59.150000 1.6814266314e-01 -3.2253344766e-01 3.637304e-01 5.842e-02
0.750000 59.200000 1.5163988294e-01 -2.5214515458e-01 2.942309e-01 5.847e-02
0.750000 59.250000 1.4730107073e-01 -1.8423147333e-01 2.358789e-01 5.852e-02
0.750000 59.300000 1.5320774011e-01 -1.2155866440e-01 1.955738e-01 5.856e-02
0.750000 59.350000 1.6677955751e-01 -6.6011219976e-02 1.793681e-01 5.861e-02
0.750000 59.400000 1.8514736985e-01 -1.8438640204e-02 1.860632e-01 5.866e-02
0.750000 59.450000 2.0555661612e-01 2.1338733158e-02 2.066612e-01 5.871e-02
0.750000 59.500000 2.2572939049e-01 5.4362807640e-02 2.321833e-01 5.876e-02
0.750000 59.550000 2.4411750444e-01 8.2243069632e-02 2.575991e-01 5.881e-02
0.750000 59.600000 2.6000202753e-01 1.0679740511e-01 2.810814e-01 5.886e-02
0.750000 59.650000 2.7343126614e-01 1.2970542644e-01 3.026353e-01 5.891e-02
0.750000 59.700000 2.8502737935e-01 1.5224370932e-01 3.231389e-01 5.896e-02
0.750000 59.750000 2.9571941247e-01 1.7514639836e-01 3.436950e-01 5.901e-02
0.750000 59.800000 3.0646973257e-01 1.9860011462e-01 3.651927e-01 5.906e-02
0.750000 59.850000 3.1805158451e-01 2.2235068396e-01 3.880678e-01 5.911e-02
0.750000 59.900000 3.3091418834e-01 2.4587927555e-01 4.122630e-01 5.916e-02
0.750000 59.950000 3.4514728560e-01 2.6859935942e-01 4.373468e-01 5.921e-02
0.750000 60.000000 3.6053606462e-01 2.9003048256e-01 4.627137e-01 5.926e-02
