# X=3e+07 rho=0.8 C(X)=18 Cmax=300 mode=v
# sigma t Re Im |F| tailbound
0.800000 0.100000 -2.4121887439e+00 -1.6047356411e+00 2.897211e+00 3.341e-04
0.800000 0.150000 -1.7736078311e+00 -1.9266016788e+00 2.618679e+00 3.371e-04
0.800000 0.200000 -1.2153412130e+00 -2.0079583401e+00 2.347115e+00 3.413e-04
0.800000 0.250000 -7.7817280037e-01 -1.9599833062e+00 2.108812e+00 3.466e-04
0.800000 0.300000 -4.4976366041e-01 -1.8551979625e+00 1.908939e+00 3.530e-04
0.800000 0.350000 -2.0519780789e-01 -1.7319545390e+00 1.744068e+00 3.603e-04
0.800000 0.400000 -2.1851298928e-02 -1.6083762702e+00 1.608525e+00 3.686e-04
0.800000 0.450000 1.1747243889e-01 -1.4922054790e+00 1.496822e+00 3.778e-04
0.800000 0.500000 2.2507279775e-01 -1.3862013667e+00 1.404355e+00 3.878e-04
0.800000 0.550000 3.0957695191e-01 -1.2908412735e+00 1.327445e+00 3.985e-04
0.800000 0.600000 3.7702324691e-01 -1.2056195940e+00 1.263196e+00 4.099e-04
0.800000 0.650000 4.3166211691e-01 -1.1296564814e+00 1.209320e+00 4.220e-04
0.800000 0.700000 4.7651522385e-01 -1.0619755180e+00 1.163984e+00 4.346e-04
0.800000 0.750000 5.1375867996e-01 -1.0016263192e+00 1.125701e+00 4.477e-04
0.800000 0.800000 5.4498335088e-01 -9.4773626895e-01 1.093257e+00 4.613e-04
0.800000 0.850000 5.7136956033e-01 -8.9952954313e-01 1.065653e+00 4.753e-04
0.800000 0.900000 5.9380292905e-01 -8.5632919615e-01 1.042066e+00 4.898e-04
0.800000 0.950000 6.1295175159e-01 -8.1754884719e-01 1.021810e+00 5.046e-04
0.800000 1.000000 6.2932144809e-01 -7.8267831956e-01 1.004306e+00 5.197e-04
0.800000 1.050000 6.4329639726e-01 -7.5126794604e-01 9.890570e-01 5.351e-04
0.800000 1.100000 6.5517396916e-01 -7.2291598432e-01 9.756334e-01 5.508e-04
0.800000 1.150000 6.6519131811e-01 -6.9726146162e-01 9.636665e-01 5.667e-04
0.800000 1.200000 6.7354389103e-01 -6.7398158095e-01 9.528444e-01 5.829e-04
0.800000 1.250000 6.8039575199e-01 -6.5279046191e-01 9.429071e-01 5.993e-04
0.800000 1.300000 6.8588423580e-01 -6.3343593173e-01 9.336371e-01 6.158e-04
0.800000 1.350000 6.9012298945e-01 -6.1569327290e-01 9.248502e-01 6.326e-04
0.800000 1.400000 6.9320676830e-01 -5.9935768700e-01 9.163871e-01 6.495e-04
0.800000 1.450000 6.9521872798e-01 -5.8423872955e-01 9.081101e-01 6.665e-04
0.800000 1.500000 6.9623811639e-01 -5.7015905544e-01 8.999049e-01 6.837e-04
0.800000 1.550000 6.9634513747e-01 -5.5695714085e-01 8.916826e-01 7.010e-04
0.800000 1.600000 6.9562107319e-01 -5.4449110358e-01 8.833794e-01 7.185e-04
0.800000 1.650000 6.9414455681e-01 -5.3264013332e-01 8.749527e-01 7.360e-04
0.800000 1.700000 6.9198719413e-01 -5.2130181435e-01 8.663728e-01 7.537e-04
0.800000 1.750000 6.8921189206e-01 -5.1038655524e-01 8.576173e-01 7.714e-04
0.800000 1.800000 6.8587513569e-01 -4.9981239076e-01 8.486679e-01 7.892e-04
0.800000 1.850000 6.8203152135e-01 -4.8950316019e-01 8.395120e-01 8.071e-04
0.800000 1.900000 6.7773714439e-01 -4.7939067115e-01 8.301464e-01 8.251e-04
0.800000 1.950000 6.7304915444e-01 -4.6941860094e-01 8.205784e-01 8.432e-04
0.800000 2.000000 6.6802143976e-01 -4.5954456712e-01 8.108229e-01 8.613e-04
0.800000 2.050000 6.6269914980e-01 -4.4973795321e-01 8.008960e-01 8.795e-04
0.800000 2.100000 6.5711570126e-01 -4.3997392379e-01 7.908085e-01 8.978e-04
0.800000 2.150000 6.5129438168e-01 -4.3022665147e-01 7.805635e-01 9.161e-04
0.800000 2.200000 6.4525371433e-01 -4.2046533366e-01 7.701581e-01 9.344e-04
0.800000 2.250000 6.3901340265e-01 -4.1065473787e-01 7.595890e-01 9.528e-04
0.800000 2.300000 6.3259752019e-01 -4.0075907086e-01 7.488574e-01 9.713e-04
0.800000 2.350000 6.2603371192e-01 -3.9074595932e-01 7.379706e-01 9.898e-04
0.800000 2.400000 6.1935002003e-01 -3.8058762109e-01 7.269397e-01 1.008e-03
0.800000 2.450000 6.1257253867e-01 -3.7025864358e-01 7.157769e-01 1.027e-03
0.800000 2.500000 6.0572633332e-01 -3.5973248418e-01 7.044940e-01 1.045e-03
0.800000 2.550000 5.9883949798e-01 -3.4897994354e-01 6.931059e-01 1.064e-03
0.800000 2.600000 5.9194769646e-01 -3.3797161785e-01 6.816355e-01 1.083e-03
0.800000 2.650000 5.8509584966e-01 -3.2668357986e-01 6.701189e-01 1.102e-03
0.800000 2.700000 5.7833529964e-01 -3.1510320590e-01 6.586059e-01 1.120e-03
0.800000 2.750000 5.7171765921e-01 -3.0323180788e-01 6.471558e-01 1.139e-03
0.800000 2.800000 5.6528864011e-01 -2.9108274405e-01 6.358305e-01 1.158e-03
0.800000 2.850000 5.5908499057e-01 -2.7867657331e-01 6.246893e-01 1.177e-03
0.800000 2.900000 5.5313538123e-01 -2.6603657059e-01 6.137868e-01 1.195e-03
0.800000 2.950000 5.4746327030e-01 -2.5318730918e-01 6.031748e-01 1.214e-03
0.800000 3.000000 5.4208843992e-01 -2.4015647487e-01 5.929039e-01 1.233e-03
0.800000 3.050000 5.3702498997e-01 -2.2697740264e-01 5.830219e-01 1.252e-03
0.800000 3.100000 5.3227636256e-01 -2.1368893171e-01 5.735687e-01 1.271e-03
0.800000 3.150000 5.2783050411e-01 -2.0033074418e-01 5.645684e-01 1.290e-03
0.800000 3.200000 5.2365875434e-01 -1.8693535610e-01 5.560246e-01 1.309e-03
0.800000 3.250000 5.1972008148e-01 -1.7352031896e-01 5.479218e-01 1.328e-03
0.800000 3.300000 5.1596915208e-01 -1.6008431277e-01 5.402325e-01 1.347e-03
0.800000 3.350000 5.1236453179e-01 -1.4660855742e-01 5.329273e-01 1.366e-03
0.800000 3.400000 5.0887352542e-01 -1.3306184847e-01 5.259826e-01 1.385e-03
0.800000 3.450000 5.0547260489e-01 -1.1940563082e-01 5.193845e-01 1.404e-03
0.800000 3.500000 5.0214535363e-01 -1.0559609909e-01 5.131281e-01 1.423e-03
0.800000 3.550000 4.9888134069e-01 -9.1582894880e-02 5.072179e-01 1.442e-03
0.800000 3.600000 4.9567835462e-01 -7.7306731894e-02 5.016706e-01 1.461e-03
0.800000 3.650000 4.9254771411e-01 -6.2699301078e-02 4.965224e-01 1.480e-03
0.800000 3.700000 4.8951985807e-01 -4.7687406219e-02 4.918371e-01 1.499e-03
0.800000 3.750000 4.8664685794e-01 -3.2200466660e-02 4.877110e-01 1.519e-03
0.800000 3.800000 4.8400026412e-01 -1.6178279279e-02 4.842706e-01 1.538e-03
0.800000 3.850000 4.8166553332e-01 4.2418478838e-04 4.816657e-01 1.557e-03
0.800000 3.900000 4.7973619222e-01 1.7636114473e-02 4.800603e-01 1.576e-03
0.800000 3.950000 4.7831055393e-01 3.5472741230e-02 4.796241e-01 1.595e-03
0.800000 4.000000 4.7749150119e-01 5.3936710938e-02 4.805281e-01 1.614e-03
0.800000 4.050000 4.7738726682e-01 7.3016732440e-02 4.829390e-01 1.634e-03
0.800000 4.100000 4.7811017171e-01 9.2683843388e-02 4.870109e-01 1.653e-03
0.800000 4.150000 4.7977167856e-01 1.1288804004e-01 4.928738e-01 1.672e-03
0.800000 4.200000 4.8247495046e-01 1.3355848363e-01 5.006196e-01 1.691e-03
0.800000 4.250000 4.8630837211e-01 1.5460856598e-01 5.102937e-01 1.710e-03
0.800000 4.300000 4.9134353102e-01 1.7594402198e-01 5.218954e-01 1.730e-03
0.800000 4.350000 4.9763880229e-01 1.9747011021e-01 5.353866e-01 1.749e-03
0.800000 4.400000 5.0524641682e-01 2.1909416004e-01 5.507052e-01 1.768e-03
0.800000 4.450000 5.1421885392e-01 2.4072239249e-01 5.677749e-01 1.787e-03
0.800000 4.500000 5.2461091546e-01 2.6225318167e-01 5.865095e-01 1.807e-03
0.800000 4.550000 5.3647653401e-01 2.8357072790e-01 6.068109e-01 1.826e-03
0.800000 4.600000 5.4986242185e-01 3.0454235898e-01 6.285656e-01 1.845e-03
0.800000 4.650000 5.6480207303e-01 3.2501999935e-01 6.516436e-01 1.864e-03
0.800000 4.700000 5.8131256011e-01 3.4484365804e-01 6.759005e-01 1.884e-03
0.800000 4.750000 5.9939391816e-01 3.6384393387e-01 7.011815e-01 1.903e-03
0.800000 4.800000 6.1902864763e-01 3.8184203162e-01 7.273237e-01 1.922e-03
0.800000 4.850000 6.4017863983e-01 3.9864846466e-01 7.541547e-01 1.941e-03
0.800000 4.900000 6.6277880631e-01 4.1406349167e-01 7.814885e-01 1.961e-03
0.800000 4.950000 6.8672946221e-01 4.2788198244e-01 8.091232e-01 1.980e-03
0.800000 5.000000 7.1189107372e-01 4.3990299698e-01 8.368414e-01 1.999e-03
0.800000 5.050000 7.3808416078e-01 4.4994153462e-01 8.644163e-01 2.019e-03
0.800000 5.100000 7.6509443751e-01 4.5783863537e-01 8.916197e-01 2.038e-03
0.800000 5.150000 7.9268050241e-01 4.6346720960e-01 9.182289e-01 2.057e-03
0.800000 5.200000 8.2058045487e-01 4.6673384537e-01 9.440301e-01 2.077e-03
0.800000 5.250000 8.4851536460e-01 4.6757943547e-01 9.688183e-01 2.096e-03
0.800000 5.300000 8.7619049961e-01 4.6598199614e-01 9.923956e-01 2.115e-03
0.800000 5.350000 9.0329758914e-01 4.6196314213e-01 1.014572e+00 2.135e-03
0.800000 5.400000 9.2952154263e-01 4.5559662178e-01 1.035171e+00 2.154e-03
0.800000 5.450000 9.5455286693e-01 4.4701515253e-01 1.054037e+00 2.173e-03
0.800000 5.500000 9.7810399134e-01 4.3641193507e-01 1.071048e+00 2.193e-03
0.800000 5.550000 9.9992581524e-01 4.2403547298e-01 1.086120e+00 2.212e-03
0.800000 5.600000 1.0198211647e+00 4.1017907335e-01 1.099219e+00 2.231e-03
0.800000 5.650000 1.0376539851e+00 3.9516779017e-01 1.110353e+00 2.251e-03
0.800000 5.700000 1.0533552789e+00 3.7934480614e-01 1.119580e+00 2.270e-03
0.800000 5.750000 1.0669273365e+00 3.6305717167e-01 1.127007e+00 2.290e-03
0.800000 5.800000 1.0784463080e+00 3.4663927623e-01 1.132786e+00 2.309e-03
0.800000 5.850000 1.0880608326e+00 3.3039291025e-01 1.137117e+00 2.328e-03
0.800000 5.900000 1.0959832674e+00 3.1456528617e-01 1.140233e+00 2.348e-03
0.800000 5.950000 1.1024713669e+00 2.9932933861e-01 1.142384e+00 2.367e-03
0.800000 6.000000 1.1078016988e+00 2.8477188659e-01 1.143818e+00 2.386e-03
0.800000 6.050000 1.1122397390e+00 2.7089361639e-01 1.144754e+00 2.406e-03
0.800000 6.100000 1.1160132292e+00 2.5762096317e-01 1.145362e+00 2.425e-03
0.800000 6.150000 1.1192939140e+00 2.4482595725e-01 1.145757e+00 2.445e-03
0.800000 6.200000 1.1221890340e+00 2.3234822853e-01 1.145990e+00 2.464e-03
0.800000 6.250000 1.1247401753e+00 2.2001457069e-01 1.146057e+00 2.483e-03
0.800000 6.300000 1.1269254422e+00 2.0765476563e-01 1.145898e+00 2.503e-03
0.800000 6.350000 1.1286621794e+00 1.9511550886e-01 1.145403e+00 2.522e-03
0.800000 6.400000 1.1298104702e+00 1.8227524423e-01 1.144419e+00 2.542e-03
0.800000 6.450000 1.1301801718e+00 1.6906102798e-01 1.142755e+00 2.561e-03
0.800000 6.500000 1.1295445318e+00 1.5546549916e-01 1.140193e+00 2.580e-03
0.800000 6.550000 1.1276612589e+00 1.4155977294e-01 1.136512e+00 2.600e-03
0.800000 6.600000 1.1242987306e+00 1.2749811592e-01 1.131505e+00 2.619e-03
0.800000 6.650000 1.1192628220e+00 1.1351253231e-01 1.125004e+00 2.639e-03
0.800000 6.700000 1.1124198459e+00 9.9898381919e-02 1.116896e+00 2.658e-03
0.800000 6.750000 1.1037129609e+00 8.6994052525e-02 1.107136e+00 2.677e-03
0.800000 6.800000 1.0931715993e+00 7.5157686730e-02 1.095752e+00 2.697e-03
0.800000 6.850000 1.0809144594e+00 6.4742669102e-02 1.082852e+00 2.716e-03
0.800000 6.900000 1.0671460447e+00 5.6072562776e-02 1.068618e+00 2.736e-03
0.800000 6.950000 1.0521456209e+00 4.9416637464e-02 1.053305e+00 2.755e-03
0.800000 7.000000 1.0362474398e+00 4.4968904705e-02 1.037223e+00 2.775e-03
0.800000 7.050000 1.0198130198e+00 4.2835200904e-02 1.020712e+00 2.794e-03
0.800000 7.100000 1.0031995497e+00 4.3032581235e-02 1.004122e+00 2.813e-03
0.800000 7.150000 9.8673117051e-01 4.5502409710e-02 9.877798e-01 2.833e-03
0.800000 7.200000 9.7068006207e-01 5.0134084625e-02 9.719739e-01 2.852e-03
0.800000 7.250000 9.5526130213e-01 5.6792580550e-02 9.569480e-01 2.872e-03
0.800000 7.300000 9.4064063761e-01 6.5342007941e-02 9.429074e-01 2.891e-03
0.800000 7.350000 9.2695004404e-01 7.5659760611e-02 9.300327e-01 2.911e-03
0.800000 7.400000 9.1430436367e-01 8.7640197200e-02 9.184951e-01 2.930e-03
0.800000 7.450000 9.0281391305e-01 1.0119076994e-01 9.084671e-01 2.950e-03
0.800000 7.500000 8.9259138595e-01 1.1622510378e-01 9.001265e-01 2.969e-03
0.800000 7.550000 8.8375439826e-01 1.3265640416e-01 8.936552e-01 2.988e-03
0.800000 7.600000 8.7642597315e-01 1.5039209640e-01 8.892358e-01 3.008e-03
0.800000 7.650000 8.7073410685e-01 1.6932878640e-01 8.870457e-01 3.027e-03
0.800000 7.700000 8.6680972649e-01 1.8934671196e-01 8.872493e-01 3.047e-03
0.800000 7.750000 8.6478162875e-01 2.1030447517e-01 8.899861e-01 3.066e-03
0.800000 7.800000 8.6476814988e-01 2.3203642279e-01 8.953574e-01 3.086e-03
0.800000 7.850000 8.6686758051e-01 2.5435499293e-01 9.034135e-01 3.105e-03
0.800000 7.900000 8.7115093624e-01 2.7705831270e-01 9.141473e-01 3.125e-03
0.800000 7.950000 8.7766019626e-01 2.9994050412e-01 9.274976e-01 3.144e-03
0.800000 8.000000 8.8641253115e-01 3.2280046648e-01 9.433596e-01 3.164e-03
0.800000 8.050000 8.9740788294e-01 3.4544564867e-01 9.615995e-01 3.183e-03
0.800000 8.100000 9.1063557742e-01 3.6769019586e-01 9.820658e-01 3.202e-03
0.800000 8.150000 9.2607658360e-01 3.8935007396e-01 1.004595e+00 3.222e-03
0.800000 8.200000 9.4370101058e-01 4.1023927423e-01 1.029013e+00 3.241e-03
0.800000 8.250000 9.6346349559e-01 4.3017002798e-01 1.055134e+00 3.261e-03
0.800000 8.300000 9.8530027440e-01 4.4895695282e-01 1.082765e+00 3.280e-03
0.800000 8.350000 1.0091302288e+00 4.6642227371e-01 1.111707e+00 3.300e-03
0.800000 8.400000 1.0348591626e+00 4.8239860890e-01 1.141771e+00 3.319e-03
0.800000 8.450000 1.0623841106e+00 4.9672771024e-01 1.172774e+00 3.339e-03
0.800000 8.500000 1.0915943682e+00 5.0925666002e-01 1.204542e+00 3.358e-03
0.800000 8.550000 1.1223682642e+00 5.1983516326e-01 1.236907e+00 3.378e-03
0.800000 8.600000 1.1545679257e+00 5.2831718961e-01 1.269703e+00 3.397e-03
0.800000 8.650000 1.1880361783e+00 5.3456747482e-01 1.302763e+00 3.417e-03
0.800000 8.700000 1.2225989598e+00 5.3847005348e-01 1.335926e+00 3.436e-03
0.800000 8.750000 1.2580736020e+00 5.3993424166e-01 1.369043e+00 3.456e-03
0.800000 8.800000 1.2942799642e+00 5.3889445791e-01 1.401987e+00 3.475e-03
0.800000 8.850000 1.3310497531e+00 5.3530332316e-01 1.434658e+00 3.494e-03
0.800000 8.900000 1.3682303520e+00 5.2912067372e-01 1.466977e+00 3.514e-03
0.800000 8.950000 1.4056822612e+00 5.2030255475e-01 1.498885e+00 3.533e-03
0.800000 9.000000 1.4432719225e+00 5.0879332741e-01 1.530328e+00 3.553e-03
0.800000 9.050000 1.4808626357e+00 4.9452174142e-01 1.561251e+00 3.572e-03
0.800000 9.100000 1.5183052293e+00 4.7740001927e-01 1.591591e+00 3.592e-03
0.800000 9.150000 1.5554283574e+00 4.5732495082e-01 1.621266e+00 3.611e-03
0.800000 9.200000 1.5920275003e+00 4.3418151997e-01 1.650171e+00 3.631e-03
0.800000 9.250000 1.6278528497e+00 4.0785118348e-01 1.678168e+00 3.650e-03
0.800000 9.300000 1.6625986332e+00 3.7822691891e-01 1.705078e+00 3.670e-03
0.800000 9.350000 1.6958982954e+00 3.4523497699e-01 1.730681e+00 3.689e-03
0.800000 9.400000 1.7273296395e+00 3.0885995934e-01 1.754726e+00 3.709e-03
0.800000 9.450000 1.7564312485e+00 2.6916742677e-01 1.776936e+00 3.728e-03
0.800000 9.500000 1.7827275872e+00 2.2631837368e-01 1.797036e+00 3.748e-03
0.800000 9.550000 1.8057573510e+00 1.8057268927e-01 1.814763e+00 3.767e-03
0.800000 9.600000 1.8250994439e+00 1.3228260471e-01 1.829887e+00 3.787e-03
0.800000 9.650000 1.8403933805e+00 8.1879864336e-02 1.842214e+00 3.806e-03
0.800000 9.700000 1.8513542230e+00 2.9860520544e-02 1.851595e+00 3.826e-03
0.800000 9.750000 1.8577842337e+00 -2.3230886524e-02 1.857929e+00 3.845e-03
0.800000 9.800000 1.8595830498e+00 -7.6818682046e-02 1.861169e+00 3.865e-03
0.800000 9.850000 1.8567558883e+00 -1.3031706428e-01 1.861323e+00 3.884e-03
0.800000 9.900000 1.8494169063e+00 -1.8315571993e-01 1.858464e+00 3.904e-03
0.800000 9.950000 1.8377842058e+00 -2.3480824574e-01 1.852724e+00 3.923e-03
0.800000 10.000000 1.8221646808e+00 -2.8481911556e-01 1.844290e+00 3.943e-03
0.800000 10.050000 1.8029299274e+00 -3.3282440873e-01 1.833393e+00 3.962e-03
0.800000 10.100000 1.7804869049e+00 -3.7856320825e-01 1.820287e+00 3.982e-03
0.800000 10.150000 1.7552475627e+00 -4.2187926723e-01 1.805236e+00 4.001e-03
0.800000 10.200000 1.7276002902e+00 -4.6271444211e-01 1.788493e+00 4.021e-03
0.800000 10.250000 1.6978842073e+00 -5.0109545573e-01 1.770285e+00 4.040e-03
0.800000 10.300000 1.6663666288e+00 -5.3711424067e-01 1.750791e+00 4.060e-03
0.800000 10.350000 1.6332251773e+00 -5.7090102712e-01 1.730131e+00 4.079e-03
0.800000 10.400000 1.5985380429e+00 -6.0259001841e-01 1.708344e+00 4.099e-03
0.800000 10.450000 1.5622869507e+00 -6.3228019475e-01 1.685384e+00 4.118e-03
0.800000 10.500000 1.5243759885e+00 -6.5999714123e-01 1.661120e+00 4.138e-03
0.800000 10.550000 1.4846656268e+00 -6.8566365973e-01 1.635349e+00 4.157e-03
0.800000 10.600000 1.4430167254e+00 -7.0908579641e-01 1.607825e+00 4.177e-03
0.800000 10.650000 1.3993364218e+00 -7.2995701864e-01 1.578284e+00 4.196e-03
0.800000 10.700000 1.3536180281e+00 -7.4787849407e-01 1.546481e+00 4.216e-03
0.800000 10.750000 1.3059700955e+00 -7.6239014521e-01 1.512216e+00 4.235e-03
0.800000 10.800000 1.2566337148e+00 -7.7300675278e-01 1.475353e+00 4.255e-03
0.800000 10.850000 1.2059896736e+00 -7.7925540068e-01 1.435845e+00 4.274e-03
0.800000 10.900000 1.1545571607e+00 -7.8071309529e-01 1.393741e+00 4.294e-03
0.800000 10.950000 1.1029840038e+00 -7.7704446095e-01 1.349212e+00 4.313e-03
0.800000 11.000000 1.0520268322e+00 -7.6803828762e-01 1.302553e+00 4.333e-03
0.800000 11.050000 1.0025198161e+00 -7.5363938560e-01 1.254200e+00 4.352e-03
0.800000 11.100000 9.5533306635e-01 -7.3397065511e-01 1.204730e+00 4.372e-03
0.800000 11.150000 9.1132505201e-01 -7.0934102700e-01 1.154850e+00 4.391e-03
0.800000 11.200000 8.7129547943e-01 -6.8023795727e-01 1.105387e+00 4.411e-03
0.800000 11.250000 8.3594460472e-01 -6.4730689154e-01 1.057265e+00 4.430e-03
0.800000 11.300000 8.0584222177e-01 -6.1132250426e-01 1.011483e+00 4.450e-03
0.800000 11.350000 7.8140626897e-01 -5.7315641393e-01 9.690738e-01 4.469e-03
0.800000 11.400000 7.6288907880e-01 -5.3374399198e-01 9.310652e-01 4.489e-03
0.800000 11.450000 7.5036961041e-01 -4.9405057183e-01 8.984100e-01 4.508e-03
0.800000 11.500000 7.4375178286e-01 -4.5503655494e-01 8.719088e-01 4.528e-03
0.800000 11.550000 7.4277048299e-01 -4.1762207960e-01 8.521245e-01 4.547e-03
0.800000 11.600000 7.4700648769e-01 -3.8265398116e-01 8.393109e-01 4.567e-03
0.800000 11.650000 7.5590935547e-01 -3.5087889162e-01 8.333756e-01 4.586e-03
0.800000 11.700000 7.6882473165e-01 -3.2292528613e-01 8.338898e-01 4.606e-03
0.800000 11.750000 7.8502137617e-01 -2.9929442259e-01 8.401403e-01 4.625e-03
0.800000 11.800000 8.0371455860e-01 -2.8035717440e-01 8.512093e-01 4.645e-03
0.800000 11.850000 8.2408557974e-01 -2.6635267387e-01 8.660605e-01 4.664e-03
0.800000 11.900000 8.4530009147e-01 -2.5738625139e-01 8.836175e-01 4.684e-03
0.800000 11.950000 8.6652864376e-01 -2.5342738018e-01 9.028274e-01 4.703e-03
0.800000 12.000000 8.8697092316e-01 -2.5431105911e-01 9.227088e-01 4.723e-03
0.800000 12.050000 9.0588170759e-01 -2.5974638746e-01 9.423852e-01 4.742e-03
0.800000 12.100000 9.2259392476e-01 -2.6933365981e-01 9.611036e-01 4.762e-03
0.800000 12.150000 9.3653416340e-01 -2.8258760082e-01 9.782392e-01 4.781e-03
0.800000 12.200000 9.4722867572e-01 -2.9896169061e-01 9.932876e-01 4.801e-03
0.800000 12.250000 9.5430170383e-01 -3.1786855644e-01 1.005849e+00 4.820e-03
0.800000 12.300000 9.5747057298e-01 -3.3869404391e-01 1.015610e+00 4.840e-03
0.800000 12.350000 9.5654196788e-01 -3.6080611893e-01 1.022328e+00 4.860e-03
0.800000 12.400000 9.5141143476e-01 -3.8356202796e-01 1.025818e+00 4.879e-03
0.800000 12.450000 9.4206517421e-01 -4.0631698439e-01 1.025953e+00 4.899e-03
0.800000 12.500000 9.2858154838e-01 -4.2843557471e-01 1.022654e+00 4.918e-03
0.800000 12.550000 9.1113023484e-01 -4.4930482729e-01 1.015890e+00 4.938e-03
0.800000 12.600000 8.8996882016e-01 -4.6834711062e-01 1.005681e+00 4.957e-03
0.800000 12.650000 8.6543810640e-01 -4.8503210904e-01 9.920883e-01 4.977e-03
0.800000 12.700000 8.3795716788e-01 -4.9888893959e-01 9.752243e-01 4.996e-03
0.800000 12.750000 8.0801732495e-01 -5.0952026892e-01 9.552502e-01 5.016e-03
0.800000 12.800000 7.7617217292e-01 -5.1661902593e-01 9.323832e-01 5.035e-03
0.800000 12.850000 7.4302042644e-01 -5.1998550854e-01 9.068982e-01 5.055e-03
0.800000 12.900000 7.0918040657e-01 -5.1954016564e-01 8.791239e-01 5.074e-03
0.800000 12.950000 6.7525861299e-01 -5.1532697163e-01 8.494328e-01 5.094e-03
0.800000 13.000000 6.4181790945e-01 -5.0750470514e-01 8.182245e-01 5.113e-03
0.800000 13.050000 6.0935150603e-01 -4.9632742807e-01 7.859072e-01 5.133e-03
0.800000 13.100000 5.7826670973e-01 -4.8211881358e-01 7.528818e-01 5.152e-03
0.800000 13.150000 5.4887867988e-01 -4.6524585504e-01 7.195287e-01 5.172e-03
0.800000 13.200000 5.2141140893e-01 -4.4609565858e-01 6.862005e-01 5.191e-03
0.800000 13.250000 4.9600250395e-01 -4.2505595538e-01 6.532159e-01 5.211e-03
0.800000 13.300000 4.7271005448e-01 -4.0249783122e-01 6.208537e-01 5.230e-03
0.800000 13.350000 4.5152232503e-01 -3.7875932758e-01 5.893480e-01 5.250e-03
0.800000 13.400000 4.3237215533e-01 -3.5413067586e-01 5.588866e-01 5.269e-03
0.800000 13.450000 4.1515675182e-01 -3.2884420378e-01 5.296165e-01 5.289e-03
0.800000 13.500000 3.9976071116e-01 -3.0307246052e-01 5.016588e-01 5.308e-03
0.800000 13.550000 3.8607758586e-01 -2.7693612536e-01 4.751311e-01 5.328e-03
0.800000 13.600000 3.7402492319e-01 -2.5051981975e-01 4.501720e-01 5.347e-03
0.800000 13.650000 3.6354991915e-01 -2.2389112030e-01 4.269611e-01 5.367e-03
0.800000 13.700000 3.5462634787e-01 -1.9711758059e-01 4.057280e-01 5.387e-03
0.800000 13.750000 3.4724612888e-01 -1.7027858364e-01 3.867488e-01 5.406e-03
0.800000 13.800000 3.4140926954e-01 -1.4347189065e-01 3.703302e-01 5.426e-03
0.800000 13.850000 3.3711409749e-01 -1.1681675185e-01 3.567801e-01 5.445e-03
0.800000 13.900000 3.3434732397e-01 -9.0455179927e-02 3.463673e-01 5.465e-03
0.800000 13.950000 3.3307252893e-01 -6.4550942651e-02 3.392700e-01 5.484e-03
0.800000 14.000000 3.3321701344e-01 -3.9283854542e-02 3.355247e-01 5.504e-03
0.800000 14.050000 3.3465974233e-01 -1.4836925992e-02 3.349885e-01 5.523e-03
0.800000 14.100000 3.3722522188e-01 8.6235795061e-03 3.373355e-01 5.543e-03
0.800000 14.150000 3.4068777424e-01 3.0971376242e-02 3.420927e-01 5.562e-03
0.800000 14.200000 3.4478746836e-01 5.2140154023e-02 3.487076e-01 5.582e-03
0.800000 14.250000 3.4925446450e-01 7.2133983884e-02 3.566258e-01 5.601e-03
0.800000 14.300000 3.5383515504e-01 9.1024982888e-02 3.653558e-01 5.621e-03
0.800000 14.350000 3.5831304273e-01 1.0893971135e-01 3.745078e-01 5.640e-03
0.800000 14.400000 3.6251987469e-01 1.2603941295e-01 3.838054e-01 5.660e-03
0.800000 14.450000 3.6633653587e-01 1.4250019633e-01 3.930760e-01 5.679e-03
0.800000 14.500000 3.6968641660e-01 1.5849761353e-01 4.022307e-01 5.699e-03
0.800000 14.550000 3.7252504571e-01 1.7419731106e-01 4.112416e-01 5.718e-03
0.800000 14.600000 3.7482893024e-01 1.8975133755e-01 4.201218e-01 5.738e-03
0.800000 14.650000 3.7658515188e-01 2.0529917850e-01 4.289104e-01 5.758e-03
0.800000 14.700000 3.7778272957e-01 2.2097312853e-01 4.376630e-01 5.777e-03
0.800000 14.750000 3.7840738818e-01 2.3690785335e-01 4.464499e-01 5.797e-03
0.800000 14.800000 3.7844221512e-01 2.5325294993e-01 4.553631e-01 5.816e-03
0.800000 14.850000 3.7787631908e-01 2.7018525267e-01 4.645327e-01 5.836e-03
0.800000 14.900000 3.7672134859e-01 2.8791599007e-01 4.741462e-01 5.855e-03
0.800000 14.950000 3.7503235882e-01 3.0668824640e-01 4.844656e-01 5.875e-03
0.800000 15.000000 3.7292689621e-01 3.2676301069e-01 4.958312e-01 5.894e-03
0.800000 15.050000 3.7059604155e-01 3.4839626230e-01 5.086466e-01 5.914e-03
0.800000 15.100000 3.6830388787e-01 3.7181288308e-01 5.233475e-01 5.933e-03
0.800000 15.150000 3.6637617518e-01 3.9718387704e-01 5.403578e-01 5.953e-03
0.800000 15.200000 3.6518226585e-01 4.2461113610e-01 5.600471e-01 5.972e-03
0.800000 15.250000 3.6511554879e-01 4.5412028765e-01 5.826960e-01 5.992e-03
0.800000 15.300000 3.6657557955e-01 4.8565925909e-01 6.084756e-01 6.011e-03
0.800000 15.350000 3.6995235193e-01 5.1909966953e-01 6.374396e-01 6.031e-03
0.800000 15.400000 3.7561119341e-01 5.5423987867e-01 6.695264e-01 6.050e-03
0.800000 15.450000 3.8387713351e-01 5.9081082441e-01 7.045701e-01 6.070e-03
0.800000 15.500000 3.9501973657e-01 6.2848667277e-01 7.423181e-01 6.090e-03
0.800000 15.550000 4.0924148434e-01 6.6690090529e-01 7.824547e-01 6.109e-03
0.800000 15.600000 4.2667298166e-01 7.0566564672e-01 8.246295e-01 6.129e-03
0.800000 15.650000 4.4737600690e-01 7.4438982121e-01 8.684823e-01 6.148e-03
0.800000 15.700000 4.7135198202e-01 7.8269188881e-01 9.136626e-01 6.168e-03
0.800000 15.750000 4.9855101278e-01 8.2020568823e-01 9.598388e-01 6.187e-03
0.800000 15.800000 5.2887694753e-01 8.5658175349e-01 1.006699e+00 6.207e-03
0.800000 15.850000 5.6218692493e-01 8.9148903301e-01 1.053948e+00 6.226e-03
0.800000 15.900000 5.9828788060e-01 9.2462160839e-01 1.101305e+00 6.246e-03
0.800000 15.950000 6.3693508781e-01 9.5571196566e-01 1.148508e+00 6.265e-03
0.800000 16.000000 6.7783754805e-01 9.8454844977e-01 1.195324e+00 6.285e-03
0.800000 16.050000 7.2067226008e-01 1.0109920063e+00 1.241561e+00 6.304e-03
0.800000 16.100000 7.6510591558e-01 1.0349874181e+00 1.287084e+00 6.324e-03
0.800000 16.150000 8.1082043512e-01 1.0565664589e+00 1.331827e+00 6.343e-03
0.800000 16.200000 8.5753885408e-01 1.0758429391e+00 1.375795e+00 6.363e-03
0.800000 16.250000 9.0504962638e-01 1.0930007880e+00 1.419072e+00 6.383e-03
0.800000 16.300000 9.5322869958e-01 1.1082757016e+00 1.461821e+00 6.402e-03
0.800000 16.350000 1.0020583840e+00 1.1219295745e+00 1.504276e+00 6.422e-03
0.800000 16.400000 1.0516401840e+00 1.1342167030e+00 1.546737e+00 6.441e-03
0.800000 16.450000 1.1021969014e+00 1.1453426280e+00 1.589543e+00 6.461e-03
0.800000 16.500000 1.1540593315e+00 1.1554199068e+00 1.633049e+00 6.480e-03
0.800000 16.550000 1.2076355863e+00 1.1644281628e+00 1.677581e+00 6.500e-03
0.800000 16.600000 1.2633655952e+00 1.1721864448e+00 1.723402e+00 6.519e-03
0.800000 16.650000 1.3216674741e+00 1.1783434977e+00 1.770677e+00 6.539e-03
0.800000 16.700000 1.3828841574e+00 1.1823870875e+00 1.819453e+00 6.558e-03
0.800000 16.750000 1.4472372908e+00 1.1836692727e+00 1.869644e+00 6.578e-03
0.800000 16.800000 1.5147920582e+00 1.1814424357e+00 1.921042e+00 6.597e-03
0.800000 16.850000 1.5854334787e+00 1.1749014407e+00 1.973320e+00 6.617e-03
0.800000 16.900000 1.6588534385e+00 1.1632292439e+00 2.026055e+00 6.636e-03
0.800000 16.950000 1.7345484292e+00 1.1456447015e+00 2.078740e+00 6.656e-03
0.800000 17.000000 1.8118292746e+00 1.1214509359e+00 2.130816e+00 6.676e-03
0.800000 17.050000 1.8898442245e+00 1.0900807786e+00 2.181694e+00 6.695e-03
0.800000 17.100000 1.9676148542e+00 1.0511341392e+00 2.230783e+00 6.715e-03
0.800000 17.150000 2.0440810245e+00 1.0044024029e+00 2.277519e+00 6.734e-03
0.800000 17.200000 2.1181486680e+00 9.4987762266e-01 2.321383e+00 6.754e-03
0.800000 17.250000 2.1887340901e+00 8.8774815320e-01 2.361917e+00 6.773e-03
0.800000 17.300000 2.2548010493e+00 8.1838531348e-01 2.398725e+00 6.793e-03
0.800000 17.350000 2.3153906302e+00 7.4232597928e-01 2.431477e+00 6.812e-03
0.800000 17.400000 2.3696465666e+00 6.6025367888e-01 2.459911e+00 6.832e-03
0.800000 17.450000 2.4168386347e+00 5.7297747222e-01 2.483830e+00 6.851e-03
0.800000 17.500000 2.4563842327e+00 4.8140594995e-01 2.503113e+00 6.871e-03
0.800000 17.550000 2.4878651343e+00 3.8651448457e-01 2.517711e+00 6.890e-03
0.800000 17.600000 2.5110349367e+00 2.8930695598e-01 2.527646e+00 6.910e-03
0.800000 17.650000 2.5258141201e+00 1.9077656552e-01 2.533009e+00 6.930e-03
0.800000 17.700000 2.5322732064e+00 9.1871821960e-02 2.533939e+00 6.949e-03
0.800000 17.750000 2.5306082022e+00 -6.5276702773e-03 2.530617e+00 6.969e-03
0.800000 17.800000 2.5211141830e+00 -1.0362453167e-01 2.523243e+00 6.988e-03
0.800000 17.850000 2.5041617493e+00 -1.9870850448e-01 2.512033e+00 7.008e-03
0.800000 17.900000 2.4801780723e+00 -2.9115703516e-01 2.497210e+00 7.027e-03
0.800000 17.950000 2.4496313350e+00 -3.8043479687e-01 2.478997e+00 7.047e-03
0.800000 18.000000 2.4130161902e+00 -4.6609306593e-01 2.457619e+00 7.066e-03
0.800000 18.050000 2.3708387125e+00 -5.4776781127e-01 2.433295e+00 7.086e-03
0.800000 18.100000 2.3236011397e+00 -6.2517485647e-01 2.406235e+00 7.105e-03
0.800000 18.150000 2.2717879518e+00 -6.9810149292e-01 2.376629e+00 7.125e-03
0.800000 18.200000 2.2158546903e+00 -7.6639531641e-01 2.344648e+00 7.144e-03
0.800000 18.250000 2.1562198013e+00 -8.2995156792e-01 2.310434e+00 7.164e-03
0.800000 18.300000 2.0932589083e+00 -8.8869952730e-01 2.274098e+00 7.184e-03
0.800000 18.350000 2.0273012779e+00 -9.4258735750e-01 2.235715e+00 7.203e-03
0.800000 18.400000 1.9586296963e+00 -9.9156455229e-01 2.195320e+00 7.223e-03
0.800000 18.450000 1.8874862908e+00 -1.0355625133e+00 2.152904e+00 7.242e-03
0.800000 18.500000 1.8140865775e+00 -1.0744761704e+00 2.108414e+00 7.262e-03
0.800000 18.550000 1.7386417249e+00 -1.1081513254e+00 2.061765e+00 7.281e-03
0.800000 18.600000 1.6613857244e+00 -1.1363820104e+00 2.012850e+00 7.301e-03
0.800000 18.650000 1.5826018313e+00 -1.1589193433e+00 1.961561e+00 7.320e-03
0.800000 18.700000 1.5026429104e+00 -1.1754895340e+00 1.907803e+00 7.340e-03
0.800000 18.750000 1.4219432404e+00 -1.1858160981e+00 1.851508e+00 7.359e-03
0.800000 18.800000 1.3410232129e+00 -1.1896416140e+00 1.792649e+00 7.379e-03
0.800000 18.850000 1.2604907601e+00 -1.1867473744e+00 1.731244e+00 7.398e-03
0.800000 18.900000 1.1810426273e+00 -1.1769730954e+00 1.667371e+00 7.418e-03
0.800000 18.950000 1.1034651301e+00 -1.1602408491e+00 1.601185e+00 7.438e-03
0.800000 19.000000 1.0286299565e+00 -1.1365860283e+00 1.532941e+00 7.457e-03
0.800000 19.050000 9.5747858004e-01 -1.1061939459e+00 1.463021e+00 7.477e-03
0.800000 19.100000 8.9099044751e-01 -1.0694359217e+00 1.391962e+00 7.496e-03
0.800000 19.150000 8.3013467604e-01 -1.0268961274e+00 1.320469e+00 7.516e-03
0.800000 19.200000 7.7581020882e-01 -9.7938147077e-01 1.249428e+00 7.535e-03
0.800000 19.250000 7.2878265824e-01 -9.2791074838e-01 1.179891e+00 7.555e-03
0.800000 19.300000 6.8962614267e-01 -8.7368399321e-01 1.113062e+00 7.574e-03
0.800000 19.350000 6.5867598171e-01 -8.1803611222e-01 1.050256e+00 7.594e-03
0.800000 19.400000 6.3599511410e-01 -7.6237961256e-01 9.928305e-01 7.613e-03
0.800000 19.450000 6.2135534318e-01 -7.0814025988e-01 9.420961e-01 7.633e-03
0.800000 19.500000 6.1423442553e-01 -6.5668862855e-01 8.991796e-01 7.652e-03
0.800000 19.550000 6.1383052320e-01 -6.0927095435e-01 8.648694e-01 7.672e-03
0.800000 19.600000 6.1909502741e-01 -5.6694430608e-01 8.394668e-01 7.692e-03
0.800000 19.650000 6.2878244291e-01 -5.3052237508e-01 8.226915e-01 7.711e-03
0.800000 19.700000 6.4151267216e-01 -5.0053752083e-01 8.136807e-01 7.731e-03
0.800000 19.750000 6.5583855807e-01 -4.7722166004e-01 8.110886e-01 7.750e-03
0.800000 19.800000 6.7031163979e-01 -4.6050439392e-01 8.132540e-01 7.770e-03
0.800000 19.850000 6.8354197798e-01 -4.5002368547e-01 8.183831e-01 7.789e-03
0.800000 19.900000 6.9425203320e-01 -4.4514421138e-01 8.247056e-01 7.809e-03
0.800000 19.950000 7.0132745892e-01 -4.4498130369e-01 8.305833e-01 7.828e-03
0.800000 20.000000 7.0386748325e-01 -4.4843238026e-01 8.345784e-01 7.848e-03
0.800000 20.050000 7.0123432749e-01 -4.5422035889e-01 8.354913e-01 7.867e-03
0.800000 20.100000 6.9309672069e-01 -4.6095297251e-01 8.323825e-01 7.887e-03
0.800000 20.150000 6.7945957689e-01 -4.6719823990e-01 8.245844e-01 7.906e-03
0.800000 20.200000 6.6067199066e-01 -4.7157142917e-01 8.117063e-01 7.926e-03
0.800000 20.250000 6.3740876716e-01 -4.7282503986e-01 7.936331e-01 7.946e-03
0.800000 20.300000 6.1062510033e-01 -4.6993207664e-01 7.705188e-01 7.965e-03
0.800000 20.350000 5.8148780782e-01 -4.6215401862e-01 7.427748e-01 7.985e-03
0.800000 20.400000 5.5128873733e-01 -4.4908705638e-01 7.110545e-01 8.004e-03
0.800000 20.450000 5.2134697832e-01 -4.3068204346e-01 6.762320e-01 8.024e-03
0.800000 20.500000 4.9290748343e-01 -4.0723492307e-01 6.393732e-01 8.043e-03
0.800000 20.550000 4.6704530745e-01 -3.7934603896e-01 6.016932e-01 8.063e-03
0.800000 20.600000 4.4458632639e-01 -3.4784988711e-01 5.644967e-01 8.082e-03
0.800000 20.650000 4.2605539975e-01 -3.1372172903e-01 5.290978e-01 8.102e-03
0.800000 20.700000 4.1166001042e-01 -2.7797273585e-01 4.967221e-01 8.121e-03
0.800000 20.750000 4.0131138679e-01 -2.4154863730e-01 4.683979e-01 8.141e-03
0.800000 20.800000 3.9467774954e-01 -2.0524628147e-01 4.448557e-01 8.161e-03
0.800000 20.850000 3.9125844178e-01 -1.6965786572e-01 4.264586e-01 8.180e-03
0.800000 20.900000 3.9046557685e-01 -1.3514571503e-01 4.131921e-01 8.200e-03
0.800000 20.950000 3.9170187837e-01 -1.0184427304e-01 4.047254e-01 8.219e-03
0.800000 21.000000 3.9442791558e-01 -6.9682759432e-02 4.005360e-01 8.239e-03
0.800000 21.050000 3.9821626646e-01 -3.8422179858e-02 4.000656e-01 8.258e-03
0.800000 21.100000 4.0279224294e-01 -7.7025377196e-03 4.028659e-01 8.278e-03
0.800000 21.150000 4.0806046688e-01 2.2902132911e-02 4.087026e-01 8.297e-03
0.800000 21.200000 4.1411530579e-01 5.3823452289e-02 4.175984e-01 8.317e-03
0.800000 21.250000 4.2123297748e-01 8.5437509365e-02 4.298102e-01 8.336e-03
0.800000 21.300000 4.2984504134e-01 1.1800913079e-01 4.457498e-01 8.356e-03
0.800000 21.350000 4.4049632171e-01 1.5164805464e-01 4.658692e-01 8.376e-03
0.800000 21.400000 4.5379317210e-01 1.8628118029e-01 4.905394e-01 8.395e-03
0.800000 21.450000 4.7034868223e-01 2.2164146391e-01 5.199546e-01 8.415e-03
0.800000 21.500000 4.9072967362e-01 2.5727113142e-01 5.540795e-01 8.434e-03
0.800000 21.550000 5.1540749954e-01 2.9253622809e-01 5.926401e-01 8.454e-03
0.800000 21.600000 5.4471283463e-01 3.2665105839e-01 6.351480e-01 8.473e-03
0.800000 21.650000 5.7879510643e-01 3.5871315338e-01 6.809397e-01 8.493e-03
0.800000 21.700000 6.1758954902e-01 3.8774995886e-01 7.292235e-01 8.512e-03
0.800000 21.750000 6.6079712991e-01 4.1277643762e-01 7.791259e-01 8.532e-03
0.800000 21.800000 7.0788271497e-01 4.3285903826e-01 8.297378e-01 8.551e-03
0.800000 21.850000 7.5809398537e-01 4.4717819050e-01 8.801561e-01 8.571e-03
0.800000 21.900000 8.1049891487e-01 4.5508077858e-01 9.295198e-01 8.590e-03
0.800000 21.950000 8.6403541943e-01 4.5611657955e-01 9.770361e-01 8.610e-03
0.800000 22.000000 9.1756521973e-01 4.5005715691e-01 1.021997e+00 8.630e-03
0.800000 22.050000 9.6992553108e-01 4.3689979231e-01 1.063784e+00 8.649e-03
0.800000 22.100000 1.0199755724e+00 4.1686076591e-01 1.101873e+00 8.669e-03
0.800000 22.150000 1.0666378199e+00 3.9036134904e-01 1.135825e+00 8.688e-03
0.800000 22.200000 1.1089347886e+00 3.5800765347e-01 1.165292e+00 8.708e-03
0.800000 22.250000 1.1460209224e+00 3.2056403042e-01 1.190011e+00 8.727e-03
0.800000 22.300000 1.1772074391e+00 2.7892024720e-01 1.209799e+00 8.747e-03
0.800000 22.350000 1.2019775559e+00 2.3405475585e-01 1.224554e+00 8.766e-03
0.800000 22.400000 1.2199912189e+00 1.8699829111e-01 1.234239e+00 8.786e-03
0.800000 22.450000 1.2310814051e+00 1.3880207721e-01 1.238882e+00 8.805e-03
0.800000 22.500000 1.2352463544e+00 9.0512647332e-02 1.238558e+00 8.825e-03
0.800000 22.550000 1.2326420807e+00 4.3151904374e-02 1.233397e+00 8.845e-03
0.800000 22.600000 1.2235770751e+00 -2.3013515640e-03 1.223579e+00 8.864e-03
0.800000 22.650000 1.2085077077e+00 -4.4932120964e-02 1.209343e+00 8.884e-03
0.800000 22.700000 1.1880306033e+00 -8.3913342492e-02 1.190990e+00 8.903e-03
0.800000 22.750000 1.1628685352e+00 -1.1853145058e-01 1.168894e+00 8.923e-03
0.800000 22.800000 1.1338488593e+00 -1.4820941575e-01 1.143494e+00 8.942e-03
0.800000 22.850000 1.1018764350e+00 -1.7252384087e-01 1.115301e+00 8.962e-03
0.800000 22.900000 1.0679044392e+00 -1.9121505823e-01 1.084889e+00 8.981e-03
0.800000 22.950000 1.0329056603e+00 -2.0419161227e-01 1.052895e+00 9.001e-03
0.800000 23.000000 9.9784460108e-01 -2.1153129116e-01 1.020019e+00 9.020e-03
0.800000 23.050000 9.6364885832e-01 -2.1347953364e-01 9.870120e-01 9.040e-03
0.800000 23.100000 9.3117828218e-01 -2.1044370471e-01 9.546620e-01 9.060e-03
0.800000 23.150000 9.0119244870e-01 -2.0298027028e-01 9.237688e-01 9.079e-03
0.800000 23.200000 8.7431961939e-01 -1.9177257707e-01 8.951042e-01 9.099e-03
0.800000 23.250000 8.5103174737e-01 -1.7759951733e-01 8.693656e-01 9.118e-03
0.800000 23.300000 8.3162919358e-01 -1.6129824316e-01 8.471271e-01 9.138e-03
0.800000 23.350000 8.1623618154e-01 -1.4372548577e-01 8.287934e-01 9.157e-03
0.800000 23.400000 8.0480536387e-01 -1.2572118654e-01 8.145658e-01 9.177e-03
0.800000 23.450000 7.9712885340e-01 -1.0807589274e-01 8.044220e-01 9.196e-03
0.800000 23.500000 7.9285408091e-01 -9.1501506350e-02 7.981166e-01 9.216e-03
0.800000 23.550000 7.9150472518e-01 -7.6604926088e-02 7.952031e-01 9.235e-03
0.800000 23.600000 7.9250785594e-01 -6.3865861599e-02 7.950771e-01 9.255e-03
0.800000 23.650000 7.9522716597e-01 -5.3622095549e-02 7.970330e-01 9.275e-03
0.800000 23.700000 7.9899922776e-01 -4.6065749840e-02 8.003261e-01 9.294e-03
0.800000 23.750000 8.0316703541e-01 -4.1251723678e-02 8.042257e-01 9.314e-03
0.800000 23.800000 8.0710482086e-01 -3.9115308238e-02 8.080521e-01 9.333e-03
0.800000 23.850000 8.1023109253e-01 -3.9492375416e-02 8.111930e-01 9.353e-03
0.800000 23.900000 8.1201183992e-01 -4.2134812971e-02 8.131043e-01 9.372e-03
0.800000 23.950000 8.1196026773e-01 -4.6716831701e-02 8.133031e-01 9.392e-03
0.800000 24.000000 8.0964079156e-01 -5.2833068824e-02 8.113628e-01 9.411e-03
0.800000 24.050000 8.0468252028e-01 -5.9994333505e-02 8.069159e-01 9.431e-03
0.800000 24.100000 7.9680237715e-01 -6.7628881437e-02 7.996672e-01 9.450e-03
0.800000 24.150000 7.8583299214e-01 -7.5095416541e-02 7.894130e-01 9.470e-03
0.800000 24.200000 7.7174787566e-01 -8.1709766679e-02 7.760614e-01 9.490e-03
0.800000 24.250000 7.5467694417e-01 -8.6782667511e-02 7.596503e-01 9.509e-03
0.800000 24.300000 7.3490823063e-01 -8.9663271740e-02 7.403578e-01 9.529e-03
0.800000 24.350000 7.1287475684e-01 -8.9782430107e-02 7.185063e-01 9.548e-03
0.800000 24.400000 6.8912772341e-01 -8.6690618612e-02 6.945591e-01 9.568e-03
0.800000 24.450000 6.6429828359e-01 -8.0086332020e-02 6.691084e-01 9.587e-03
0.800000 24.500000 6.3905107947e-01 -6.9831241161e-02 6.428551e-01 9.607e-03
0.800000 24.550000 6.1403424004e-01 -5.5948963421e-02 6.165779e-01 9.626e-03
0.800000 24.600000 5.8983247159e-01 -3.8606012835e-02 5.910946e-01 9.646e-03
0.800000 24.650000 5.6693092388e-01 -1.8076883146e-02 5.672190e-01 9.665e-03
0.800000 24.700000 5.4569621287e-01 5.3005915432e-03 5.457220e-01 9.685e-03
0.800000 24.750000 5.2637691668e-01 3.1170454794e-02 5.272990e-01 9.705e-03
0.800000 24.800000 5.0912036079e-01 5.9195393118e-02 5.125501e-01 9.724e-03
0.800000 24.850000 4.9399811316e-01 8.9079699906e-02 5.019655e-01 9.744e-03
0.800000 24.900000 4.8103161207e-01 1.2057877118e-01 4.959140e-01 9.763e-03
0.800000 24.950000 4.7021231141e-01 1.5350027709e-01 4.946331e-01 9.783e-03
0.800000 25.000000 4.6151598269e-01 1.8770357492e-01 4.982265e-01 9.802e-03
0.800000 25.050000 4.5491535589e-01 2.2310133442e-01 5.066776e-01 9.822e-03
0.800000 25.100000 4.5039652875e-01 2.5966241600e-01 5.198861e-01 9.841e-03
0.800000 25.150000 4.4798189296e-01 2.9741077362e-01 5.377183e-01 9.861e-03
0.800000 25.200000 4.4775736447e-01 3.3641406928e-01 5.600545e-01 9.881e-03
0.800000 25.250000 4.4989733558e-01 3.7675837804e-01 5.868173e-01 9.900e-03
0.800000 25.300000 4.5467933570e-01 4.1851027605e-01 6.179678e-01 9.920e-03
0.800000 25.350000 4.6248241035e-01 4.6167212907e-01 6.534762e-01 9.939e-03
0.800000 25.400000 4.7376731022e-01 5.0613850735e-01 6.932760e-01 9.959e-03
0.800000 25.450000 4.8904053142e-01 5.5166099040e-01 7.372181e-01 9.978e-03
0.800000 25.500000 5.0880654430e-01 5.9782640784e-01 7.850354e-01 9.998e-03
0.800000 25.550000 5.3351316258e-01 6.4405144882e-01 8.363244e-01 1.002e-02
0.800000 25.600000 5.6349506549e-01 6.8959538875e-01 8.905439e-01 1.004e-02
0.800000 25.650000 5.9892112133e-01 7.3359192470e-01 9.470288e-01 1.006e-02
0.800000 25.700000 6.3975242509e-01 7.7509954175e-01 1.005019e+00 1.008e-02
0.800000 25.750000 6.8571866643e-01 8.1316669554e-01 1.063696e+00 1.010e-02
0.800000 25.800000 7.3631902750e-01 8.4690401402e-01 1.122235e+00 1.012e-02
0.800000 25.850000 7.9084963827e-01 8.7555255863e-01 1.179846e+00 1.013e-02
0.800000 25.900000 8.4845373445e-01 8.9853692181e-01 1.235816e+00 1.015e-02
0.800000 25.950000 9.0818540522e-01 9.1549529996e-01 1.289547e+00 1.017e-02
0.800000 26.000000 9.6907549046e-01 9.2628450333e-01 1.340563e+00 1.019e-02
0.800000 26.050000 1.0301896628e+00 9.3096365999e-01 1.388519e+00 1.021e-02
0.800000 26.100000 1.0906729198e+00 9.2976377317e-01 1.433188e+00 1.023e-02
0.800000 26.150000 1.1497792757e+00 9.2305041592e-01 1.474454e+00 1.025e-02
0.800000 26.200000 1.2068882633e+00 9.1128468746e-01 1.512289e+00 1.027e-02
0.800000 26.250000 1.2615102799e+00 8.9498515590e-01 1.546741e+00 1.029e-02
0.800000 26.300000 1.3132818837e+00 8.7469252910e-01 1.577909e+00 1.031e-02
0.800000 26.350000 1.3619516310e+00 8.5093941592e-01 1.605930e+00 1.033e-02
0.800000 26.400000 1.4073580945e+00 8.2422850837e-01 1.630954e+00 1.035e-02
0.800000 26.450000 1.4494039459e+00 7.9502218572e-01 1.653128e+00 1.037e-02
0.800000 26.500000 1.4880318432e+00 7.6374420377e-01 1.672586e+00 1.039e-02
0.800000 26.550000 1.5232076953e+00 7.3079063452e-01 1.689443e+00 1.041e-02
0.800000 26.600000 1.5549142732e+00 6.9654445875e-01 1.703799e+00 1.043e-02
0.800000 26.650000 1.5831542789e+00 6.6138782383e-01 1.715754e+00 1.045e-02
0.800000 26.700000 1.6079589423e+00 6.2570818078e-01 1.725411e+00 1.047e-02
0.800000 26.750000 1.6293975580e+00 5.8989791739e-01 1.732892e+00 1.049e-02
0.800000 26.800000 1.6475851031e+00 5.5434962991e-01 1.738344e+00 1.051e-02
0.800000 26.850000 1.6626876781e+00 5.1944947385e-01 1.741941e+00 1.053e-02
0.800000 26.900000 1.6749270099e+00 4.8556937831e-01 1.743892e+00 1.055e-02
0.800000 26.950000 1.6845846357e+00 4.5305695907e-01 1.744444e+00 1.056e-02
0.800000 27.000000 1.6920042891e+00 4.2222154474e-01 1.743889e+00 1.058e-02
0.800000 27.050000 1.6975892811e+00 3.9331647387e-01 1.742558e+00 1.060e-02
0.800000 27.100000 1.7017920089e+00 3.6652066479e-01 1.740814e+00 1.062e-02
0.800000 27.150000 1.7050953853e+00 3.4192434573e-01 1.739041e+00 1.064e-02
0.800000 27.200000 1.7079895166e+00 3.1952316332e-01 1.737620e+00 1.066e-02
0.800000 27.250000 1.7109490923e+00 2.9922171923e-01 1.736917e+00 1.068e-02
0.800000 27.300000 1.7144161905e+00 2.8084371201e-01 1.737267e+00 1.070e-02
0.800000 27.350000 1.7187898667e+00 2.6414368448e-01 1.738968e+00 1.072e-02
0.800000 27.400000 1.7244200396e+00 2.4881630448e-01 1.742278e+00 1.074e-02
0.800000 27.450000 1.7316012966e+00 2.3450255963e-01 1.747408e+00 1.076e-02
0.800000 27.500000 1.7405635848e+00 2.2079597141e-01 1.754512e+00 1.078e-02
0.800000 27.550000 1.7514605308e+00 2.0725342151e-01 1.763680e+00 1.080e-02
0.800000 27.600000 1.7643599481e+00 1.9341329142e-01 1.774929e+00 1.082e-02
0.800000 27.650000 1.7792424216e+00 1.7881930969e-01 1.788206e+00 1.084e-02
0.800000 27.700000 1.7960116661e+00 1.6304426032e-01 1.803397e+00 1.086e-02
0.800000 27.750000 1.8145156665e+00 1.4570599506e-01 1.820356e+00 1.088e-02
0.800000 27.800000 1.8345728082e+00 1.2647001384e-01 1.838927e+00 1.090e-02
0.800000 27.850000 1.8559946436e+00 1.0503730411e-01 1.858964e+00 1.092e-02
0.800000 27.900000 1.8785975276e+00 8.1121049009e-02 1.880348e+00 1.094e-02
0.800000 27.950000 1.9021984320e+00 5.4419275484e-02 1.902977e+00 1.096e-02
0.800000 28.000000 1.9265942179e+00 2.4591742945e-02 1.926751e+00 1.098e-02
0.800000 28.050000 1.9515272503e+00 -8.7511915160e-03 1.951547e+00 1.099e-02
0.800000 28.100000 1.9766431403e+00 -4.6041518742e-02 1.977179e+00 1.101e-02
0.800000 28.150000 2.0014489398e+00 -8.7724305681e-02 2.003371e+00 1.103e-02
0.800000 28.200000 2.0252824028e+00 -1.3420551249e-01 2.029724e+00 1.105e-02
0.800000 28.250000 2.0473040974e+00 -1.8578129374e-01 2.055716e+00 1.107e-02
0.800000 28.300000 2.0665225675e+00 -2.4255965642e-01 2.080709e+00 1.109e-02
0.800000 28.350000 2.0818570739e+00 -3.0439129369e-01 2.103992e+00 1.111e-02
0.800000 28.400000 2.0922330403e+00 -3.7082890342e-01 2.124842e+00 1.113e-02
0.800000 28.450000 2.0966947403e+00 -4.4113093705e-01 2.142598e+00 1.115e-02
0.800000 28.500000 2.0945119622e+00 -5.1431625863e-01 2.156734e+00 1.117e-02
0.800000 28.550000 2.0852559077e+00 -5.8926315419e-01 2.166916e+00 1.119e-02
0.800000 28.600000 2.0688256553e+00 -6.6483393338e-01 2.173026e+00 1.121e-02
0.800000 28.650000 2.0454183073e+00 -7.3999931187e-01 2.175163e+00 1.123e-02
0.800000 28.700000 2.0154494003e+00 -8.1393706206e-01 2.173598e+00 1.125e-02
0.800000 28.750000 1.9794409312e+00 -8.8608633231e-01 2.168717e+00 1.127e-02
0.800000 28.800000 1.9378997304e+00 -9.5614957160e-01 2.160944e+00 1.129e-02
0.800000 28.850000 1.8912086163e+00 -1.0240446265e+00 2.150660e+00 1.131e-02
0.800000 28.900000 1.8395483839e+00 -1.0898178500e+00 2.138140e+00 1.133e-02
0.800000 28.950000 1.7828623018e+00 -1.1535342200e+00 2.123497e+00 1.135e-02
0.800000 29.000000 1.7208678033e+00 -1.2151628857e+00 2.106658e+00 1.137e-02
0.800000 29.050000 1.6531129453e+00 -1.2744767097e+00 2.087360e+00 1.139e-02
0.800000 29.100000 1.5790682122e+00 -1.3309821001e+00 2.065180e+00 1.141e-02
0.800000 29.150000 1.4982382214e+00 -1.3838903086e+00 2.039576e+00 1.142e-02
0.800000 29.200000 1.4102744760e+00 -1.4321335689e+00 2.009945e+00 1.144e-02
0.800000 29.250000 1.3150711503e+00 -1.4744205163e+00 1.975684e+00 1.146e-02
0.800000 29.300000 1.2128313500e+00 -1.5093179780e+00 1.936234e+00 1.148e-02
0.800000 29.350000 1.1040997422e+00 -1.5353430951e+00 1.891115e+00 1.150e-02
0.800000 29.400000 9.8976572150e-01 -1.5510518509e+00 1.839945e+00 1.152e-02
0.800000 29.450000 8.7104620052e-01 -1.5551160930e+00 1.782444e+00 1.154e-02
0.800000 29.500000 7.4945728262e-01 -1.5463879078e+00 1.718430e+00 1.156e-02
0.800000 29.550000 6.2678054732e-01 -1.5239546299e+00 1.647814e+00 1.158e-02
0.800000 29.600000 5.0502527544e-01 -1.4871884775e+00 1.570599e+00 1.160e-02
0.800000 29.650000 3.8638530145e-01 -1.4357928708e+00 1.486874e+00 1.162e-02
0.800000 29.700000 2.7318909653e-01 -1.3698454029e+00 1.396821e+00 1.164e-02
0.800000 29.750000 1.6784268104e-01 -1.2898371407e+00 1.300712e+00 1.166e-02
0.800000 29.800000 7.2764591666e-02 -1.1967092498e+00 1.198919e+00 1.168e-02
0.800000 29.850000 -9.6908959596e-03 -1.0918884577e+00 1.091931e+00 1.170e-02
0.800000 29.900000 -7.7330352204e-02 -9.7731969872e-01 9.803743e-01 1.172e-02
0.800000 29.950000 -1.2824734387e-01 -8.5548645177e-01 8.650459e-01 1.174e-02
0.800000 30.000000 -1.6098299750e-01 -7.2939932271e-01 7.469531e-01 1.176e-02
0.800000 30.050000 -1.7471292196e-01 -6.0252683589e-01 6.273462e-01 1.178e-02
0.800000 30.100000 -1.6943460613e-01 -4.7864502721e-01 5.077491e-01 1.180e-02
0.800000 30.150000 -1.4611359776e-01 -3.6159708484e-01 3.900021e-01 1.182e-02
0.800000 30.200000 -1.0674093682e-01 -2.5497850883e-01 2.764194e-01 1.184e-02
0.800000 30.250000 -5.4263599672e-02 -1.6178961682e-01 1.706471e-01 1.185e-02
0.800000 30.300000 7.6263521978e-03 -8.4116110851e-02 8.446112e-02 1.187e-02
0.800000 30.350000 7.4825982282e-02 -2.2902112067e-02 7.825238e-02 1.189e-02
0.800000 30.400000 1.4323042793e-01 2.2134012787e-02 1.449306e-01 1.191e-02
0.800000 30.450000 2.0914838470e-01 5.2418979592e-02 2.156172e-01 1.193e-02
0.800000 30.500000 2.6965314725e-01 7.0291270329e-02 2.786641e-01 1.195e-02
0.800000 30.550000 3.2281243122e-01 7.8657991753e-02 3.322573e-01 1.197e-02
0.800000 30.600000 3.6776656092e-01 8.0603990826e-02 3.764960e-01 1.199e-02
0.800000 30.650000 4.0465548923e-01 7.9019501935e-02 4.122986e-01 1.201e-02
0.800000 30.700000 4.3442272744e-01 7.6302437473e-02 4.410727e-01 1.203e-02
0.800000 30.750000 4.5854276284e-01 7.4171055407e-02 4.645028e-01 1.205e-02
0.800000 30.800000 4.7872511615e-01 7.3598057340e-02 4.843495e-01 1.207e-02
0.800000 30.850000 4.9664316335e-01 7.4854198327e-02 5.022525e-01 1.209e-02
0.800000 30.900000 5.1372212732e-01 7.7632995532e-02 5.195549e-01 1.211e-02
0.800000 30.950000 5.3100277748e-01 8.1220724520e-02 5.371785e-01 1.213e-02
0.800000 31.000000 5.4908031964e-01 8.4677619933e-02 5.555713e-01 1.215e-02
0.800000 31.050000 5.6810575195e-01 8.7004663309e-02 5.747295e-01 1.217e-02
0.800000 31.100000 5.8783159803e-01 8.7281607710e-02 5.942761e-01 1.219e-02
0.800000 31.150000 6.0768487119e-01 8.4771893396e-02 6.135692e-01 1.221e-02
0.800000 31.200000 6.2685478501e-01 7.8996146428e-02 6.318127e-01 1.223e-02
0.800000 31.250000 6.4438778222e-01 6.9777556831e-02 6.481547e-01 1.225e-02
0.800000 31.300000 6.5928541377e-01 5.7261197875e-02 6.617674e-01 1.227e-02
0.800000 31.350000 6.7060082577e-01 4.1907765951e-02 6.719090e-01 1.229e-02
0.800000 31.400000 6.7752827069e-01 2.4462193916e-02 6.779697e-01 1.230e-02
0.800000 31.450000 6.7947907164e-01 5.8994605475e-03 6.795047e-01 1.232e-02
0.800000 31.500000 6.7613816464e-01 -1.2647449765e-02 6.762564e-01 1.234e-02
0.800000 31.550000 6.6749765421e-01 -2.9970693071e-02 6.681702e-01 1.236e-02
0.800000 31.600000 6.5386650661e-01 -4.4874987090e-02 6.554046e-01 1.238e-02
0.800000 31.650000 6.3585720624e-01 -5.6263634605e-02 6.383416e-01 1.240e-02
0.800000 31.700000 6.1435050411e-01 -6.3218530194e-02 6.175946e-01 1.242e-02
0.800000 31.750000 5.9043917821e-01 -6.5069364298e-02 5.940138e-01 1.244e-02
0.800000 31.800000 5.6535252058e-01 -6.1445942715e-02 5.686819e-01 1.246e-02
0.800000 31.850000 5.4036598287e-01 -5.2306525517e-02 5.428917e-01 1.248e-02
0.800000 31.900000 5.1670447769e-01 -3.7936177437e-02 5.180952e-01 1.250e-02
0.800000 31.950000 4.9545127612e-01 -1.8913203706e-02 4.958121e-01 1.252e-02
0.800000 32.000000 4.7747502485e-01 3.9520652681e-03 4.774914e-01 1.254e-02
0.800000 32.050000 4.6338406867e-01 2.9695973229e-02 4.643346e-01 1.256e-02
0.800000 32.100000 4.5351093339e-01 5.7284547125e-02 4.571145e-01 1.258e-02
0.800000 32.150000 4.4792303348e-01 8.5688846710e-02 4.560456e-01 1.260e-02
0.800000 32.200000 4.4645117341e-01 1.1394534787e-01 4.607626e-01 1.262e-02
0.800000 32.250000 4.4872667709e-01 1.4119980728e-01 4.704179e-01 1.264e-02
0.800000 32.300000 4.5422047937e-01 1.6673731895e-01 4.838570e-01 1.266e-02
0.800000 32.350000 4.6228124065e-01 1.9000267150e-01 4.998049e-01 1.268e-02
0.800000 32.400000 4.7217235577e-01 2.1061405940e-01 5.170155e-01 1.270e-02
0.800000 32.450000 4.8310860356e-01 2.2837131198e-01 5.343663e-01 1.272e-02
0.800000 32.500000 4.9429261084e-01 2.4325864970e-01 5.509083e-01 1.273e-02
0.800000 32.550000 5.0495060875e-01 2.5544203938e-01 5.658849e-01 1.275e-02
0.800000 32.600000 5.1436713318e-01 2.6526175474e-01 5.787377e-01 1.277e-02
0.800000 32.650000 5.2191923139e-01 2.7322058804e-01 5.891088e-01 1.279e-02
0.800000 32.700000 5.2711126868e-01 2.7996680386e-01 5.968481e-01 1.281e-02
0.800000 32.750000 5.2961043236e-01 2.8626910236e-01 6.020276e-01 1.283e-02
0.800000 32.800000 5.2928036766e-01 2.9298010162e-01 6.049587e-01 1.285e-02
0.800000 32.850000 5.2620726643e-01 3.0098640197e-01 6.062070e-01 1.287e-02
0.800000 32.900000 5.2071108934e-01 3.1114710493e-01 6.065909e-01 1.289e-02
0.800000 32.950000 5.1333584181e-01 3.2422719676e-01 6.071548e-01 1.291e-02
0.800000 33.000000 5.0481686547e-01 3.4083529352e-01 6.091049e-01 1.293e-02
0.800000 33.050000 4.9602834901e-01 3.6137533723e-01 6.137070e-01 1.295e-02
0.800000 33.100000 4.8791850551e-01 3.8601892029e-01 6.221536e-01 1.297e-02
0.800000 33.150000 4.8144158224e-01 4.1470044574e-01 6.354231e-01 1.299e-02
0.800000 33.200000 4.7749498443e-01 4.4713323220e-01 6.541633e-01 1.301e-02
0.800000 33.250000 4.7686746392e-01 4.8284219208e-01 6.786304e-01 1.303e-02
0.800000 33.300000 4.8020197322e-01 5.2120783497e-01 7.086971e-01 1.305e-02
0.800000 33.350000 4.8797510067e-01 5.6151617299e-01 7.439221e-01 1.307e-02
0.800000 33.400000 5.0049363043e-01 6.0300880685e-01 7.836539e-01 1.309e-02
0.800000 33.450000 5.1790689199e-01 6.4492709955e-01 8.271388e-01 1.311e-02
0.800000 33.500000 5.4023087684e-01 6.8654481399e-01 8.736093e-01 1.313e-02
0.800000 33.550000 5.6737740379e-01 7.2718585294e-01 9.223429e-01 1.315e-02
0.800000 33.600000 5.9918047535e-01 7.6622776426e-01 9.726881e-01 1.316e-02
0.800000 33.650000 6.3541362622e-01 8.0309604734e-01 1.024067e+00 1.318e-02
0.800000 33.700000 6.7579635676e-01 8.3725686351e-01 1.075965e+00 1.320e-02
0.800000 33.750000 7.1999284745e-01 8.6821494939e-01 1.127913e+00 1.322e-02
0.800000 33.800000 7.6760948789e-01 8.9551953279e-01 1.179483e+00 1.324e-02
0.800000 33.850000 8.1819751654e-01 9.1877589260e-01 1.230283e+00 1.326e-02
0.800000 33.900000 8.7126340812e-01 9.3765669325e-01 1.279961e+00 1.328e-02
0.800000 33.950000 9.2628468737e-01 9.5190727490e-01 1.328206e+00 1.330e-02
0.800000 34.000000 9.8272545198e-01 9.6134252998e-01 1.374747e+00 1.332e-02
0.800000 34.050000 1.0400459276e+00 9.6583770973e-01 1.419344e+00 1.334e-02
0.800000 34.100000 1.0977036231e+00 9.6531870050e-01 1.461777e+00 1.336e-02
0.800000 34.150000 1.1551479959e+00 9.5975729182e-01 1.501833e+00 1.338e-02
0.800000 34.200000 1.2118133876e+00 9.4917409691e-01 1.539293e+00 1.340e-02
0.800000 34.250000 1.2671149659e+00 9.3364815036e-01 1.573937e+00 1.342e-02
0.800000 34.300000 1.3204501006e+00 9.1333009172e-01 1.605541e+00 1.344e-02
0.800000 34.350000 1.3712050741e+00 8.8845621288e-01 1.633878e+00 1.346e-02
0.800000 34.400000 1.4187662394e+00 8.5936254133e-01 1.658735e+00 1.348e-02
0.800000 34.450000 1.4625361294e+00 8.2649943298e-01 1.679915e+00 1.350e-02
0.800000 34.500000 1.5019571726e+00 7.9044617770e-01 1.697257e+00 1.352e-02
0.800000 34.550000 1.5365462451e+00 7.5192195994e-01 1.710661e+00 1.354e-02
0.800000 34.600000 1.5659407686e+00 7.1178612847e-01 1.720119e+00 1.356e-02
0.800000 34.650000 1.5899519249e+00 6.7101975921e-01 1.725750e+00 1.358e-02
0.800000 34.700000 1.6086152317e+00 6.3068351467e-01 1.727832e+00 1.360e-02
0.800000 34.750000 1.6222261982e+00 5.9185315489e-01 1.726820e+00 1.361e-02
0.800000 34.800000 1.6313508229e+00 5.5554106769e-01 1.723349e+00 1.363e-02
0.800000 34.850000 1.6368067194e+00 5.2261664125e-01 1.718215e+00 1.365e-02
0.800000 34.900000 1.6396180629e+00 4.9373823698e-01 1.712345e+00 1.367e-02
0.800000 34.950000 1.6409531386e+00 4.6930525520e-01 1.706744e+00 1.369e-02
0.800000 35.000000 1.6420550330e+00 4.4943259496e-01 1.702450e+00 1.371e-02
0.800000 35.050000 1.6441739571e+00 4.3394452793e-01 1.700475e+00 1.373e-02
0.800000 35.100000 1.6485055959e+00 4.2238250283e-01 1.701757e+00 1.375e-02
0.800000 35.150000 1.6561359699e+00 4.1402182710e-01 1.707103e+00 1.377e-02
0.800000 35.200000 1.6679910447e+00 4.0789434801e-01 1.717141e+00 1.379e-02
0.800000 35.250000 1.6847889160e+00 4.0281669548e-01 1.732275e+00 1.381e-02
0.800000 35.300000 1.7069931857e+00 3.9742548780e-01 1.752647e+00 1.383e-02
0.800000 35.350000 1.7347674816e+00 3.9022207606e-01 1.778115e+00 1.385e-02
0.800000 35.400000 1.7679328462e+00 3.7963010757e-01 1.808233e+00 1.387e-02
0.800000 35.450000 1.8059321763e+00 3.6406921217e-01 1.842264e+00 1.389e-02
0.800000 35.500000 1.8478089130e+00 3.4204668209e-01 1.879200e+00 1.391e-02
0.800000 35.550000 1.8922097724e+00 3.1226536719e-01 1.917803e+00 1.393e-02
0.800000 35.600000 1.9374217361e+00 2.7374030336e-01 1.956665e+00 1.395e-02
0.800000 35.650000 1.9814503223e+00 2.2591039517e-01 1.994287e+00 1.397e-02
0.800000 35.700000 2.0221391913e+00 1.6872731730e-01 2.029166e+00 1.399e-02
0.800000 35.750000 2.0573221118e+00 1.0270394277e-01 2.059884e+00 1.401e-02
0.800000 35.800000 2.0849901870e+00 2.8909749307e-02 2.085191e+00 1.403e-02
0.800000 35.850000 2.1034528087e+00 -5.1090580817e-02 2.104073e+00 1.404e-02
0.800000 35.900000 2.1114713423e+00 -1.3534956993e-01 2.115805e+00 1.406e-02
0.800000 35.950000 2.1083492754e+00 -2.2168695590e-01 2.119972e+00 1.408e-02
0.800000 36.000000 2.0939693600e+00 -3.0785971467e-01 2.116479e+00 1.410e-02
0.800000 36.050000 2.0687750096e+00 -3.9173347132e-01 2.105537e+00 1.412e-02
0.800000 36.100000 2.0336988739e+00 -4.7143749787e-01 2.087627e+00 1.414e-02
0.800000 36.150000 1.9900464233e+00 -5.4548711303e-01 2.063454e+00 1.416e-02
0.800000 36.200000 1.9393472859e+00 -6.1285974878e-01 2.033879e+00 1.418e-02
0.800000 36.250000 1.8831920661e+00 -6.7301521656e-01 1.999840e+00 1.420e-02
0.800000 36.300000 1.8230761583e+00 -7.2585766452e-01 1.962263e+00 1.422e-02
0.800000 36.350000 1.7602726197e+00 -7.7164594193e-01 1.921977e+00 1.424e-02
0.800000 36.400000 1.6957518946e+00 -8.1086846061e-01 1.879649e+00 1.426e-02
0.800000 36.450000 1.6301573363e+00 -8.4410512536e-01 1.835736e+00 1.428e-02
0.800000 36.500000 1.5638343278e+00 -8.7190008392e-01 1.790471e+00 1.430e-02
0.800000 36.550000 1.4969008113e+00 -8.9466447529e-01 1.743885e+00 1.432e-02
0.800000 36.600000 1.4293411522e+00 -9.1261985329e-01 1.695845e+00 1.434e-02
0.800000 36.650000 1.3611045649e+00 -9.2578364981e-01 1.646111e+00 1.436e-02
0.800000 36.700000 1.2921927858e+00 -9.3399075189e-01 1.594397e+00 1.438e-02
0.800000 36.750000 1.2227270276e+00 -9.3694129834e-01 1.540429e+00 1.440e-02
0.800000 36.800000 1.1529894019e+00 -9.3426374849e-01 1.483992e+00 1.442e-02
0.800000 36.850000 1.0834380514e+00 -9.2558286477e-01 1.424971e+00 1.444e-02
0.800000 36.900000 1.0146983795e+00 -9.1058350769e-01 1.363369e+00 1.446e-02
0.800000 36.950000 9.4753552957e-01 -8.8906298683e-01 1.299329e+00 1.447e-02
0.800000 37.000000 8.8281549672e-01 -8.6096762524e-01 1.233138e+00 1.449e-02
0.800000 37.050000 8.2146303580e-01 -8.2641327766e-01 1.165230e+00 1.451e-02
0.800000 37.100000 7.6442280164e-01 -7.8569380498e-01 1.096201e+00 1.453e-02
0.800000 37.150000 7.1262589614e-01 -7.3928405584e-01 1.026828e+00 1.455e-02
0.800000 37.200000 6.6695875492e-01 -6.8784304560e-01 9.581034e-01 1.457e-02
0.800000 37.250000 6.2822774602e-01 -6.3221855908e-01 8.912746e-01 1.459e-02
0.800000 37.300000 5.9711329869e-01 -5.7344819892e-01 8.278811e-01 1.461e-02
0.800000 37.350000 5.7411232235e-01 -5.1274716389e-01 7.697497e-01 1.463e-02
0.800000 37.400000 5.5947519680e-01 -4.5147264416e-01 7.189159e-01 1.465e-02
0.800000 37.450000 5.5315022290e-01 -3.9105955513e-01 6.774236e-01 1.467e-02
0.800000 37.500000 5.5475084454e-01 -3.3293069927e-01 6.469864e-01 1.469e-02
0.800000 37.550000 5.6355785451e-01 -2.7839291438e-01 6.285699e-01 1.471e-02
0.800000 37.600000 5.7856139513e-01 -2.2853595694e-01 6.220627e-01 1.473e-02
0.800000 37.650000 5.9853881889e-01 -1.8415111797e-01 6.262271e-01 1.475e-02
0.800000 37.700000 6.2215742048e-01 -1.4568248402e-01 6.389861e-01 1.477e-02
0.800000 37.750000 6.4808734170e-01 -1.1321746959e-01 6.579023e-01 1.479e-02
0.800000 37.800000 6.7510944568e-01 -8.6516956266e-02 6.806306e-01 1.481e-02
0.800000 37.850000 7.0220446923e-01 -6.5080202194e-02 7.052138e-01 1.483e-02
0.800000 37.900000 7.2861226948e-01 -4.8235550195e-02 7.302072e-01 1.485e-02
0.800000 37.950000 7.5385337747e-01 -3.5244387989e-02 7.546768e-01 1.487e-02
0.800000 38.000000 7.7770992923e-01 -2.5402950136e-02 7.781247e-01 1.489e-02
0.800000 38.050000 8.0016963323e-01 -1.8125534874e-02 8.003749e-01 1.491e-02
0.800000 38.100000 8.2134380228e-01 -1.2995023763e-02 8.214466e-01 1.492e-02
0.800000 38.150000 8.4137641882e-01 -9.7728480028e-03 8.414332e-01 1.494e-02
0.800000 38.200000 8.6036324105e-01 -8.3695796431e-03 8.604039e-01 1.496e-02
0.800000 38.250000 8.7829680943e-01 -8.7863576139e-03 8.783408e-01 1.498e-02
0.800000 38.300000 8.9504573143e-01 -1.1043231284e-02 8.951139e-01 1.500e-02
0.800000 38.350000 9.1036754984e-01 -1.5111299057e-02 9.104930e-01 1.502e-02
0.800000 38.400000 9.2394712492e-01 -2.0861534701e-02 9.241826e-01 1.504e-02
0.800000 38.450000 9.3544897418e-01 -2.8036679678e-02 9.358690e-01 1.506e-02
0.800000 38.500000 9.4457256671e-01 -3.6246411104e-02 9.452678e-01 1.508e-02
0.800000 38.550000 9.5110255645e-01 -4.4982139600e-02 9.521657e-01 1.510e-02
0.800000 38.600000 9.5494923081e-01 -5.3646512081e-02 9.564549e-01 1.512e-02
0.800000 38.650000 9.5617670864e-01 -6.1592898307e-02 9.581584e-01 1.514e-02
0.800000 38.700000 9.5501764106e-01 -6.8170498233e-02 9.574476e-01 1.516e-02
0.800000 38.750000 9.5187420196e-01 -7.2770693476e-02 9.546518e-01 1.518e-02
0.800000 38.800000 9.4730667424e-01 -7.4870382181e-02 9.502608e-01 1.520e-02
0.800000 38.850000 9.4201268039e-01 -7.4069139001e-02 9.449202e-01 1.522e-02
0.800000 38.900000 9.3680099611e-01 -7.0119351456e-02 9.394215e-01 1.524e-02
0.800000 38.950000 9.3256292271e-01 -6.2951091096e-02 9.346852e-01 1.526e-02
0.800000 39.000000 9.3024143773e-01 -5.2694784029e-02 9.317327e-01 1.528e-02
0.800000 39.050000 9.3079518758e-01 -3.9703570358e-02 9.316416e-01 1.530e-02
0.800000 39.100000 9.3515284170e-01 -2.4573806273e-02 9.354757e-01 1.532e-02
0.800000 39.150000 9.4415474073e-01 -8.1581887957e-03 9.441900e-01 1.534e-02
0.800000 39.200000 9.5848284336e-01 8.4362399955e-03 9.585200e-01 1.535e-02
0.800000 39.250000 9.7858481516e-01 2.3871972919e-02 9.788759e-01 1.537e-02
0.800000 39.300000 1.0046013138e+00 3.6629704176e-02 1.005269e+00 1.539e-02
0.800000 39.350000 1.0363056625e+00 4.5079856784e-02 1.037286e+00 1.541e-02
0.800000 39.400000 1.0730625345e+00 4.7571560278e-02 1.074117e+00 1.543e-02
0.800000 39.450000 1.1138088420e+00 4.2532789360e-02 1.114621e+00 1.545e-02
0.800000 39.500000 1.1570578272e+00 2.8576593014e-02 1.157411e+00 1.547e-02
0.800000 39.550000 1.2009273006e+00 4.6098339667e-03 1.200936e+00 1.549e-02
0.800000 39.600000 1.2431942915e+00 -3.0059206820e-02 1.243558e+00 1.551e-02
0.800000 39.650000 1.2813791592e+00 -7.5620180248e-02 1.283609e+00 1.553e-02
0.800000 39.700000 1.3128607997e+00 -1.3167597457e-01 1.319448e+00 1.555e-02
0.800000 39.750000 1.3350206782e+00 -1.9718515247e-01 1.349504e+00 1.557e-02
0.800000 39.800000 1.3454083250e+00 -2.7044227749e-01 1.372320e+00 1.559e-02
0.800000 39.850000 1.3419166407e+00 -3.4910371436e-01 1.386583e+00 1.561e-02
0.800000 39.900000 1.3229533087e+00 -4.3026183222e-01 1.391162e+00 1.563e-02
0.800000 39.950000 1.2875948391e+00 -5.1056615403e-01 1.385128e+00 1.565e-02
0.800000 40.000000 1.2357111005e+00 -5.8638690741e-01 1.367783e+00 1.567e-02
0.800000 40.050000 1.1680493053e+00 -6.5401434339e-01 1.338684e+00 1.569e-02
0.800000 40.100000 1.0862668861e+00 -7.0988488611e-01 1.297656e+00 1.571e-02
0.800000 40.150000 9.9290342306e-01 -7.5082163332e-01 1.244825e+00 1.573e-02
0.800000 40.200000 8.9128430704e-01 -7.7427209326e-01 1.180629e+00 1.575e-02
0.800000 40.250000 7.8535421049e-01 -7.7852179450e-01 1.105838e+00 1.577e-02
0.800000 40.300000 6.7944636545e-01 -7.6286054800e-01 1.021569e+00 1.578e-02
0.800000 40.350000 5.7800244943e-01 -7.2768002926e-01 9.293035e-01 1.580e-02
0.800000 40.400000 4.8526542304e-01 -6.7448693789e-01 8.309122e-01 1.582e-02
0.800000 40.450000 4.0497247445e-01 -6.0582402364e-01 7.287149e-01 1.584e-02
0.800000 40.500000 3.4007700718e-01 -5.2510019245e-01 6.256058e-01 1.586e-02
0.800000 40.550000 2.9252785692e-01 -4.3633980207e-01 5.253237e-01 1.588e-02
0.800000 40.600000 2.6313100006e-01 -3.4387002907e-01 4.329948e-01 1.590e-02
0.800000 40.650000 2.5151346668e-01 -2.5197387780e-01 3.560195e-01 1.592e-02
0.800000 40.700000 2.5619996763e-01 -1.6454416073e-01 3.044884e-01 1.594e-02
0.800000 40.750000 2.7479940351e-01 -8.4778422410e-02 2.875797e-01 1.596e-02
0.800000 40.800000 3.0428223828e-01 -1.4953458453e-02 3.046494e-01 1.598e-02
0.800000 40.850000 3.4131413957e-01 4.3691109588e-02 3.440992e-01 1.600e-02
0.800000 40.900000 3.8260089778e-01 9.0947199920e-02 3.932618e-01 1.602e-02
0.800000 40.950000 4.2519815044e-01 1.2751772710e-01 4.439079e-01 1.604e-02
0.800000 41.000000 4.6674777319e-01 1.5480675089e-01 4.917506e-01 1.606e-02
0.800000 41.050000 5.0561842672e-01 1.7465768318e-01 5.349349e-01 1.608e-02
0.800000 41.100000 5.4094575152e-01 1.8907956692e-01 5.730387e-01 1.610e-02
0.800000 41.150000 5.7258300433e-01 1.9999594237e-01 6.065061e-01 1.612e-02
0.800000 41.200000 6.0098243162e-01 2.0904066315e-01 6.363002e-01 1.614e-02
0.800000 41.250000 6.2703115406e-01 2.1741422555e-01 6.636543e-01 1.616e-02
0.800000 41.300000 6.5186472688e-01 2.2580535066e-01 6.898664e-01 1.618e-02
0.800000 41.350000 6.7667924708e-01 2.3437619214e-01 7.161194e-01 1.620e-02
0.800000 41.400000 7.0256024203e-01 2.4280464815e-01 7.433337e-01 1.622e-02
0.800000 41.450000 7.3034344693e-01 2.5037280859e-01 7.720674e-01 1.623e-02
0.800000 41.500000 7.6051809356e-01 2.5608660215e-01 8.024762e-01 1.625e-02
0.800000 41.550000 7.9317714957e-01 2.5880936535e-01 8.343334e-01 1.627e-02
0.800000 41.600000 8.2801200888e-01 2.5739263401e-01 8.670956e-01 1.629e-02
0.800000 41.650000 8.6434334704e-01 2.5079123980e-01 8.999920e-01 1.631e-02
0.800000 41.700000 9.0117697078e-01 2.3815556426e-01 9.321148e-01 1.633e-02
0.800000 41.750000 9.3727397903e-01 2.1889941720e-01 9.624965e-01 1.635e-02
0.800000 41.800000 9.7122733035e-01 1.9274563473e-01 9.901684e-01 1.637e-02
0.800000 41.850000 1.0015400829e+00 1.5975261966e-01 1.014201e+00 1.639e-02
0.800000 41.900000 1.0267026701e+00 1.2032456958e-01 1.033729e+00 1.641e-02
0.800000 41.950000 1.0452673839e+00 7.5207482615e-02 1.047969e+00 1.643e-02
0.800000 42.000000 1.0559186495e+00 2.5472996502e-02 1.056226e+00 1.645e-02
0.800000 42.050000 1.0575386787e+00 -2.7507697328e-02 1.057896e+00 1.647e-02
0.800000 42.100000 1.0492697131e+00 -8.2098365522e-02 1.052477e+00 1.649e-02
0.800000 42.150000 1.0305751132e+00 -1.3644157410e-01 1.039568e+00 1.651e-02
0.800000 42.200000 1.0013003590e+00 -1.8851616381e-01 1.018892e+00 1.653e-02
0.800000 42.250000 9.6173086818e-01 -2.3621500646e-01 9.903150e-01 1.655e-02
0.800000 42.300000 9.1263754479e-01 -2.7744864239e-01 9.538789e-01 1.657e-02
0.800000 42.350000 8.5529591747e-01 -3.1027492700e-01 9.098360e-01 1.659e-02
0.800000 42.400000 7.9146366740e-01 -3.3304614299e-01 8.586818e-01 1.661e-02
0.800000 42.450000 7.2330586710e-01 -3.4455631387e-01 8.011806e-01 1.663e-02
0.800000 42.500000 6.5326647467e-01 -3.4416623964e-01 7.383817e-01 1.665e-02
0.800000 42.550000 5.8389558815e-01 -3.3188422998e-01 6.716258e-01 1.666e-02
0.800000 42.600000 5.1765112910e-01 -3.0838641791e-01 6.025486e-01 1.668e-02
0.800000 42.650000 4.5669860076e-01 -2.7496968318e-01 5.330872e-01 1.670e-02
0.800000 42.700000 4.0273296494e-01 -2.3343978855e-01 4.654976e-01 1.672e-02
0.800000 42.750000 3.5684369966e-01 -1.8594539811e-01 4.023843e-01 1.674e-02
0.800000 42.800000 3.1943927058e-01 -1.3477472061e-01 3.467069e-01 1.676e-02
0.800000 42.850000 2.9024133447e-01 -8.2136023835e-02 3.016395e-01 1.678e-02
0.800000 42.900000 2.6835180026e-01 -2.9946386634e-02 2.700175e-01 1.680e-02
0.800000 42.950000 2.5238708345e-01 2.0345986533e-02 2.532058e-01 1.682e-02
0.800000 43.000000 2.4066416268e-01 6.7883227985e-02 2.500547e-01 1.684e-02
0.800000 43.050000 2.3141447343e-01 1.1244763861e-01 2.572880e-01 1.686e-02
0.800000 43.100000 2.2299704383e-01 1.5443559372e-01 2.712527e-01 1.688e-02
0.800000 43.150000 2.1408356607e-01 1.9476351272e-01 2.894211e-01 1.690e-02
0.800000 43.200000 2.0379511736e-01 2.3472372834e-01 3.108499e-01 1.692e-02
0.800000 43.250000 1.9178047375e-01 2.7581274856e-01 3.359351e-01 1.694e-02
0.800000 43.300000 1.7823573950e-01 3.1955342198e-01 3.658994e-01 1.696e-02
0.800000 43.350000 1.6387146518e-01 3.6732787799e-01 4.022234e-01 1.698e-02
0.800000 43.400000 1.4983587367e-01 4.2023294852e-01 4.461463e-01 1.700e-02
0.800000 43.450000 1.3760284323e-01 4.7896647046e-01 4.983407e-01 1.702e-02
0.800000 43.500000 1.2883342678e-01 5.4375173964e-01 5.588059e-01 1.704e-02
0.800000 43.550000 1.2522155368e-01 6.1430680339e-01 6.269396e-01 1.706e-02
0.800000 43.600000 1.2833781366e-01 6.8986303208e-01 7.016991e-01 1.708e-02
0.800000 43.650000 1.3948783963e-01 7.6923242544e-01 7.817771e-01 1.709e-02
0.800000 43.700000 1.5960155050e-01 8.5091630541e-01 8.657547e-01 1.711e-02
0.800000 43.750000 1.8916552560e-01 9.3324180162e-01 9.522205e-01 1.713e-02
0.800000 43.800000 2.2820419245e-01 1.0145091569e+00 1.039859e+00 1.715e-02
0.800000 43.850000 2.7630869994e-01 1.0931331572e+00 1.127513e+00 1.717e-02
0.800000 43.900000 3.3270739184e-01 1.1677648281e+00 1.214236e+00 1.719e-02
0.800000 43.950000 3.9636918407e-01 1.2373829064e+00 1.299317e+00 1.721e-02
0.800000 44.000000 4.6612972620e-01 1.3013470627e+00 1.382310e+00 1.723e-02
0.800000 44.050000 5.4082833545e-01 1.3594066652e+00 1.463039e+00 1.725e-02
0.800000 44.100000 6.1944073537e-01 1.4116616646e+00 1.541589e+00 1.727e-02
0.800000 44.150000 7.0118987812e-01 1.4584775746e+00 1.618278e+00 1.729e-02
0.800000 44.200000 7.8561711895e-01 1.5003645571e+00 1.693602e+00 1.731e-02
0.800000 44.250000 8.7260086668e-01 1.5378390781e+00 1.768158e+00 1.733e-02
0.800000 44.300000 9.6231956956e-01 1.5712919503e+00 1.842557e+00 1.735e-02
0.800000 44.350000 1.0551678853e+00 1.6008858501e+00 1.917346e+00 1.737e-02
0.800000 44.400000 1.1516449170e+00 1.6264980555e+00 1.992933e+00 1.739e-02
0.800000 44.450000 1.2522377670e+00 1.6477125620e+00 2.069555e+00 1.741e-02
0.800000 44.500000 1.3573210428e+00 1.6638541357e+00 2.147261e+00 1.743e-02
0.800000 44.550000 1.4670849825e+00 1.6740492393e+00 2.225933e+00 1.745e-02
0.800000 44.600000 1.5814951430e+00 1.6772970270e+00 2.305310e+00 1.747e-02
0.800000 44.650000 1.7002787467e+00 1.6725369999e+00 2.385022e+00 1.749e-02
0.800000 44.700000 1.8229288497e+00 1.6587058724e+00 2.464625e+00 1.751e-02
0.800000 44.750000 1.9487173851e+00 1.6347819638e+00 2.543622e+00 1.753e-02
0.800000 44.800000 2.0767103687e+00 1.5998193567e+00 2.621478e+00 1.754e-02
0.800000 44.850000 2.2057814947e+00 1.5529759530e+00 2.697630e+00 1.756e-02
0.800000 44.900000 2.3346231051e+00 1.4935400255e+00 2.771485e+00 1.758e-02
0.800000 44.950000 2.4617559907e+00 1.4209594180e+00 2.842423e+00 1.760e-02
0.800000 45.000000 2.5855416958e+00 1.3348761946e+00 2.909797e+00 1.762e-02
0.800000 45.050000 2.7042025639e+00 1.2351670390e+00 2.972936e+00 1.764e-02
0.800000 45.100000 2.8158548072e+00 1.1219863265e+00 3.031154e+00 1.766e-02
0.800000 45.150000 2.9185577848e+00 9.9580558701e-01 3.083765e+00 1.768e-02
0.800000 45.200000 3.0103787562e+00 8.5744158529e-01 3.130110e+00 1.770e-02
0.800000 45.250000 3.0894681277e+00 7.0806646485e-01 3.169570e+00 1.772e-02
0.800000 45.300000 3.1541375974e+00 5.4919700147e-01 3.201594e+00 1.774e-02
0.800000 45.350000 3.2029338394e+00 3.8266427584e-01 3.225712e+00 1.776e-02
0.800000 45.400000 3.2347031170e+00 2.1056783366e-01 3.241549e+00 1.778e-02
0.800000 45.450000 3.2486455902e+00 3.5218379624e-02 3.248836e+00 1.780e-02
0.800000 45.500000 3.2443598766e+00 -1.4092926941e-01 3.247419e+00 1.782e-02
0.800000 45.550000 3.2218774235e+00 -3.1535386820e-01 3.237274e+00 1.784e-02
0.800000 45.600000 3.1816831385e+00 -4.8555761510e-01 3.218520e+00 1.786e-02
0.800000 45.650000 3.1247156518e+00 -6.4916737175e-01 3.191436e+00 1.788e-02
0.800000 45.700000 3.0523398382e+00 -8.0404177443e-01 3.156463e+00 1.790e-02
0.800000 45.750000 2.9662868341e+00 -9.4837415445e-01 3.114205e+00 1.792e-02
0.800000 45.800000 2.8685619014e+00 -1.0807787767e+00 3.065409e+00 1.794e-02
0.800000 45.850000 2.7613260836e+00 -1.2003486498e+00 3.010940e+00 1.796e-02
0.800000 45.900000 2.6467617595e+00 -1.3066763281e+00 2.951737e+00 1.797e-02
0.800000 45.950000 2.5269343097e+00 -1.3998330942e+00 2.888759e+00 1.799e-02
0.800000 46.000000 2.4036628915e+00 -1.4803054998e+00 2.822924e+00 1.801e-02
0.800000 46.050000 2.2784138886e+00 -1.5488915388e+00 2.755038e+00 1.803e-02
0.800000 46.100000 2.1522311936e+00 -1.6065628601e+00 2.685730e+00 1.805e-02
0.800000 46.150000 2.0257168386e+00 -1.6543052894e+00 2.615388e+00 1.807e-02
0.800000 46.200000 1.8990715867e+00 -1.6929568969e+00 2.544126e+00 1.809e-02
0.800000 46.250000 1.7721966463e+00 -1.7230684200e+00 2.471770e+00 1.811e-02
0.800000 46.300000 1.6448456298e+00 -1.7448117022e+00 2.397892e+00 1.813e-02
0.800000 46.350000 1.5168035970e+00 -1.7579557028e+00 2.321875e+00 1.815e-02
0.800000 46.400000 1.3880620216e+00 -1.7619170704e+00 2.243004e+00 1.817e-02
0.800000 46.450000 1.2589581971e+00 -1.7558766908e+00 2.160574e+00 1.819e-02
0.800000 46.500000 1.1302555233e+00 -1.7389400535e+00 2.073979e+00 1.821e-02
0.800000 46.550000 1.0031545707e+00 -1.7103120109e+00 1.982798e+00 1.823e-02
0.800000 46.600000 8.7923919477e-01 -1.6694571901e+00 1.886836e+00 1.825e-02
0.800000 46.650000 7.6037288239e-01 -1.6162245099e+00 1.786155e+00 1.827e-02
0.800000 46.700000 6.4856565780e-01 -1.5509244929e+00 1.681072e+00 1.829e-02
0.800000 46.750000 5.4583151414e-01 -1.4743577613e+00 1.572152e+00 1.831e-02
0.800000 46.800000 4.5405243705e-01 -1.3878000544e+00 1.460189e+00 1.833e-02
0.800000 46.850000 3.7485986629e-01 -1.2929528750e+00 1.346197e+00 1.835e-02
0.800000 46.900000 3.0953932207e-01 -1.1918700780e+00 1.231409e+00 1.837e-02
0.800000 46.950000 2.5895945050e-01 -1.0868700512e+00 1.117294e+00 1.839e-02
0.800000 47.000000 2.2352322865e-01 -9.8044088887e-01 1.005598e+00 1.841e-02
0.800000 47.050000 2.0313719060e-01 -8.7514231997e-01 8.984090e-01 1.842e-02
0.800000 47.100000 1.9719522731e-01 -7.7350399092e-01 7.982446e-01 1.844e-02
0.800000 47.150000 2.0457714061e-01 -6.7791679980e-01 7.081123e-01 1.846e-02
0.800000 47.200000 2.2366758006e-01 -5.9051445265e-01 6.314543e-01 1.848e-02
0.800000 47.250000 2.5240556388e-01 -5.1304732847e-01 5.717745e-01 1.850e-02
0.800000 47.300000 2.8837525562e-01 -4.4675899222e-01 5.317461e-01 1.852e-02
0.800000 47.350000 3.2894307987e-01 -3.9228393524e-01 5.119475e-01 1.854e-02
0.800000 47.400000 3.7143536142e-01 -3.4958911486e-01 5.100753e-01 1.856e-02
0.800000 47.450000 4.1333802404e-01 -3.1797862401e-01 5.214966e-01 1.858e-02
0.800000 47.500000 4.5249038942e-01 -2.9617030708e-01 5.407998e-01 1.860e-02
0.800000 47.550000 4.8724270004e-01 -2.8243849642e-01 5.631847e-01 1.862e-02
0.800000 47.600000 5.1655275061e-01 -2.7480317710e-01 5.851013e-01 1.864e-02
0.800000 47.650000 5.4000883097e-01 -2.7123717780e-01 6.043005e-01 1.866e-02
0.800000 47.700000 5.5777997742e-01 -2.6986143431e-01 6.196319e-01 1.868e-02
0.800000 47.750000 5.7050630175e-01 -2.6910315739e-01 6.307884e-01 1.870e-02
0.800000 47.800000 5.7914963968e-01 -2.6780023126e-01 6.380684e-01 1.872e-02
0.800000 47.850000 5.8482774176e-01 -2.6524461874e-01 6.421668e-01 1.874e-02
0.800000 47.900000 5.8865476097e-01 -2.6116629255e-01 6.439893e-01 1.876e-02
0.800000 47.950000 5.9160788558e-01 -2.5566677541e-01 6.444885e-01 1.878e-02
0.800000 48.000000 5.9443492786e-01 -2.4911764862e-01 6.445250e-01 1.880e-02
0.800000 48.050000 5.9761042657e-01 -2.4204373929e-01 6.447662e-01 1.882e-02
0.800000 48.100000 6.0133883115e-01 -2.3501179398e-01 6.456306e-01 1.884e-02
0.800000 48.150000 6.0559433816e-01 -2.2854210087e-01 6.472836e-01 1.885e-02
0.800000 48.200000 6.1018062486e-01 -2.2305285939e-01 6.496714e-01 1.887e-02
0.800000 48.250000 6.1479244870e-01 -2.1883718747e-01 6.525791e-01 1.889e-02
0.800000 48.300000 6.1906545797e-01 -2.1606393142e-01 6.556872e-01 1.891e-02
0.800000 48.350000 6.2260876976e-01 -2.1478911629e-01 6.586168e-01 1.893e-02
0.800000 48.400000 6.2502337860e-01 -2.1496626349e-01 6.609574e-01 1.895e-02
0.800000 48.450000 6.2591474121e-01 -2.1644961491e-01 6.622837e-01 1.897e-02
0.800000 48.500000 6.2490819581e-01 -2.1899135609e-01 6.621688e-01 1.899e-02
0.800000 48.550000 6.2167199076e-01 -2.2223888268e-01 6.602016e-01 1.901e-02
0.800000 48.600000 6.1594721970e-01 -2.2573920214e-01 6.560100e-01 1.903e-02
0.800000 48.650000 6.0757971266e-01 -2.2895511834e-01 6.492870e-01 1.905e-02
0.800000 48.700000 5.9654745453e-01 -2.3129388087e-01 6.398169e-01 1.907e-02
0.800000 48.750000 5.8297814284e-01 -2.3214560314e-01 6.274991e-01 1.909e-02
0.800000 48.800000 5.6715367220e-01 -2.3092699902e-01 6.123647e-01 1.911e-02
0.800000 48.850000 5.4950034402e-01 -2.2712556757e-01 5.945895e-01 1.913e-02
0.800000 48.900000 5.3056508621e-01 -2.2033937367e-01 5.744987e-01 1.915e-02
0.800000 48.950000 5.1097944622e-01 -2.1030754328e-01 5.525661e-01 1.917e-02
0.800000 49.000000 4.9141515474e-01 -1.9692693282e-01 5.294044e-01 1.919e-02
0.800000 49.050000 4.7253740459e-01 -1.8025204797e-01 5.057493e-01 1.921e-02
0.800000 49.100000 4.5496345738e-01 -1.6047860021e-01 4.824367e-01 1.923e-02
0.800000 49.150000 4.3923339013e-01 -1.3791530616e-01 4.603766e-01 1.925e-02
0.800000 49.200000 4.2579626743e-01 -1.1295180346e-01 4.405231e-01 1.927e-02
0.800000 49.250000 4.1500989228e-01 -8.6031019756e-02 4.238332e-01 1.929e-02
0.800000 49.300000 4.0714785033e-01 -5.7631388988e-02 4.112065e-01 1.930e-02
0.800000 49.350000 4.0240601486e-01 -2.8259201456e-02 4.033971e-01 1.932e-02
0.800000 49.400000 4.0090276617e-01 1.5533988726e-03 4.009058e-01 1.934e-02
0.800000 49.450000 4.0267167392e-01 3.1251364006e-02 4.038826e-01 1.936e-02
0.800000 49.500000 4.0764981440e-01 6.0265885917e-02 4.120805e-01 1.938e-02
0.800000 49.550000 4.1566700834e-01 8.8031349653e-02 4.248865e-01 1.940e-02
0.800000 49.600000 4.2644038631e-01 1.1400810281e-01 4.414173e-01 1.942e-02
0.800000 49.650000 4.3957597023e-01 1.3770742069e-01 4.606413e-01 1.944e-02
0.800000 49.700000 4.5457647784e-01 1.5871581253e-01 4.814878e-01 1.946e-02
0.800000 49.750000 4.7085386100e-01 1.7671775120e-01 5.029240e-01 1.948e-02
0.800000 49.800000 4.8774619812e-01 1.9151716397e-01 5.239992e-01 1.950e-02
0.800000 49.850000 5.0454008973e-01 2.0305749706e-01 5.438686e-01 1.952e-02
0.800000 49.900000 5.2049997416e-01 2.1143829258e-01 5.618063e-01 1.954e-02
0.800000 49.950000 5.3490410874e-01 2.1692460368e-01 5.772163e-01 1.956e-02
0.800000 50.000000 5.4708422406e-01 2.1994578690e-01 5.896417e-01 1.958e-02
0.800000 50.050000 5.5646388447e-01 2.2108257006e-01 5.987734e-01 1.960e-02
0.800000 50.100000 5.6259085527e-01 2.2104455792e-01 6.044577e-01 1.962e-02
0.800000 50.150000 5.6516131019e-01 2.2064251069e-01 6.067046e-01 1.964e-02
0.800000 50.200000 5.6403699238e-01 2.2075944181e-01 6.057000e-01 1.966e-02
0.800000 50.250000 5.5925839676e-01 2.2232206284e-01 6.018281e-01 1.968e-02
0.800000 50.300000 5.5105645911e-01 2.2627107310e-01 5.957028e-01 1.970e-02
0.800000 50.350000 5.3986259735e-01 2.3352729840e-01 5.882063e-01 1.972e-02
0.800000 50.400000 5.2631410146e-01 2.4495172130e-01 5.805238e-01 1.973e-02
0.800000 50.450000 5.1125075771e-01 2.6130027823e-01 5.741561e-01 1.975e-02
0.800000 50.500000 4.9569992577e-01 2.8317699442e-01 5.708832e-01 1.977e-02
0.800000 50.550000 4.8085005651e-01 3.1098981440e-01 5.726530e-01 1.979e-02
0.800000 50.600000 4.6801484924e-01 3.4491200330e-01 5.813796e-01 1.981e-02
0.800000 50.650000 4.5859034456e-01 3.8484955844e-01 5.986771e-01 1.983e-02
0.800000 50.700000 4.5400525729e-01 4.3041375205e-01 6.256011e-01 1.985e-02
0.800000 50.750000 4.5566242569e-01 4.8089907980e-01 6.624894e-01 1.987e-02
0.800000 50.800000 4.6486857888e-01 5.3527013887e-01 7.089548e-01 1.989e-02
0.800000 50.850000 4.8275194289e-01 5.9216434618e-01 7.640079e-01 1.991e-02
0.800000 50.900000 5.1017192168e-01 6.4991861232e-01 8.262382e-01 1.993e-02
0.800000 50.950000 5.4763009723e-01 7.0662589465e-01 8.939904e-01 1.995e-02
0.800000 51.000000 5.9519476579e-01 7.6022257910e-01 9.655026e-01 1.997e-02
0.800000 51.050000 6.5245099179e-01 8.0860185883e-01 1.039004e+00 1.999e-02
0.800000 51.100000 7.1848522086e-01 8.4974372626e-01 1.112783e+00 2.001e-02
0.800000 51.150000 7.9190941366e-01 8.8184977708e-01 1.185234e+00 2.003e-02
0.800000 51.200000 8.7092580747e-01 9.0347025633e-01 1.254899e+00 2.005e-02
0.800000 51.250000 9.5343000881e-01 9.1361058697e-01 1.320497e+00 2.007e-02
0.800000 51.300000 1.0371463420e+00 9.1180457311e-01 1.380963e+00 2.009e-02
0.800000 51.350000 1.1197844080e+00 8.9814241357e-01 1.435471e+00 2.011e-02
0.800000 51.400000 1.1992000596e+00 8.7324524548e-01 1.483455e+00 2.013e-02
0.800000 51.450000 1.2735395168e+00 8.3818523457e-01 1.524617e+00 2.015e-02
0.800000 51.500000 1.3413449342e+00 7.9436042470e-01 1.558915e+00 2.017e-02
0.800000 51.550000 1.4016052287e+00 7.4334371903e-01 1.586524e+00 2.018e-02
0.800000 51.600000 1.4537468078e+00 6.8673160733e-01 1.607787e+00 2.020e-02
0.800000 51.650000 1.4975718259e+00 6.2601774874e-01 1.623151e+00 2.022e-02
0.800000 51.700000 1.5331622813e+00 5.6250910357e-01 1.633096e+00 2.024e-02
0.800000 51.750000 1.5607730789e+00 4.9729071090e-01 1.638081e+00 2.026e-02
0.800000 51.800000 1.5807351051e+00 4.3123371510e-01 1.638501e+00 2.028e-02
0.800000 51.850000 1.5933822472e+00 3.6503357962e-01 1.634661e+00 2.030e-02
0.800000 51.900000 1.5990076037e+00 2.9926311394e-01 1.626771e+00 2.032e-02
0.800000 51.950000 1.5978470505e+00 2.3442702754e-01 1.614952e+00 2.034e-02
0.800000 52.000000 1.5900843155e+00 1.7100886969e-01 1.599254e+00 2.036e-02
0.800000 52.050000 1.5758703707e+00 1.0950529913e-01 1.579670e+00 2.038e-02
0.800000 52.100000 1.5553499927e+00 5.0445801844e-02 1.556168e+00 2.040e-02
0.800000 52.150000 1.5286888942e+00 -5.6014352818e-03 1.528699e+00 2.042e-02
0.800000 52.200000 1.4960959884e+00 -5.8034261870e-02 1.497221e+00 2.044e-02
0.800000 52.250000 1.4578377677e+00 -1.0622646176e-01 1.461703e+00 2.046e-02
0.800000 52.300000 1.4142455914e+00 -1.4953660257e-01 1.422129e+00 2.048e-02
0.800000 52.350000 1.3657207629e+00 -1.8731153964e-01 1.378506e+00 2.050e-02
0.800000 52.400000 1.3127445197e+00 -2.1888491263e-01 1.330868e+00 2.052e-02
0.800000 52.450000 1.2558986060e+00 -2.4357662611e-01 1.279301e+00 2.054e-02
0.800000 52.500000 1.1958967197e+00 -2.6070308732e-01 1.223983e+00 2.056e-02
0.800000 52.550000 1.1336198170e+00 -2.6960736435e-01 1.165239e+00 2.058e-02
0.800000 52.600000 1.0701424395e+00 -2.6971285054e-01 1.103608e+00 2.060e-02
0.800000 52.650000 1.0067359878e+00 -2.6059542008e-01 1.039917e+00 2.061e-02
0.800000 52.700000 9.4483927069e-01 -2.4206103807e-01 9.753537e-01 2.063e-02
0.800000 52.750000 8.8599516228e-01 -2.1421178804e-01 9.115230e-01 2.065e-02
0.800000 52.800000 8.3176143216e-01 -1.7748487281e-01 8.504869e-01 2.067e-02
0.800000 52.850000 7.8361039193e-01 -1.3265541699e-01 7.947595e-01 2.069e-02
0.800000 52.900000 7.4283403820e-01 -8.0802204633e-02 7.472158e-01 2.071e-02
0.800000 52.950000 7.1046908048e-01 -2.3242964109e-02 7.108492e-01 2.073e-02
0.800000 53.000000 6.8725124774e-01 3.8549290538e-02 6.883316e-01 2.075e-02
0.800000 53.050000 6.7360239802e-01 1.0303533581e-01 6.814371e-01 2.077e-02
0.800000 53.100000 6.6964832665e-01 1.6869101125e-01 6.905690e-01 2.079e-02
0.800000 53.150000 6.7526014350e-01 2.3406959073e-01 7.146781e-01 2.081e-02
0.800000 53.200000 6.9010793103e-01 2.9783808321e-01 7.516359e-01 2.083e-02
0.800000 53.250000 7.1371291428e-01 3.5878612337e-01 7.988201e-01 2.085e-02
0.800000 53.300000 7.4548489142e-01 4.1581323462e-01 8.536090e-01 2.087e-02
0.800000 53.350000 7.8473618299e-01 4.6790685428e-01 9.136453e-01 2.089e-02
0.800000 53.400000 8.3067145053e-01 5.1412702358e-01 9.769041e-01 2.091e-02
0.800000 53.450000 8.8236214273e-01 5.5361197150e-01 1.041657e+00 2.093e-02
0.800000 53.500000 9.3872158778e-01 5.8561171121e-01 1.106408e+00 2.095e-02
0.800000 53.550000 9.9849877286e-01 6.0954634537e-01 1.169849e+00 2.097e-02
0.800000 53.600000 1.0603044952e+00 6.2507579283e-01 1.230839e+00 2.099e-02
0.800000 53.650000 1.1226742949e+00 6.3216179170e-01 1.288420e+00 2.101e-02
0.800000 53.700000 1.1841617504e+00 6.3110325519e-01 1.341838e+00 2.103e-02
0.800000 53.750000 1.2434469867e+00 6.2253185199e-01 1.390578e+00 2.104e-02
0.800000 53.800000 1.2994409785e+00 6.0736365397e-01 1.434377e+00 2.106e-02
0.800000 53.850000 1.3513668136e+00 5.8671193923e-01 1.473236e+00 2.108e-02
0.800000 53.900000 1.3988034060e+00 5.6177363547e-01 1.507395e+00 2.110e-02
0.800000 53.950000 1.4416836335e+00 5.3370656229e-01 1.537301e+00 2.112e-02
0.800000 54.000000 1.4802463717e+00 5.0351651125e-01 1.563540e+00 2.114e-02
0.800000 54.050000 1.5149496965e+00 4.7197226591e-01 1.586767e+00 2.116e-02
0.800000 54.100000 1.5463598630e+00 4.3956260247e-01 1.607621e+00 2.118e-02
0.800000 54.150000 1.5750361179e+00 4.0650194751e-01 1.626648e+00 2.120e-02
0.800000 54.200000 1.6014330608e+00 3.7278149489e-01 1.644249e+00 2.122e-02
0.800000 54.250000 1.6258386619e+00 3.3825242690e-01 1.660652e+00 2.124e-02
0.800000 54.300000 1.6483573467e+00 3.0272061916e-01 1.675924e+00 2.126e-02
0.800000 54.350000 1.6689360609e+00 2.6603056733e-01 1.690006e+00 2.128e-02
0.800000 54.400000 1.6874207104e+00 2.2812104942e-01 1.702771e+00 2.130e-02
0.800000 54.450000 1.7036243759e+00 1.8904444093e-01 1.714081e+00 2.132e-02
0.800000 54.500000 1.7173888537e+00 1.4895201437e-01 1.723836e+00 2.134e-02
0.800000 54.550000 1.7286263434e+00 1.0805530624e-01 1.732000e+00 2.136e-02
0.800000 54.600000 1.7373355459e+00 6.6576764865e-02 1.738611e+00 2.138e-02
0.800000 54.650000 1.7435929265e+00 2.4701855884e-02 1.743768e+00 2.140e-02
0.800000 54.700000 1.7475238096e+00 -1.7458286207e-02 1.747611e+00 2.142e-02
0.800000 54.750000 1.7492596347e+00 -5.9887566781e-02 1.750284e+00 2.144e-02
0.800000 54.800000 1.7488886443e+00 -1.0266503004e-01 1.751899e+00 2.146e-02
0.800000 54.850000 1.7464086035e+00 -1.4594243886e-01 1.752496e+00 2.148e-02
0.800000 54.900000 1.7416915071e+00 -1.8990077167e-01 1.752014e+00 2.149e-02
0.800000 54.950000 1.7344699369e+00 -2.3469207199e-01 1.750276e+00 2.151e-02
0.800000 55.000000 1.7243511159e+00 -2.8037830237e-01 1.746997e+00 2.153e-02
0.800000 55.050000 1.7108577155e+00 -3.2688158441e-01 1.741805e+00 2.155e-02
0.800000 55.100000 1.6934862765e+00 -3.7395815225e-01 1.734284e+00 2.157e-02
0.800000 55.150000 1.6717682782e+00 -4.2120130504e-01 1.724013e+00 2.159e-02
0.800000 55.200000 1.6453184469e+00 -4.6806907486e-01 1.710603e+00 2.161e-02
0.800000 55.250000 1.6138604671e+00 -5.1392429155e-01 1.693713e+00 2.163e-02
0.800000 55.300000 1.5772295606e+00 -5.5807177941e-01 1.673050e+00 2.165e-02
0.800000 55.350000 1.5353603536e+00 -5.9978071614e-01 1.648353e+00 2.167e-02
0.800000 55.400000 1.4882733288e+00 -6.3828793197e-01 1.619373e+00 2.169e-02
0.800000 55.450000 1.4360724242e+00 -6.7278650863e-01 1.585858e+00 2.171e-02
0.800000 55.500000 1.3789611426e+00 -7.0241002304e-01 1.547551e+00 2.173e-02
0.800000 55.550000 1.3172776662e+00 -7.2622458493e-01 1.504202e+00 2.175e-02
0.800000 55.600000 1.2515435554e+00 -7.4323904430e-01 1.455598e+00 2.177e-02
0.800000 55.650000 1.1825168048e+00 -7.5244016480e-01 1.401611e+00 2.179e-02
0.800000 55.700000 1.1112379344e+00 -7.5285559294e-01 1.342252e+00 2.181e-02
0.800000 55.750000 1.0390565641e+00 -7.4364327210e-01 1.277750e+00 2.183e-02
0.800000 55.800000 9.6762551376e-01 -7.2420082292e-01 1.208622e+00 2.185e-02
0.800000 55.850000 8.9885113662e-01 -6.9428196381e-01 1.135764e+00 2.187e-02
0.800000 55.900000 8.3479403427e-01 -6.5410043200e-01 1.060532e+00 2.189e-02
0.800000 55.950000 7.7752411238e-01 -6.0439785895e-01 9.848048e-01 2.191e-02
0.800000 56.000000 7.2894639974e-01 -5.4645378573e-01 9.110294e-01 2.192e-02
0.800000 56.050000 6.9062524763e-01 -4.8202504650e-01 8.422063e-01 2.194e-02
0.800000 56.100000 6.6363987140e-01 -4.1321673301e-01 7.817710e-01 2.196e-02
0.800000 56.150000 6.4850067621e-01 -3.4230365182e-01 7.332973e-01 2.198e-02
0.800000 56.200000 6.4514358398e-01 -2.7153414581e-01 6.999579e-01 2.200e-02
0.800000 56.250000 6.5300209678e-01 -2.0295301004e-01 6.838141e-01 2.202e-02
0.800000 56.300000 6.7113938622e-01 -1.3827550656e-01 6.852359e-01 2.204e-02
0.800000 56.350000 6.9841026247e-01 -7.8831949110e-02 7.028452e-01 2.206e-02
0.800000 56.400000 7.3361833931e-01 -2.5585971970e-02 7.340644e-01 2.208e-02
0.800000 56.450000 7.7563728830e-01 2.0786132895e-02 7.759158e-01 2.210e-02
0.800000 56.500000 8.2347488811e-01 5.9779296457e-02 8.256418e-01 2.212e-02
0.800000 56.550000 8.7627178847e-01 9.0936870467e-02 8.809777e-01 2.214e-02
0.800000 56.600000 9.3324069111e-01 1.1375085665e-01 9.401476e-01 2.216e-02
0.800000 56.650000 9.9356359174e-01 1.2760892587e-01 1.001725e+00 2.218e-02
0.800000 56.700000 1.0562728805e+00 1.3180175163e-01 1.064464e+00 2.220e-02
0.800000 56.750000 1.1201450362e+00 1.2559159322e-01 1.127164e+00 2.222e-02
0.800000 56.800000 1.1836328037e+00 1.0833062291e-01 1.188580e+00 2.224e-02
0.800000 56.850000 1.2448538098e+00 7.9607868249e-02 1.247397e+00 2.226e-02
0.800000 56.900000 1.3016426234e+00 3.9398849572e-02 1.302239e+00 2.228e-02
0.800000 56.950000 1.3516621164e+00 -1.1807401212e-02 1.351714e+00 2.230e-02
0.800000 57.000000 1.3925611779e+00 -7.2924375034e-02 1.394469e+00 2.232e-02
0.800000 57.050000 1.4221605607e+00 -1.4224063418e-01 1.429256e+00 2.234e-02
0.800000 57.100000 1.4386465018e+00 -2.1745531660e-01 1.454988e+00 2.236e-02
0.800000 57.150000 1.4407514327e+00 -2.9577686642e-01 1.470799e+00 2.237e-02
0.800000 57.200000 1.4279015510e+00 -3.7407951181e-01 1.476089e+00 2.239e-02
0.800000 57.250000 1.4003124185e+00 -4.4910576972e-01 1.470568e+00 2.241e-02
0.800000 57.300000 1.3590173522e+00 -5.1769637699e-01 1.454283e+00 2.243e-02
0.800000 57.350000 1.3058204542e+00 -5.7702291137e-01 1.427628e+00 2.245e-02
0.800000 57.400000 1.2431765736e+00 -6.2479548599e-01 1.391351e+00 2.247e-02
0.800000 57.450000 1.1740121475e+00 -6.5942048993e-01 1.346529e+00 2.249e-02
0.800000 57.500000 1.1015101698e+00 -6.8009172334e-01 1.294546e+00 2.251e-02
0.800000 57.550000 1.0288862959e+00 -6.8681020041e-01 1.237059e+00 2.253e-02
0.800000 57.600000 9.5918024554e-01 -6.8033940761e-01 1.175963e+00 2.255e-02
0.800000 57.650000 8.9507903822e-01 -6.6211018269e-01 1.113354e+00 2.257e-02
0.800000 57.700000 8.3877991008e-01 -6.3409107070e-01 1.051486e+00 2.259e-02
0.800000 57.750000 7.9189465658e-01 -5.9863736361e-01 9.927053e-01 2.261e-02
0.800000 57.800000 7.5539512964e-01 -5.5832832206e-01 9.393361e-01 2.263e-02
0.800000 57.850000 7.2960044349e-01 -5.1580044670e-01 8.935138e-01 2.265e-02
0.800000 57.900000 7.1420708359e-01 -4.7358617658e-01 8.569572e-01 2.267e-02
0.800000 57.950000 7.0836085914e-01 -4.3397045151e-01 8.307259e-01 2.269e-02
0.800000 58.000000 7.1076393263e-01 -3.9887902967e-01 8.150398e-01 2.271e-02
0.800000 58.050000 7.1980305721e-01 -3.6980965222e-01 8.092439e-01 2.273e-02
0.800000 58.100000 7.3368017235e-01 -3.4780970523e-01 8.119472e-01 2.275e-02
0.800000 58.150000 7.5052658558e-01 -3.3349420124e-01 8.212847e-01 2.277e-02
0.800000 58.200000 7.6848777869e-01 -3.2708942898e-01 8.352011e-01 2.279e-02
0.800000 58.250000 7.8577548248e-01 -3.2848377439e-01 8.516717e-01 2.280e-02
0.800000 58.300000 8.0069357985e-01 -3.3726924506e-01 8.688272e-01 2.282e-02
0.800000 58.350000 8.1165132425e-01 -3.5276399901e-01 8.849974e-01 2.284e-02
0.800000 58.400000 8.1717955308e-01 -3.7401504944e-01 8.987044e-01 2.286e-02
0.800000 58.450000 8.1596314686e-01 -3.9978854150e-01 9.086400e-01 2.288e-02
0.800000 58.500000 8.0689726823e-01 -4.2856073907e-01 9.136452e-01 2.290e-02
0.800000 58.550000 7.8916750339e-01 -4.5852537937e-01 9.127052e-01 2.292e-02
0.800000 58.600000 7.6234622326e-01 -4.8763224413e-01 9.049624e-01 2.294e-02
0.800000 58.650000 7.2649036914e-01 -5.1366769897e-01 8.897431e-01 2.296e-02
0.800000 58.700000 6.8222069509e-01 -5.3438072646e-01 8.665955e-01 2.298e-02
0.800000 58.750000 6.3076078402e-01 -5.4764835020e-01 8.353310e-01 2.300e-02
0.800000 58.800000 5.7391719937e-01 -5.5166403832e-01 7.960617e-01 2.302e-02
0.800000 58.850000 5.1399019209e-01 -5.4512426203e-01 7.492305e-01 2.304e-02
0.800000 58.900000 4.5361608607e-01 -5.2738444946e-01 6.956306e-01 2.306e-02
0.800000 58.950000 3.9555505552e-01 -4.9855755272e-01 6.364145e-01 2.308e-02
0.800000 59.000000 3.4244837561e-01 -4.5953593098e-01 5.731005e-01 2.310e-02
0.800000 59.050000 2.9657518035e-01 -4.1192822237e-01 5.075842e-01 2.312e-02
0.800000 59.100000 2.5963973601e-01 -3.5791475717e-01 4.421716e-01 2.314e-02
0.800000 59.150000 2.3261703289e-01 -3.0003589575e-01 3.796475e-01 2.316e-02
0.800000 59.200000 2.1567827381e-01 -2.4093663824e-01 3.233691e-01 2.318e-02
0.800000 59.250000 2.0820919061e-01 -1.8309781276e-01 2.772650e-01 2.320e-02
0.800000 59.300000 2.0892295607e-01 -1.2858865047e-01 2.453240e-01 2.322e-02
0.800000 59.350000 2.1605584054e-01 -7.8876164924e-02 2.300034e-01 2.324e-02
0.800000 59.400000 2.2761908593e-01 -3.4721429936e-02 2.302521e-01 2.325e-02
0.800000 59.450000 2.4166798354e-01 3.8196680204e-03 2.416982e-01 2.327e-02
0.800000 59.500000 2.5654314468e-01 3.7292268869e-02 2.592395e-01 2.329e-02
0.800000 59.550000 2.7104285086e-01 6.6656804397e-02 2.791189e-01 2.331e-02
0.800000 59.600000 2.8449964455e-01 9.3060520562e-02 2.993331e-01 2.333e-02
0.800000 59.650000 2.9675565444e-01 1.1761283993e-01 3.192126e-01 2.335e-02
0.800000 59.700000 3.0805339872e-01 1.4120707456e-01 3.388751e-01 2.337e-02
0.800000 59.750000 3.1887544091e-01 1.6441663005e-01 3.587679e-01 2.339e-02
0.800000 59.800000 3.2977301042e-01 1.8747411529e-01 3.793373e-01 2.341e-02
0.800000 59.850000 3.4122000042e-01 2.1032281187e-01 4.008326e-01 2.343e-02
0.800000 59.900000 3.5351744785e-01 2.3271655765e-01 4.232394e-01 2.345e-02
0.800000 59.950000 3.6675907690e-01 2.5433824931e-01 4.463185e-01 2.347e-02
0.800000 60.000000 3.8085464164e-01 2.7490819772e-01 4.697071e-01 2.349e-02
