# X=3e+07 rho=0.8 C(X)=18 Cmax=300 mode=v
# sigma t Re Im |F| tailbound
0.600000 0.100000 -1.0798600754e+00 -4.8611186127e-01 1.184231e+00 1.051e-02
0.600000 0.150000 -9.5700175697e-01 -6.7797002257e-01 1.172815e+00 1.068e-02
0.600000 0.200000 -8.1033407855e-01 -8.2282400559e-01 1.154851e+00 1.091e-02
0.600000 0.250000 -6.5498122152e-01 -9.2179038507e-01 1.130795e+00 1.119e-02
0.600000 0.300000 -5.0226311267e-01 -9.8124546125e-01 1.102321e+00 1.153e-02
0.600000 0.350000 -3.5924286369e-01 -1.0095534203e+00 1.071566e+00 1.192e-02
0.600000 0.400000 -2.2942228001e-01 -1.0148532417e+00 1.040462e+00 1.236e-02
0.600000 0.450000 -1.1378440910e-01 -1.0040439391e+00 1.010471e+00 1.283e-02
0.600000 0.500000 -1.1784494252e-02 -9.8259016978e-01 9.826608e-01 1.333e-02
0.600000 0.550000 7.7845166099e-02 -9.5468962725e-01 9.578581e-01 1.387e-02
0.600000 0.600000 1.5652615985e-01 -9.2348558817e-01 9.366569e-01 1.443e-02
0.600000 0.650000 2.2552844105e-01 -8.9120713426e-01 9.193004e-01 1.502e-02
0.600000 0.700000 2.8591081844e-01 -8.5927049350e-01 9.055886e-01 1.563e-02
0.600000 0.750000 3.3861919829e-01 -8.2842472716e-01 8.949584e-01 1.626e-02
0.600000 0.800000 3.8460798279e-01 -7.9897925463e-01 8.867306e-01 1.691e-02
0.600000 0.850000 4.2487106541e-01 -7.7106580480e-01 8.803737e-01 1.757e-02
0.600000 0.900000 4.6035266088e-01 -7.4483510082e-01 8.756163e-01 1.824e-02
0.600000 0.950000 4.9180301655e-01 -7.2051052859e-01 8.723564e-01 1.892e-02
0.600000 1.000000 5.1968770822e-01 -6.9830291179e-01 8.704610e-01 1.962e-02
0.600000 1.050000 5.4422370893e-01 -6.7827437402e-01 8.696181e-01 2.032e-02
0.600000 1.100000 5.6552717401e-01 -6.6026538571e-01 8.693511e-01 2.104e-02
0.600000 1.150000 5.8377958392e-01 -6.4394833191e-01 8.691767e-01 2.176e-02
0.600000 1.200000 5.9930570493e-01 -6.2897819726e-01 8.687813e-01 2.248e-02
0.600000 1.250000 6.1251799591e-01 -6.1514061106e-01 8.680877e-01 2.321e-02
0.600000 1.300000 6.2377467968e-01 -6.0239819278e-01 8.671669e-01 2.395e-02
0.600000 1.350000 6.3325787250e-01 -5.9080681986e-01 8.660648e-01 2.470e-02
0.600000 1.400000 6.4096263554e-01 -5.8036417045e-01 8.646708e-01 2.544e-02
0.600000 1.450000 6.4680866641e-01 -5.7089991533e-01 8.627214e-01 2.620e-02
0.600000 1.500000 6.5079917319e-01 -5.6208727821e-01 8.599312e-01 2.695e-02
0.600000 1.550000 6.5311737424e-01 -5.5357015922e-01 8.561555e-01 2.771e-02
0.600000 1.600000 6.5409391514e-01 -5.4511854171e-01 8.514653e-01 2.847e-02
0.600000 1.650000 6.5406827725e-01 -5.3670453624e-01 8.460834e-01 2.924e-02
0.600000 1.700000 6.5324112042e-01 -5.2844644617e-01 8.402259e-01 3.001e-02
0.600000 1.750000 6.5162073155e-01 -5.2046021748e-01 8.339595e-01 3.078e-02
0.600000 1.800000 6.4910089584e-01 -5.1272226851e-01 8.271736e-01 3.155e-02
0.600000 1.850000 6.4561549495e-01 -5.0503976964e-01 8.196856e-01 3.233e-02
0.600000 1.900000 6.4126118964e-01 -4.9714939564e-01 8.114021e-01 3.310e-02
0.600000 1.950000 6.3630134997e-01 -4.8887569111e-01 8.024206e-01 3.388e-02
0.600000 2.000000 6.3104682397e-01 -4.8023811829e-01 7.929998e-01 3.466e-02
0.600000 2.050000 6.2569480996e-01 -4.7143092146e-01 7.834163e-01 3.545e-02
0.600000 2.100000 6.2023641855e-01 -4.6268773216e-01 7.738043e-01 3.623e-02
0.600000 2.150000 6.1449616999e-01 -4.5412228310e-01 7.640894e-01 3.701e-02
0.600000 2.200000 6.0827573813e-01 -4.4565254809e-01 7.540594e-01 3.780e-02
0.600000 2.250000 6.0150302232e-01 -4.3705725400e-01 7.435220e-01 3.859e-02
0.600000 2.300000 5.9428548054e-01 -4.2812193415e-01 7.324368e-01 3.938e-02
0.600000 2.350000 5.8683468198e-01 -4.1877052838e-01 7.209325e-01 4.017e-02
0.600000 2.400000 5.7931942710e-01 -4.0909040691e-01 7.092009e-01 4.096e-02
0.600000 2.450000 5.7175431157e-01 -3.9923491227e-01 6.973460e-01 4.175e-02
0.600000 2.500000 5.6400481239e-01 -3.8927446952e-01 6.853000e-01 4.254e-02
0.600000 2.550000 5.5590715129e-01 -3.7910403814e-01 6.728690e-01 4.334e-02
0.600000 2.600000 5.4741952849e-01 -3.6847546757e-01 6.598805e-01 4.413e-02
0.600000 2.650000 5.3869814838e-01 -3.5713567765e-01 6.463293e-01 4.493e-02
0.600000 2.700000 5.3004313106e-01 -3.4497696456e-01 6.324198e-01 4.572e-02
0.600000 2.750000 5.2174983849e-01 -3.3209651744e-01 6.184747e-01 4.652e-02
0.600000 2.800000 5.1396703450e-01 -3.1872506697e-01 6.047708e-01 4.732e-02
0.600000 2.850000 5.0665838345e-01 -3.0507565086e-01 5.914168e-01 4.812e-02
0.600000 2.900000 4.9969127780e-01 -2.9121905232e-01 5.783597e-01 4.892e-02
0.600000 2.950000 4.9298742414e-01 -2.7707345913e-01 5.655142e-01 4.971e-02
0.600000 3.000000 4.8662569779e-01 -2.6251526962e-01 5.529185e-01 5.051e-02
0.600000 3.050000 4.8082053730e-01 -2.4753186623e-01 5.407961e-01 5.131e-02
0.600000 3.100000 4.7578618261e-01 -2.3230582715e-01 5.294700e-01 5.212e-02
0.600000 3.150000 4.7157795073e-01 -2.1716577082e-01 5.191789e-01 5.292e-02
0.600000 3.200000 4.6802005469e-01 -2.0243053220e-01 5.099224e-01 5.372e-02
0.600000 3.250000 4.6477206359e-01 -1.8824735941e-01 5.014480e-01 5.452e-02
0.600000 3.300000 4.6149237831e-01 -1.7452994725e-01 4.933923e-01 5.532e-02
0.600000 3.350000 4.5799172801e-01 -1.6103468057e-01 4.854777e-01 5.613e-02
0.600000 3.400000 4.5427774302e-01 -1.4751998301e-01 4.776300e-01 5.693e-02
0.600000 3.450000 4.5046734679e-01 -1.3387864922e-01 4.699408e-01 5.773e-02
0.600000 3.500000 4.4663448310e-01 -1.2015418081e-01 4.625142e-01 5.854e-02
0.600000 3.550000 4.4270379588e-01 -1.0643429313e-01 4.553185e-01 5.934e-02
0.600000 3.600000 4.3846690287e-01 -9.2700586320e-02 4.481591e-01 6.015e-02
0.600000 3.650000 4.3371107385e-01 -7.8743354120e-02 4.408013e-01 6.095e-02
0.600000 3.700000 4.2837122348e-01 -6.4204275427e-02 4.331560e-01 6.176e-02
0.600000 3.750000 4.2260004680e-01 -4.8720091262e-02 4.253992e-01 6.256e-02
0.600000 3.800000 4.1670864595e-01 -3.2070185896e-02 4.179409e-01 6.337e-02
0.600000 3.850000 4.1102043981e-01 -1.4229240037e-02 4.112667e-01 6.417e-02
0.600000 3.900000 4.0574094674e-01 4.7062955724e-03 4.057682e-01 6.498e-02
0.600000 3.950000 4.0093325122e-01 2.4659958463e-02 4.016909e-01 6.579e-02
0.600000 4.000000 3.9661266545e-01 4.5679367907e-02 3.992345e-01 6.659e-02
0.600000 4.050000 3.9288801446e-01 6.7924017630e-02 3.987163e-01 6.740e-02
0.600000 4.100000 3.9004193557e-01 9.1541765563e-02 4.006402e-01 6.821e-02
0.600000 4.150000 3.8848386112e-01 1.1652040737e-01 4.055819e-01 6.902e-02
0.600000 4.200000 3.8859877656e-01 1.4262236045e-01 4.139446e-01 6.982e-02
0.600000 4.250000 3.9059020196e-01 1.6945625643e-01 4.257653e-01 7.063e-02
0.600000 4.300000 3.9442415978e-01 1.9664593769e-01 4.407267e-01 7.144e-02
0.600000 4.350000 3.9991543024e-01 2.2398934897e-01 4.583706e-01 7.225e-02
0.600000 4.400000 4.0690260594e-01 2.5150441017e-01 4.783557e-01 7.306e-02
0.600000 4.450000 4.1539932027e-01 2.7933346807e-01 5.005834e-01 7.386e-02
0.600000 4.500000 4.2562607397e-01 3.0757141847e-01 5.251264e-01 7.467e-02
0.600000 4.550000 4.3790834388e-01 3.3613110025e-01 5.520397e-01 7.548e-02
0.600000 4.600000 4.5251599196e-01 3.6473034337e-01 5.812047e-01 7.629e-02
0.600000 4.650000 4.6955506448e-01 3.9299912530e-01 6.123155e-01 7.710e-02
0.600000 4.700000 4.8898181388e-01 4.2062266106e-01 6.450013e-01 7.791e-02
0.600000 4.750000 5.1071987997e-01 4.4741411984e-01 6.789803e-01 7.872e-02
0.600000 4.800000 5.3478757834e-01 4.7326372499e-01 7.141263e-01 7.953e-02
0.600000 4.850000 5.6133489361e-01 4.9800143293e-01 7.504014e-01 8.034e-02
0.600000 4.900000 5.9055396990e-01 5.2127443624e-01 7.877062e-01 8.115e-02
0.600000 4.950000 6.2251742956e-01 5.4253326126e-01 8.257544e-01 8.196e-02
0.600000 5.000000 6.5705207869e-01 5.6114622794e-01 8.640616e-01 8.277e-02
0.600000 5.050000 6.9373385870e-01 5.7657311938e-01 9.020550e-01 8.358e-02
0.600000 5.100000 7.3200799605e-01 5.8848725774e-01 9.392300e-01 8.439e-02
0.600000 5.150000 7.7135300998e-01 5.9677015376e-01 9.752539e-01 8.520e-02
0.600000 5.200000 8.1137789689e-01 6.0139049479e-01 1.009953e+00 8.601e-02
0.600000 5.250000 8.5178892383e-01 6.0225880741e-01 1.043197e+00 8.682e-02
0.600000 5.300000 8.9225343434e-01 5.9916557696e-01 1.074763e+00 8.763e-02
0.600000 5.350000 9.3225992657e-01 5.9185270848e-01 1.104264e+00 8.844e-02
0.600000 5.400000 9.7107691595e-01 5.8017632793e-01 1.131192e+00 8.925e-02
0.600000 5.450000 1.0078461093e+00 5.6425673810e-01 1.155050e+00 9.006e-02
0.600000 5.500000 1.0417553435e+00 5.4452143129e-01 1.175482e+00 9.088e-02
0.600000 5.550000 1.0721863819e+00 5.2162127739e-01 1.192339e+00 9.169e-02
0.600000 5.600000 1.0987564619e+00 4.9628542391e-01 1.205639e+00 9.250e-02
0.600000 5.650000 1.1212524507e+00 4.6921665322e-01 1.215472e+00 9.331e-02
0.600000 5.700000 1.1395348810e+00 4.4109062532e-01 1.221925e+00 9.412e-02
0.600000 5.750000 1.1535092787e+00 4.1263736114e-01 1.225093e+00 9.493e-02
0.600000 5.800000 1.1632085574e+00 3.8471302745e-01 1.225177e+00 9.574e-02
0.600000 5.850000 1.1689400207e+00 3.5826659454e-01 1.222610e+00 9.656e-02
0.600000 5.900000 1.1713880636e+00 3.3417471337e-01 1.218123e+00 9.737e-02
0.600000 5.950000 1.1715755579e+00 3.1301332804e-01 1.212669e+00 9.818e-02
0.600000 6.000000 1.1706687884e+00 2.9489004956e-01 1.207239e+00 9.899e-02
0.600000 6.050000 1.1697092995e+00 2.7943665522e-01 1.202624e+00 9.980e-02
0.600000 6.100000 1.1694047988e+00 2.6596987683e-01 1.199270e+00 1.006e-01
0.600000 6.150000 1.1700765018e+00 2.5373018008e-01 1.197271e+00 1.014e-01
0.600000 6.200000 1.1717641410e+00 2.4206744156e-01 1.196507e+00 1.022e-01
0.600000 6.250000 1.1743956919e+00 2.3048577411e-01 1.196799e+00 1.031e-01
0.600000 6.300000 1.1778984303e+00 2.1855735201e-01 1.198003e+00 1.039e-01
0.600000 6.350000 1.1821795843e+00 2.0580124382e-01 1.199959e+00 1.047e-01
0.600000 6.400000 1.1870017406e+00 1.9164121220e-01 1.202372e+00 1.055e-01
0.600000 6.450000 1.1918540410e+00 1.7549654965e-01 1.204705e+00 1.063e-01
0.600000 6.500000 1.1959248435e+00 1.5696530505e-01 1.206182e+00 1.071e-01
0.600000 6.550000 1.1982144783e+00 1.3599488907e-01 1.205907e+00 1.079e-01
0.600000 6.600000 1.1977362610e+00 1.1294329792e-01 1.203050e+00 1.087e-01
0.600000 6.650000 1.1937024966e+00 8.8506093142e-02 1.196979e+00 1.096e-01
0.600000 6.700000 1.1856129149e+00 6.3567315623e-02 1.187316e+00 1.104e-01
0.600000 6.750000 1.1732372952e+00 3.9068483478e-02 1.173888e+00 1.112e-01
0.600000 6.800000 1.1565562154e+00 1.5955911104e-02 1.156666e+00 1.120e-01
0.600000 6.850000 1.1357412647e+00 -4.8091187825e-03 1.135751e+00 1.128e-01
0.600000 6.900000 1.1112069573e+00 -2.2252094797e-02 1.111430e+00 1.136e-01
0.600000 6.950000 1.0836885598e+00 -3.5470480265e-02 1.084269e+00 1.144e-01
0.600000 7.000000 1.0542530612e+00 -4.3807884756e-02 1.055163e+00 1.152e-01
0.600000 7.050000 1.0241737047e+00 -4.7040436870e-02 1.025253e+00 1.161e-01
0.600000 7.100000 9.9468112188e-01 -4.5461182364e-02 9.957195e-01 1.169e-01
0.600000 7.150000 9.6669152774e-01 -3.9787872048e-02 9.675100e-01 1.177e-01
0.600000 7.200000 9.4064339024e-01 -3.0915167632e-02 9.411513e-01 1.185e-01
0.600000 7.250000 9.1652337239e-01 -1.9623117443e-02 9.167334e-01 1.193e-01
0.600000 7.300000 8.9405967204e-01 -6.3797011721e-03 8.940824e-01 1.201e-01
0.600000 7.350000 8.7297123244e-01 8.6816766075e-03 8.730144e-01 1.209e-01
0.600000 7.400000 8.5314158748e-01 2.5631912353e-02 8.535265e-01 1.217e-01
0.600000 7.450000 8.3464672495e-01 4.4567716642e-02 8.358358e-01 1.226e-01
0.600000 7.500000 8.1766454459e-01 6.5499572872e-02 8.202838e-01 1.234e-01
0.600000 7.550000 8.0236302015e-01 8.8356592836e-02 8.072133e-01 1.242e-01
0.600000 7.600000 7.8886069814e-01 1.1306815164e-01 7.969226e-01 1.250e-01
0.600000 7.650000 7.7728393552e-01 1.3962914817e-01 7.897257e-01 1.258e-01
0.600000 7.700000 7.6786286006e-01 1.6807564846e-01 7.860425e-01 1.266e-01
0.600000 7.750000 7.6097269645e-01 1.9837343417e-01 7.864041e-01 1.274e-01
0.600000 7.800000 7.5706430209e-01 2.3029689771e-01 7.913173e-01 1.283e-01
0.600000 7.850000 7.5651046342e-01 2.6339405918e-01 8.010521e-01 1.291e-01
0.600000 7.900000 7.5946256313e-01 2.9708013559e-01 8.154998e-01 1.299e-01
0.600000 7.950000 7.6581512972e-01 3.3081357952e-01 8.342125e-01 1.307e-01
0.600000 8.000000 7.7530877077e-01 3.6424743581e-01 8.566095e-01 1.315e-01
0.600000 8.050000 7.8771009290e-01 3.9725982732e-01 8.822146e-01 1.323e-01
0.600000 8.100000 8.0295417712e-01 4.2984509372e-01 9.107701e-01 1.331e-01
0.600000 8.150000 8.2115891296e-01 4.6193932049e-01 9.421730e-01 1.339e-01
0.600000 8.200000 8.4250610956e-01 4.9329735979e-01 9.762985e-01 1.348e-01
0.600000 8.250000 8.6707377100e-01 5.2350253352e-01 1.012853e+00 1.356e-01
0.600000 8.300000 8.9473590024e-01 5.5209902915e-01 1.051364e+00 1.364e-01
0.600000 8.350000 9.2519847598e-01 5.7875286936e-01 1.091305e+00 1.372e-01
0.600000 8.400000 9.5814538978e-01 6.0332807690e-01 1.132275e+00 1.380e-01
0.600000 8.450000 9.9339127574e-01 6.2582367408e-01 1.174088e+00 1.388e-01
0.600000 8.500000 1.0309322559e+00 6.4621405260e-01 1.216723e+00 1.396e-01
0.600000 8.550000 1.0708549537e+00 6.6430352189e-01 1.260170e+00 1.405e-01
0.600000 8.600000 1.1131613790e+00 6.7969858623e-01 1.304269e+00 1.413e-01
0.600000 8.650000 1.1576260891e+00 6.9192355725e-01 1.348650e+00 1.421e-01
0.600000 8.700000 1.2037825164e+00 7.0060954954e-01 1.392819e+00 1.429e-01
0.600000 8.750000 1.2510512676e+00 7.0563839401e-01 1.436334e+00 1.437e-01
0.600000 8.800000 1.2989319704e+00 7.0715346085e-01 1.478949e+00 1.445e-01
0.600000 8.850000 1.3471431880e+00 7.0543658686e-01 1.520669e+00 1.453e-01
0.600000 8.900000 1.3956351394e+00 7.0073395109e-01 1.561674e+00 1.462e-01
0.600000 8.950000 1.4444872393e+00 6.9313757324e-01 1.602181e+00 1.470e-01
0.600000 9.000000 1.4937751297e+00 6.8257961319e-01 1.642340e+00 1.478e-01
0.600000 9.050000 1.5435002201e+00 6.6891159662e-01 1.682212e+00 1.486e-01
0.600000 9.100000 1.5936155652e+00 6.5198179963e-01 1.721828e+00 1.494e-01
0.600000 9.150000 1.6441000333e+00 6.3163318007e-01 1.761257e+00 1.502e-01
0.600000 9.200000 1.6949888257e+00 6.0761400476e-01 1.800606e+00 1.510e-01
0.600000 9.250000 1.7462957860e+00 5.7947236022e-01 1.839929e+00 1.519e-01
0.600000 9.300000 1.7978435720e+00 5.4653529118e-01 1.879080e+00 1.527e-01
0.600000 9.350000 1.8490946862e+00 5.0802906790e-01 1.917614e+00 1.535e-01
0.600000 9.400000 1.8990935905e+00 4.6330698108e-01 1.954792e+00 1.543e-01
0.600000 9.450000 1.9465723090e+00 4.1207645152e-01 1.989711e+00 1.551e-01
0.600000 9.500000 1.9901758173e+00 3.5451035350e-01 2.021504e+00 1.559e-01
0.600000 9.550000 2.0286932085e+00 2.9119482101e-01 2.049485e+00 1.567e-01
0.600000 9.600000 2.0611833990e+00 2.2296320761e-01 2.073208e+00 1.576e-01
0.600000 9.650000 2.0869578276e+00 1.5072842211e-01 2.092394e+00 1.584e-01
0.600000 9.700000 2.1054769511e+00 7.5412524460e-02 2.106827e+00 1.592e-01
0.600000 9.750000 2.1162685924e+00 -2.0059218076e-03 2.116270e+00 1.600e-01
0.600000 9.800000 2.1189508543e+00 -8.0394765176e-02 2.120475e+00 1.608e-01
0.600000 9.850000 2.1133597996e+00 -1.5842726899e-01 2.119290e+00 1.616e-01
0.600000 9.900000 2.0997006979e+00 -2.3466521245e-01 2.112773e+00 1.624e-01
0.600000 9.950000 2.0786177387e+00 -3.0774843257e-01 2.101276e+00 1.633e-01
0.600000 10.000000 2.0511261756e+00 -3.7659996909e-01 2.085413e+00 1.641e-01
0.600000 10.050000 2.0184373001e+00 -4.4054576550e-01 2.065955e+00 1.649e-01
0.600000 10.100000 1.9817694177e+00 -4.9930611853e-01 2.043702e+00 1.657e-01
0.600000 10.150000 1.9422338483e+00 -5.5289994572e-01 2.019399e+00 1.665e-01
0.600000 10.200000 1.9008188257e+00 -6.0155208257e-01 1.993734e+00 1.673e-01
0.600000 10.250000 1.8584153854e+00 -6.4567332017e-01 1.967385e+00 1.681e-01
0.600000 10.300000 1.8157964824e+00 -6.8590830171e-01 1.941027e+00 1.690e-01
0.600000 10.350000 1.7734994267e+00 -7.2317297021e-01 1.915275e+00 1.698e-01
0.600000 10.400000 1.7316462536e+00 -7.5858686348e-01 1.890517e+00 1.706e-01
0.600000 10.450000 1.6898064989e+00 -7.9326258563e-01 1.866738e+00 1.714e-01
0.600000 10.500000 1.6470095757e+00 -8.2800941412e-01 1.843432e+00 1.722e-01
0.600000 10.550000 1.6019422807e+00 -8.6307602599e-01 1.819648e+00 1.730e-01
0.600000 10.600000 1.5532652401e+00 -8.9805039913e-01 1.794193e+00 1.738e-01
0.600000 10.650000 1.4999166983e+00 -9.3195451369e-01 1.765868e+00 1.747e-01
0.600000 10.700000 1.4412861334e+00 -9.6346867870e-01 1.733660e+00 1.755e-01
0.600000 10.750000 1.3772239814e+00 -9.9116157706e-01 1.696805e+00 1.763e-01
0.600000 10.800000 1.3079510591e+00 -1.0136240792e+00 1.654742e+00 1.771e-01
0.600000 10.850000 1.2339777635e+00 -1.0294895753e+00 1.607031e+00 1.779e-01
0.600000 10.900000 1.1561101470e+00 -1.0374111912e+00 1.553323e+00 1.787e-01
0.600000 10.950000 1.0755337002e+00 -1.0360964148e+00 1.493408e+00 1.796e-01
0.600000 11.000000 9.9388841317e-01 -1.0244528713e+00 1.427346e+00 1.804e-01
0.600000 11.050000 9.1323545285e-01 -1.0018095357e+00 1.355589e+00 1.812e-01
0.600000 11.100000 8.3587633119e-01 -9.6810930475e-01 1.279033e+00 1.820e-01
0.600000 11.150000 7.6407786187e-01 -9.2397025444e-01 1.198973e+00 1.828e-01
0.600000 11.200000 6.9981648781e-01 -8.7058397889e-01 1.116987e+00 1.836e-01
0.600000 11.250000 6.4464222907e-01 -8.0951166123e-01 1.034830e+00 1.844e-01
0.600000 11.300000 5.9968527542e-01 -7.4248913463e-01 9.544174e-01 1.853e-01
0.600000 11.350000 5.6574090760e-01 -6.7132779809e-01 8.779201e-01 1.861e-01
0.600000 11.400000 5.4333096837e-01 -5.9791793458e-01 8.079074e-01 1.869e-01
0.600000 11.450000 5.3267677486e-01 -5.2426246991e-01 7.473926e-01 1.877e-01
0.600000 11.500000 5.3360097039e-01 -4.5244810144e-01 6.995994e-01 1.885e-01
0.600000 11.550000 5.4544386684e-01 -3.8451132663e-01 6.673515e-01 1.893e-01
0.600000 11.600000 5.6708341015e-01 -3.2224220236e-01 6.522451e-01 1.901e-01
0.600000 11.650000 5.9708313138e-01 -2.6702647641e-01 6.540729e-01 1.910e-01
0.600000 11.700000 6.3390460064e-01 -2.1981372398e-01 6.709345e-01 1.918e-01
0.600000 11.750000 6.7607282140e-01 -1.8122187890e-01 6.999399e-01 1.926e-01
0.600000 11.800000 7.2221078184e-01 -1.5169970407e-01 7.379710e-01 1.934e-01
0.600000 11.850000 7.7094635158e-01 -1.3163062701e-01 7.821029e-01 1.942e-01
0.600000 11.900000 8.2078214361e-01 -1.2130234653e-01 8.296973e-01 1.950e-01
0.600000 11.950000 8.7004633423e-01 -1.2076062650e-01 8.783870e-01 1.958e-01
0.600000 12.000000 9.1698948946e-01 -1.2964941518e-01 9.261094e-01 1.967e-01
0.600000 12.050000 9.5999376335e-01 -1.4715553686e-01 9.712069e-01 1.975e-01
0.600000 12.100000 9.9778263123e-01 -1.7211284467e-01 1.012518e+00 1.983e-01
0.600000 12.150000 1.0295143320e+00 -2.0321992297e-01 1.049380e+00 1.991e-01
0.600000 12.200000 1.0547136800e+00 -2.3925450799e-01 1.081510e+00 1.999e-01
0.600000 12.250000 1.0730966074e+00 -2.7917349879e-01 1.108817e+00 2.007e-01
0.600000 12.300000 1.0844031641e+00 -3.2206433746e-01 1.131219e+00 2.016e-01
0.600000 12.350000 1.0883383426e+00 -3.6700843807e-01 1.148554e+00 2.024e-01
0.600000 12.400000 1.0846401827e+00 -4.1296631936e-01 1.160597e+00 2.032e-01
0.600000 12.450000 1.0732080189e+00 -4.5876644970e-01 1.167151e+00 2.040e-01
0.600000 12.500000 1.0541900301e+00 -5.0319845088e-01 1.168129e+00 2.048e-01
0.600000 12.550000 1.0279692987e+00 -5.4513568009e-01 1.163569e+00 2.056e-01
0.600000 12.600000 9.9506976507e-01 -5.8359604287e-01 1.153581e+00 2.064e-01
0.600000 12.650000 9.5606673930e-01 -6.1770341122e-01 1.138254e+00 2.073e-01
0.600000 12.700000 9.1158417230e-01 -6.4659509888e-01 1.117618e+00 2.081e-01
0.600000 12.750000 8.6239346960e-01 -6.6937173333e-01 1.091687e+00 2.089e-01
0.600000 12.800000 8.0954434592e-01 -6.8516528540e-01 1.060572e+00 2.097e-01
0.600000 12.850000 7.5441865187e-01 -6.9332056512e-01 1.024617e+00 2.105e-01
0.600000 12.900000 6.9863461352e-01 -6.9360024396e-01 9.844651e-01 2.113e-01
0.600000 12.950000 6.4381977574e-01 -6.8629378266e-01 9.410117e-01 2.121e-01
0.600000 13.000000 5.9135552152e-01 -6.7215974657e-01 8.952654e-01 2.130e-01
0.600000 13.050000 5.4221653160e-01 -6.5222800377e-01 8.481746e-01 2.138e-01
0.600000 13.100000 4.9697013771e-01 -6.2756888249e-01 8.005136e-01 2.146e-01
0.600000 13.150000 4.5590210664e-01 -5.9914679493e-01 7.528769e-01 2.154e-01
0.600000 13.200000 4.1916313248e-01 -5.6781008239e-01 7.057663e-01 2.162e-01
0.600000 13.250000 3.8683219221e-01 -5.3437278933e-01 6.596919e-01 2.170e-01
0.600000 13.300000 3.5886576361e-01 -4.9968390909e-01 6.151981e-01 2.179e-01
0.600000 13.350000 3.3499374784e-01 -4.6459615160e-01 5.727743e-01 2.187e-01
0.600000 13.400000 3.1466912914e-01 -4.2982679574e-01 5.326985e-01 2.195e-01
0.600000 13.450000 2.9714643665e-01 -3.9579055594e-01 4.949204e-01 2.203e-01
0.600000 13.500000 2.8167607301e-01 -3.6251678164e-01 4.590859e-01 2.211e-01
0.600000 13.550000 2.6771883371e-01 -3.2971719607e-01 4.247197e-01 2.219e-01
0.600000 13.600000 2.5506528151e-01 -2.9697689735e-01 3.914761e-01 2.227e-01
0.600000 13.650000 2.4380220665e-01 -2.6396464064e-01 3.593283e-01 2.236e-01
0.600000 13.700000 2.3416382879e-01 -2.3055109033e-01 3.286130e-01 2.244e-01
0.600000 13.750000 2.2637315786e-01 -1.9679028135e-01 2.999520e-01 2.252e-01
0.600000 13.800000 2.2057289265e-01 -1.6281326386e-01 2.741543e-01 2.260e-01
0.600000 13.850000 2.1687073121e-01 -1.2873842611e-01 2.522033e-01 2.268e-01
0.600000 13.900000 2.1543411032e-01 -9.4681728114e-02 2.353221e-01 2.276e-01
0.600000 13.950000 2.1652814628e-01 -6.0867251927e-02 2.249206e-01 2.284e-01
0.600000 14.000000 2.2042814655e-01 -2.7752708245e-02 2.221684e-01 2.293e-01
0.600000 14.050000 2.2722970038e-01 3.9427042984e-03 2.272639e-01 2.301e-01
0.600000 14.100000 2.3666196969e-01 3.3367817076e-02 2.390027e-01 2.309e-01
0.600000 14.150000 2.4802535674e-01 5.9786694487e-02 2.551294e-01 2.317e-01
0.600000 14.200000 2.6031015226e-01 8.2823923892e-02 2.731688e-01 2.325e-01
0.600000 14.250000 2.7244905179e-01 1.0258159800e-01 2.911211e-01 2.333e-01
0.600000 14.300000 2.8358072576e-01 1.1957274494e-01 3.077591e-01 2.342e-01
0.600000 14.350000 2.9320178976e-01 1.3451834841e-01 3.225872e-01 2.350e-01
0.600000 14.400000 3.0115733922e-01 1.4812275165e-01 3.356130e-01 2.358e-01
0.600000 14.450000 3.0751496010e-01 1.6093467636e-01 3.470813e-01 2.366e-01
0.600000 14.500000 3.1242136489e-01 1.7332966876e-01 3.572818e-01 2.374e-01
0.600000 14.550000 3.1602320199e-01 1.8556785142e-01 3.664780e-01 2.382e-01
0.600000 14.600000 3.1846404799e-01 1.9784526523e-01 3.749161e-01 2.390e-01
0.600000 14.650000 3.1990314049e-01 2.1028841879e-01 3.828306e-01 2.399e-01
0.600000 14.700000 3.2048785528e-01 2.2291101944e-01 3.903867e-01 2.407e-01
0.600000 14.750000 3.2026007910e-01 2.3560304880e-01 3.975869e-01 2.415e-01
0.600000 14.800000 3.1904837946e-01 2.4821335590e-01 4.042298e-01 2.423e-01
0.600000 14.850000 3.1643621974e-01 2.6072101170e-01 4.100089e-01 2.431e-01
0.600000 14.900000 3.1186737206e-01 2.7341471101e-01 4.147492e-01 2.439e-01
0.600000 14.950000 3.0486788673e-01 2.8697082699e-01 4.186845e-01 2.448e-01
0.600000 15.000000 2.9528409506e-01 3.0236550563e-01 4.226317e-01 2.456e-01
0.600000 15.050000 2.8341481565e-01 3.2064931990e-01 4.279485e-01 2.464e-01
0.600000 15.100000 2.6997162484e-01 3.4269394546e-01 4.362612e-01 2.472e-01
0.600000 15.150000 2.5589964660e-01 3.6903448825e-01 4.490780e-01 2.480e-01
0.600000 15.200000 2.4216850335e-01 3.9986801377e-01 4.674826e-01 2.488e-01
0.600000 15.250000 2.2964813932e-01 4.3517024347e-01 4.920482e-01 2.496e-01
0.600000 15.300000 2.1911512897e-01 4.7482420710e-01 5.229431e-01 2.505e-01
0.600000 15.350000 2.1134014942e-01 5.1866183639e-01 5.600667e-01 2.513e-01
0.600000 15.400000 2.0715213898e-01 5.6639508845e-01 6.030882e-01 2.521e-01
0.600000 15.450000 2.0739690810e-01 6.1750307482e-01 6.514012e-01 2.529e-01
0.600000 15.500000 2.1279117892e-01 6.7118202060e-01 7.041061e-01 2.537e-01
0.600000 15.550000 2.2375801018e-01 7.2642650522e-01 7.601073e-01 2.545e-01
0.600000 15.600000 2.4035539913e-01 7.8221929270e-01 8.183140e-01 2.554e-01
0.600000 15.650000 2.6235634744e-01 8.3772655532e-01 8.778477e-01 2.562e-01
0.600000 15.700000 2.8944080853e-01 8.9238252065e-01 9.381485e-01 2.570e-01
0.600000 15.750000 3.2138414767e-01 9.4581363720e-01 9.989250e-01 2.578e-01
0.600000 15.800000 3.5812538993e-01 9.9765427478e-01 1.059985e+00 2.586e-01
0.600000 15.850000 3.9967380321e-01 1.0473758222e+00 1.121042e+00 2.594e-01
0.600000 15.900000 4.4591466295e-01 1.0942422726e+00 1.181612e+00 2.602e-01
0.600000 15.950000 4.9643683197e-01 1.1374244587e+00 1.241041e+00 2.611e-01
0.600000 16.000000 5.5048656419e-01 1.1762066861e+00 1.298652e+00 2.619e-01
0.600000 16.050000 6.0706866149e-01 1.2101687256e+00 1.353898e+00 2.627e-01
0.600000 16.100000 6.6512601826e-01 1.2392540785e+00 1.406465e+00 2.635e-01
0.600000 16.150000 7.2369244395e-01 1.2637186725e+00 1.456268e+00 2.643e-01
0.600000 16.200000 7.8195286176e-01 1.2840321314e+00 1.503392e+00 2.651e-01
0.600000 16.250000 8.3922756884e-01 1.3008216504e+00 1.548044e+00 2.660e-01
0.600000 16.300000 8.9496122739e-01 1.3148955902e+00 1.590568e+00 2.668e-01
0.600000 16.350000 9.4879481782e-01 1.3273006310e+00 1.631545e+00 2.676e-01
0.600000 16.400000 1.0007302607e+00 1.3393154197e+00 1.671893e+00 2.684e-01
0.600000 16.450000 1.0513113133e+00 1.3523054235e+00 1.712888e+00 2.692e-01
0.600000 16.500000 1.1017033859e+00 1.3674471080e+00 1.756036e+00 2.700e-01
0.600000 16.550000 1.1535918049e+00 1.3854191205e+00 1.802820e+00 2.708e-01
0.600000 16.600000 1.2089119448e+00 1.4061922193e+00 1.854412e+00 2.717e-01
0.600000 16.650000 1.2695148550e+00 1.4290032876e+00 1.911470e+00 2.725e-01
0.600000 16.700000 1.3368995078e+00 1.4525012824e+00 1.974097e+00 2.733e-01
0.600000 16.750000 1.4120907705e+00 1.4749681867e+00 2.041943e+00 2.741e-01
0.600000 16.800000 1.4956474888e+00 1.4945004037e+00 2.114354e+00 2.749e-01
0.600000 16.850000 1.5877124693e+00 1.5090934282e+00 2.190478e+00 2.757e-01
0.600000 16.900000 1.6880135614e+00 1.5166615345e+00 2.269284e+00 2.766e-01
0.600000 16.950000 1.7957905714e+00 1.5150804485e+00 2.349539e+00 2.774e-01
0.600000 17.000000 1.9097065626e+00 1.5023246878e+00 2.429806e+00 2.782e-01
0.600000 17.050000 2.0278418082e+00 1.4766947333e+00 2.508539e+00 2.790e-01
0.600000 17.100000 2.1478333525e+00 1.4370481055e+00 2.584240e+00 2.798e-01
0.600000 17.150000 2.2671354140e+00 1.3829225998e+00 2.655631e+00 2.806e-01
0.600000 17.200000 2.3832964776e+00 1.3144911403e+00 2.721762e+00 2.814e-01
0.600000 17.250000 2.4941344193e+00 1.2323836277e+00 2.781991e+00 2.823e-01
0.600000 17.300000 2.5977540340e+00 1.1374872308e+00 2.835878e+00 2.831e-01
0.600000 17.350000 2.6924510422e+00 1.0308404323e+00 2.883041e+00 2.839e-01
0.600000 17.400000 2.7766162473e+00 9.1366406627e-01 2.923077e+00 2.847e-01
0.600000 17.450000 2.8487458701e+00 7.8747262271e-01 2.955582e+00 2.855e-01
0.600000 17.500000 2.9075841764e+00 6.5414855387e-01 2.980261e+00 2.863e-01
0.600000 17.550000 2.9523261746e+00 5.1588203440e-01 2.997059e+00 2.872e-01
0.600000 17.600000 2.9827575152e+00 3.7496528010e-01 3.006234e+00 2.880e-01
0.600000 17.650000 2.9992394422e+00 2.3352597597e-01 3.008317e+00 2.888e-01
0.600000 17.700000 3.0025375971e+00 9.3325330478e-02 3.003988e+00 2.896e-01
0.600000 17.750000 2.9935838616e+00 -4.4293029959e-02 2.993912e+00 2.904e-01
0.600000 17.800000 2.9732915076e+00 -1.7830851518e-01 2.978633e+00 2.912e-01
0.600000 17.850000 2.9424983945e+00 -3.0787040994e-01 2.958561e+00 2.920e-01
0.600000 17.900000 2.9020251531e+00 -4.3219293602e-01 2.934031e+00 2.929e-01
0.600000 17.950000 2.8527658847e+00 -5.5055490480e-01 2.905406e+00 2.937e-01
0.600000 18.000000 2.7957224514e+00 -6.6237920631e-01 2.873119e+00 2.945e-01
0.600000 18.050000 2.7319485298e+00 -7.6731357678e-01 2.837660e+00 2.953e-01
0.600000 18.100000 2.6624421244e+00 -8.6524270705e-01 2.799508e+00 2.961e-01
0.600000 18.150000 2.5880614239e+00 -9.5622134881e-01 2.759062e+00 2.969e-01
0.600000 18.200000 2.5095142615e+00 -1.0403807237e+00 2.716625e+00 2.978e-01
0.600000 18.250000 2.4274077412e+00 -1.1178778960e+00 2.672444e+00 2.986e-01
0.600000 18.300000 2.3422928138e+00 -1.1889168035e+00 2.626758e+00 2.994e-01
0.600000 18.350000 2.2546407573e+00 -1.2538022641e+00 2.579811e+00 3.002e-01
0.600000 18.400000 2.1647458473e+00 -1.3129478574e+00 2.531789e+00 3.010e-01
0.600000 18.450000 2.0726193408e+00 -1.3667801572e+00 2.482708e+00 3.018e-01
0.600000 18.500000 1.9779693333e+00 -1.4155548623e+00 2.432315e+00 3.027e-01
0.600000 18.550000 1.8803214276e+00 -1.4591743439e+00 2.380084e+00 3.035e-01
0.600000 18.600000 1.7792482247e+00 -1.4971155106e+00 2.325313e+00 3.043e-01
0.600000 18.650000 1.6745997317e+00 -1.5285216661e+00 2.267303e+00 3.051e-01
0.600000 18.700000 1.5666168589e+00 -1.5524143862e+00 2.205511e+00 3.059e-01
0.600000 18.750000 1.4558784468e+00 -1.5679059038e+00 2.139605e+00 3.067e-01
0.600000 18.800000 1.3431371918e+00 -1.5742923183e+00 2.069399e+00 3.075e-01
0.600000 18.850000 1.2291723385e+00 -1.5709874556e+00 1.994710e+00 3.084e-01
0.600000 18.900000 1.1147768282e+00 -1.5573667331e+00 1.915233e+00 3.092e-01
0.600000 18.950000 1.0009072042e+00 -1.5326581326e+00 1.830534e+00 3.100e-01
0.600000 19.000000 8.8891233415e-01 -1.4959972947e+00 1.740165e+00 3.108e-01
0.600000 19.050000 7.8069446952e-01 -1.4466668153e+00 1.643876e+00 3.116e-01
0.600000 19.100000 6.7868399167e-01 -1.3844273884e+00 1.541834e+00 3.124e-01
0.600000 19.150000 5.8560928522e-01 -1.3097916591e+00 1.434745e+00 3.133e-01
0.600000 19.200000 5.0415109719e-01 -1.2241244895e+00 1.323877e+00 3.141e-01
0.600000 19.250000 4.3661908343e-01 -1.1295509350e+00 1.211000e+00 3.149e-01
0.600000 19.300000 3.8475124326e-01 -1.0287499076e+00 1.098344e+00 3.157e-01
0.600000 19.350000 3.4964615517e-01 -9.2474595252e-01 9.886392e-01 3.165e-01
0.600000 19.400000 3.3175874038e-01 -8.2076783174e-01 8.852817e-01 3.173e-01
0.600000 19.450000 3.3087598597e-01 -7.2015915576e-01 7.925327e-01 3.181e-01
0.600000 19.500000 3.4604440255e-01 -6.2626733428e-01 7.155121e-01 3.190e-01
0.600000 19.550000 3.7550028349e-01 -5.4224664813e-01 6.595695e-01 3.198e-01
0.600000 19.600000 4.1669446399e-01 -4.7078209552e-01 6.287051e-01 3.206e-01
0.600000 19.650000 4.6647088968e-01 -4.1381987858e-01 6.235720e-01 3.214e-01
0.600000 19.700000 5.2137185914e-01 -3.7241715383e-01 6.407208e-01 3.222e-01
0.600000 19.750000 5.7796193343e-01 -3.4677302583e-01 6.740115e-01 3.230e-01
0.600000 19.800000 6.3304586608e-01 -3.3640446095e-01 7.168787e-01 3.239e-01
0.600000 19.850000 6.8371959348e-01 -3.4034981723e-01 7.637477e-01 3.247e-01
0.600000 19.900000 7.2729839767e-01 -3.5727477882e-01 8.103137e-01 3.255e-01
0.600000 19.950000 7.6124441355e-01 -3.8542846951e-01 8.532574e-01 3.263e-01
0.600000 20.000000 7.8321499691e-01 -4.2250516364e-01 8.899081e-01 3.271e-01
0.600000 20.050000 7.9127408621e-01 -4.6553982802e-01 9.180643e-01 3.279e-01
0.600000 20.100000 7.8420208567e-01 -5.1095753956e-01 9.359757e-01 3.287e-01
0.600000 20.150000 7.6177395446e-01 -5.5481513914e-01 9.424009e-01 3.296e-01
0.600000 20.200000 7.2488897487e-01 -5.9317308512e-01 9.366527e-01 3.304e-01
0.600000 20.250000 6.7551403233e-01 -6.2248014358e-01 9.185863e-01 3.312e-01
0.600000 20.300000 6.1648881998e-01 -6.3987280076e-01 8.885357e-01 3.320e-01
0.600000 20.350000 5.5127911149e-01 -6.4336200642e-01 8.472446e-01 3.328e-01
0.600000 20.400000 4.8373509598e-01 -6.3194519607e-01 7.958356e-01 3.336e-01
0.600000 20.450000 4.1784781312e-01 -6.0569298517e-01 7.358402e-01 3.345e-01
0.600000 20.500000 3.5745511988e-01 -5.6581257704e-01 6.692668e-01 3.353e-01
0.600000 20.550000 3.0586859920e-01 -5.1462578864e-01 5.986613e-01 3.361e-01
0.600000 20.600000 2.6546559516e-01 -4.5537657748e-01 5.271051e-01 3.369e-01
0.600000 20.650000 2.3736388726e-01 -3.9183151065e-01 4.581196e-01 3.377e-01
0.600000 20.700000 2.2131129500e-01 -3.2773515377e-01 3.954605e-01 3.385e-01
0.600000 20.750000 2.1585582256e-01 -2.6626941332e-01 3.427727e-01 3.394e-01
0.600000 20.800000 2.1874609509e-01 -2.0968146436e-01 3.030118e-01 3.402e-01
0.600000 20.850000 2.2741507209e-01 -1.5917258795e-01 2.775852e-01 3.410e-01
0.600000 20.900000 2.3938163228e-01 -1.1502040085e-01 2.655810e-01 3.418e-01
0.600000 20.950000 2.5247483257e-01 -7.6811393300e-02 2.639006e-01 3.426e-01
0.600000 21.000000 2.6489815954e-01 -4.3645405327e-02 2.684697e-01 3.434e-01
0.600000 21.050000 2.7523378909e-01 -1.4241887161e-02 2.756020e-01 3.442e-01
0.600000 21.100000 2.8248987860e-01 1.3021462043e-02 2.827898e-01 3.451e-01
0.600000 21.150000 2.8622235159e-01 4.0043790948e-02 2.890099e-01 3.459e-01
0.600000 21.200000 2.8667169312e-01 6.8831613451e-02 2.948194e-01 3.467e-01
0.600000 21.250000 2.8481130821e-01 1.0122626654e-01 3.022652e-01 3.475e-01
0.600000 21.300000 2.8223855844e-01 1.3861470682e-01 3.144402e-01 3.483e-01
0.600000 21.350000 2.8092814616e-01 1.8173812860e-01 3.345884e-01 3.491e-01
0.600000 21.400000 2.8294731404e-01 2.3066304942e-01 3.650543e-01 3.500e-01
0.600000 21.450000 2.9024677760e-01 2.8488592103e-01 4.066979e-01 3.508e-01
0.600000 21.500000 3.0457984126e-01 3.4347030623e-01 4.590651e-01 3.516e-01
0.600000 21.550000 3.2750779269e-01 4.0511573151e-01 5.209416e-01 3.524e-01
0.600000 21.600000 3.6038907834e-01 4.6812951835e-01 5.907838e-01 3.532e-01
0.600000 21.650000 4.0426653428e-01 5.3036629567e-01 6.668732e-01 3.540e-01
0.600000 21.700000 4.5965077448e-01 5.8924779112e-01 7.473231e-01 3.548e-01
0.600000 21.750000 5.2629103379e-01 6.4194185255e-01 8.301034e-01 3.557e-01
0.600000 21.800000 6.0306179186e-01 6.8568459052e-01 9.131522e-01 3.565e-01
0.600000 21.850000 6.8804626151e-01 7.1813611209e-01 9.945487e-01 3.573e-01
0.600000 21.900000 7.7879533270e-01 7.3763156074e-01 1.072671e+00 3.581e-01
0.600000 21.950000 8.7264944281e-01 7.4324499835e-01 1.146268e+00 3.589e-01
0.600000 22.000000 9.6699002053e-01 7.3468733217e-01 1.214428e+00 3.597e-01
0.600000 22.050000 1.0593479765e+00 7.1214286900e-01 1.276466e+00 3.606e-01
0.600000 22.100000 1.1473958780e+00 6.7615914811e-01 1.331806e+00 3.614e-01
0.600000 22.150000 1.2289203142e+00 6.2763923532e-01 1.379919e+00 3.622e-01
0.600000 22.200000 1.3018661490e+00 5.6789365567e-01 1.420338e+00 3.630e-01
0.600000 22.250000 1.3644723542e+00 4.9865609085e-01 1.452736e+00 3.638e-01
0.600000 22.300000 1.4154339381e+00 4.2198926426e-01 1.477000e+00 3.646e-01
0.600000 22.350000 1.4539882873e+00 3.4008760329e-01 1.493232e+00 3.655e-01
0.600000 22.400000 1.4798636713e+00 2.5506293019e-01 1.501684e+00 3.663e-01
0.600000 22.450000 1.4931154858e+00 1.6882068224e-01 1.502629e+00 3.671e-01
0.600000 22.500000 1.4939502691e+00 8.3080278833e-02 1.496259e+00 3.679e-01
0.600000 22.550000 1.4826457658e+00 -4.9957016743e-04 1.482646e+00 3.687e-01
0.600000 22.600000 1.4596104058e+00 -8.0197795368e-02 1.461812e+00 3.695e-01
0.600000 22.650000 1.4255314298e+00 -1.5421356045e-01 1.433849e+00 3.703e-01
0.600000 22.700000 1.3815016620e+00 -2.2078507804e-01 1.399033e+00 3.712e-01
0.600000 22.750000 1.3290304641e+00 -2.7838341888e-01 1.357873e+00 3.720e-01
0.600000 22.800000 1.2699227756e+00 -3.2587205975e-01 1.311067e+00 3.728e-01
0.600000 22.850000 1.2060963718e+00 -3.6255036771e-01 1.259409e+00 3.736e-01
0.600000 22.900000 1.1394420613e+00 -3.8808120382e-01 1.203717e+00 3.744e-01
0.600000 22.950000 1.0717918923e+00 -4.0238092461e-01 1.144835e+00 3.752e-01
0.600000 23.000000 1.0049761825e+00 -4.0556952771e-01 1.083727e+00 3.761e-01
0.600000 23.050000 9.4088186628e-01 -3.9802675620e-01 1.021609e+00 3.769e-01
0.600000 23.100000 8.8142094951e-01 -3.8051441946e-01 9.600490e-01 3.777e-01
0.600000 23.150000 8.2838133801e-01 -3.5426736910e-01 9.009556e-01 3.785e-01
0.600000 23.200000 7.8321785465e-01 -3.2096698906e-01 8.464337e-01 3.793e-01
0.600000 23.250000 7.4688808511e-01 -2.8258403469e-01 7.985584e-01 3.801e-01
0.600000 23.300000 7.1981244960e-01 -2.4116077421e-01 7.591367e-01 3.809e-01
0.600000 23.350000 7.0195838845e-01 -1.9863692156e-01 7.295219e-01 3.818e-01
0.600000 23.400000 6.9297129130e-01 -1.5678551537e-01 7.104864e-01 3.826e-01
0.600000 23.450000 6.9225499439e-01 -1.1724139971e-01 7.021129e-01 3.834e-01
0.600000 23.500000 6.9895673397e-01 -8.1536764129e-02 7.036965e-01 3.842e-01
0.600000 23.550000 7.1189804387e-01 -5.1055725015e-02 7.137265e-01 3.850e-01
0.600000 23.600000 7.2955080688e-01 -2.6887191891e-02 7.300461e-01 3.858e-01
0.600000 23.650000 7.5014173933e-01 -9.6457339615e-03 7.502038e-01 3.867e-01
0.600000 23.700000 7.7188543028e-01 6.2165025851e-04 7.718857e-01 3.875e-01
0.600000 23.750000 7.9325058918e-01 4.3577646161e-03 7.932626e-01 3.883e-01
0.600000 23.800000 8.1312304244e-01 2.2588884693e-03 8.131262e-01 3.891e-01
0.600000 23.850000 8.3077482788e-01 -5.0073403651e-03 8.307899e-01 3.899e-01
0.600000 23.900000 8.4565656174e-01 -1.6980574639e-02 8.458270e-01 3.907e-01
0.600000 23.950000 8.5713316886e-01 -3.3387461289e-02 8.577832e-01 3.916e-01
0.600000 24.000000 8.6431615988e-01 -5.3939033454e-02 8.659976e-01 3.924e-01
0.600000 24.050000 8.6608881198e-01 -7.8063519740e-02 8.695998e-01 3.932e-01
0.600000 24.100000 8.6131116726e-01 -1.0472141126e-01 8.676540e-01 3.940e-01
0.600000 24.150000 8.4909862525e-01 -1.3239361576e-01 8.593582e-01 3.948e-01
0.600000 24.200000 8.2904546419e-01 -1.5923368467e-01 8.441989e-01 3.956e-01
0.600000 24.250000 8.0131792585e-01 -1.8329718648e-01 8.220148e-01 3.964e-01
0.600000 24.300000 7.6662608507e-01 -2.0275040573e-01 7.929838e-01 3.973e-01
0.600000 24.350000 7.2613917702e-01 -2.1601211001e-01 7.575878e-01 3.981e-01
0.600000 24.400000 6.8140198102e-01 -2.2184866325e-01 7.166069e-01 3.989e-01
0.600000 24.450000 6.3425599325e-01 -2.1947052111e-01 6.711542e-01 3.997e-01
0.600000 24.500000 5.8671938676e-01 -2.0864702304e-01 6.227144e-01 4.005e-01
0.600000 24.550000 5.4078088092e-01 -1.8979444981e-01 5.731194e-01 4.013e-01
0.600000 24.600000 4.9812095019e-01 -1.6395450657e-01 5.244097e-01 4.022e-01
0.600000 24.650000 4.5984863412e-01 -1.3260684734e-01 4.785868e-01 4.030e-01
0.600000 24.700000 4.2637427947e-01 -9.7343188784e-02 4.373451e-01 4.038e-01
0.600000 24.750000 3.9749352896e-01 -5.9519531826e-02 4.019250e-01 4.046e-01
0.600000 24.800000 3.7265414361e-01 -2.0033819796e-02 3.731923e-01 4.054e-01
0.600000 24.850000 3.5127716020e-01 2.0680184813e-02 3.518854e-01 4.062e-01
0.600000 24.900000 3.3297329910e-01 6.2467906486e-02 3.387823e-01 4.071e-01
0.600000 24.950000 3.1755876344e-01 1.0520845618e-01 3.345331e-01 4.079e-01
0.600000 25.000000 3.0489588446e-01 1.4866780141e-01 3.392103e-01 4.087e-01
0.600000 25.050000 2.9468924067e-01 1.9254221499e-01 3.520146e-01 4.095e-01
0.600000 25.100000 2.8639196362e-01 2.3666161577e-01 3.715226e-01 4.103e-01
0.600000 25.150000 2.7930644891e-01 2.8122190315e-01 3.963557e-01 4.111e-01
0.600000 25.200000 2.7284483642e-01 3.2689722764e-01 4.258005e-01 4.119e-01
0.600000 25.250000 2.6682228447e-01 3.7475434565e-01 4.600380e-01 4.128e-01
0.600000 25.300000 2.6164456953e-01 4.2600230745e-01 4.999358e-01 4.136e-01
0.600000 25.350000 2.5832049811e-01 4.8169040241e-01 5.465850e-01 4.144e-01
0.600000 25.400000 2.5832725659e-01 5.4247014581e-01 6.008384e-01 4.152e-01
0.600000 25.450000 2.6341754947e-01 6.0847205963e-01 6.630438e-01 4.160e-01
0.600000 25.500000 2.7544691039e-01 6.7926864248e-01 7.329917e-01 4.168e-01
0.600000 25.550000 2.9623657038e-01 7.5385960398e-01 8.099756e-01 4.177e-01
0.600000 25.600000 3.2742715958e-01 8.3064574305e-01 8.928499e-01 4.185e-01
0.600000 25.650000 3.7027182541e-01 9.0742441089e-01 9.800614e-01 4.193e-01
0.600000 25.700000 4.2537241920e-01 9.8148464959e-01 1.069698e+00 4.201e-01
0.600000 25.750000 4.9243892767e-01 1.0498608427e+00 1.159614e+00 4.209e-01
0.600000 25.800000 5.7019018918e-01 1.1097242785e+00 1.247640e+00 4.217e-01
0.600000 25.850000 6.5647687801e-01 1.1588026989e+00 1.331835e+00 4.226e-01
0.600000 25.900000 7.4861086948e-01 1.1956806901e+00 1.410699e+00 4.234e-01
0.600000 25.950000 8.4378651728e-01 1.2198788222e+00 1.483267e+00 4.242e-01
0.600000 26.000000 9.3944133180e-01 1.2317128360e+00 1.549086e+00 4.250e-01
0.600000 26.050000 1.0334499649e+00 1.2320329347e+00 1.608081e+00 4.258e-01
0.600000 26.100000 1.1241452981e+00 1.2219774115e+00 1.660401e+00 4.266e-01
0.600000 26.150000 1.2102488703e+00 1.2028277479e+00 1.706311e+00 4.274e-01
0.600000 26.200000 1.2908150776e+00 1.1759610533e+00 1.746164e+00 4.283e-01
0.600000 26.250000 1.3652415838e+00 1.1428248377e+00 1.780431e+00 4.291e-01
0.600000 26.300000 1.4333151987e+00 1.1048558853e+00 1.809723e+00 4.299e-01
0.600000 26.350000 1.4952108967e+00 1.0633272121e+00 1.834753e+00 4.307e-01
0.600000 26.400000 1.5513798885e+00 1.0191858361e+00 1.856211e+00 4.315e-01
0.600000 26.450000 1.6023377009e+00 9.7297907467e-01 1.874613e+00 4.323e-01
0.600000 26.500000 1.6484405004e+00 9.2492972115e-01 1.890199e+00 4.332e-01
0.600000 26.550000 1.6897602244e+00 8.7513430672e-01 1.902932e+00 4.340e-01
0.600000 26.600000 1.7261175106e+00 8.2378303085e-01 1.912616e+00 4.348e-01
0.600000 26.650000 1.7572391246e+00 7.7128806492e-01 1.919056e+00 4.356e-01
0.600000 26.700000 1.7829360330e+00 7.1826817907e-01 1.922178e+00 4.364e-01
0.600000 26.750000 1.8031974575e+00 6.6543046178e-01 1.922061e+00 4.372e-01
0.600000 26.800000 1.8181648702e+00 6.1345056168e-01 1.918866e+00 4.381e-01
0.600000 26.850000 1.8280391981e+00 5.6294007377e-01 1.912754e+00 4.389e-01
0.600000 26.900000 1.8330212708e+00 5.1451370722e-01 1.903862e+00 4.397e-01
0.600000 26.950000 1.8333565281e+00 4.6888471567e-01 1.892366e+00 4.405e-01
0.600000 27.000000 1.8294707129e+00 4.2688600729e-01 1.878615e+00 4.413e-01
0.600000 27.050000 1.8221041459e+00 3.8936059902e-01 1.863241e+00 4.421e-01
0.600000 27.100000 1.8123364458e+00 3.5695799169e-01 1.847155e+00 4.429e-01
0.600000 27.150000 1.8014559427e+00 3.2994763618e-01 1.831423e+00 4.438e-01
0.600000 27.200000 1.7907283323e+00 3.0816260691e-01 1.817050e+00 4.446e-01
0.600000 27.250000 1.7811889075e+00 2.9111064404e-01 1.804821e+00 4.454e-01
0.600000 27.300000 1.7735723431e+00 2.7818465147e-01 1.795256e+00 4.462e-01
0.600000 27.350000 1.7684073951e+00 2.6884098220e-01 1.788726e+00 4.470e-01
0.600000 27.400000 1.7661969969e+00 2.6263564528e-01 1.785617e+00 4.478e-01
0.600000 27.450000 1.7675479875e+00 2.5910339702e-01 1.786438e+00 4.487e-01
0.600000 27.500000 1.7731472058e+00 2.5757097413e-01 1.791757e+00 4.495e-01
0.600000 27.550000 1.7835815803e+00 2.5704383232e-01 1.802009e+00 4.503e-01
0.600000 27.600000 1.7991038681e+00 2.5626423103e-01 1.817263e+00 4.511e-01
0.600000 27.650000 1.8194862687e+00 2.5393449310e-01 1.837121e+00 4.519e-01
0.600000 27.700000 1.8440570078e+00 2.4899948267e-01 1.860792e+00 4.527e-01
0.600000 27.750000 1.8719127722e+00 2.4084823931e-01 1.887343e+00 4.535e-01
0.600000 27.800000 1.9022081691e+00 2.2934265752e-01 1.915984e+00 4.544e-01
0.600000 27.850000 1.9343960309e+00 2.1467436614e-01 1.946272e+00 4.552e-01
0.600000 27.900000 1.9683368042e+00 1.9712775736e-01 1.978183e+00 4.560e-01
0.600000 27.950000 2.0042714803e+00 1.7684409990e-01 2.012058e+00 4.568e-01
0.600000 28.000000 2.0427050050e+00 1.5364205190e-01 2.048475e+00 4.576e-01
0.600000 28.050000 2.0842458470e+00 1.2689687765e-01 2.088105e+00 4.584e-01
0.600000 28.100000 2.1294084861e+00 9.5462069735e-02 2.131547e+00 4.593e-01
0.600000 28.150000 2.1783565084e+00 5.7647380774e-02 2.179119e+00 4.601e-01
0.600000 28.200000 2.2305848902e+00 1.1315385971e-02 2.230614e+00 4.609e-01
0.600000 28.250000 2.2846093031e+00 -4.5829093207e-02 2.285069e+00 4.617e-01
0.600000 28.300000 2.3378006038e+00 -1.1574025306e-01 2.340664e+00 4.625e-01
0.600000 28.350000 2.3865122761e+00 -1.9941857368e-01 2.394830e+00 4.633e-01
0.600000 28.400000 2.4265663267e+00 -2.9638249421e-01 2.444600e+00 4.642e-01
0.600000 28.450000 2.4540161112e+00 -4.0444673674e-01 2.487121e+00 4.650e-01
0.600000 28.500000 2.4659672115e+00 -5.1994313141e-01 2.520186e+00 4.658e-01
0.600000 28.550000 2.4611874757e+00 -6.3835627574e-01 2.542625e+00 4.666e-01
0.600000 28.600000 2.4403068442e+00 -7.5518630665e-01 2.554487e+00 4.674e-01
0.600000 28.650000 2.4055621898e+00 -8.6677485305e-01 2.556957e+00 4.682e-01
0.600000 28.700000 2.3602020245e+00 -9.7087003036e-01 2.552086e+00 4.690e-01
0.600000 28.750000 2.3077539425e+00 -1.0668291147e+00 2.542411e+00 4.699e-01
0.600000 28.800000 2.2513459054e+00 -1.1554895515e+00 2.530556e+00 4.707e-01
0.600000 28.850000 2.1931927238e+00 -1.2388142936e+00 2.518880e+00 4.715e-01
0.600000 28.900000 2.1342753939e+00 -1.3194175766e+00 2.509182e+00 4.723e-01
0.600000 28.950000 2.0742031225e+00 -1.4000356176e+00 2.502482e+00 4.731e-01
0.600000 29.000000 2.0112592864e+00 -1.4829775021e+00 2.498877e+00 4.739e-01
0.600000 29.050000 1.9426537914e+00 -1.5696059718e+00 2.497512e+00 4.748e-01
0.600000 29.100000 1.8649886967e+00 -1.6599405571e+00 2.496715e+00 4.756e-01
0.600000 29.150000 1.7748780781e+00 -1.7524974932e+00 2.494281e+00 4.764e-01
0.600000 29.200000 1.6695815575e+00 -1.8444395657e+00 2.487863e+00 4.772e-01
0.600000 29.250000 1.5474738798e+00 -1.9320058331e+00 2.475343e+00 4.780e-01
0.600000 29.300000 1.4082213819e+00 -2.0110775902e+00 2.455101e+00 4.788e-01
0.600000 29.350000 1.2526574977e+00 -2.0776830336e+00 2.426091e+00 4.797e-01
0.600000 29.400000 1.0824791320e+00 -2.1282888887e+00 2.387755e+00 4.805e-01
0.600000 29.450000 8.9994720732e-01 -2.1598512490e+00 2.339842e+00 4.813e-01
0.600000 29.500000 7.0773067617e-01 -2.1697266604e+00 2.282235e+00 4.821e-01
0.600000 29.550000 5.0891353338e-01 -2.1555991885e+00 2.214859e+00 4.829e-01
0.600000 29.600000 3.0706862601e-01 -2.1155285420e+00 2.137698e+00 4.837e-01
0.600000 29.650000 1.0626778513e-01 -2.0481076473e+00 2.050863e+00 4.845e-01
0.600000 29.700000 -8.9033243245e-02 -1.9526209131e+00 1.954650e+00 4.854e-01
0.600000 29.750000 -2.7417598094e-01 -1.8290908965e+00 1.849526e+00 4.862e-01
0.600000 29.800000 -4.4440795097e-01 -1.6782009100e+00 1.736046e+00 4.870e-01
0.600000 29.850000 -5.9481341141e-01 -1.5012177835e+00 1.614762e+00 4.878e-01
0.600000 29.900000 -7.2010350148e-01 -1.3001095219e+00 1.486215e+00 4.886e-01
0.600000 29.950000 -8.1447331075e-01 -1.0779851180e+00 1.351081e+00 4.894e-01
0.600000 30.000000 -8.7181421628e-01 -8.3979006408e-01 1.210499e+00 4.903e-01
0.600000 30.050000 -8.8648378489e-01 -5.9296867902e-01 1.066520e+00 4.911e-01
0.600000 30.100000 -8.5459700161e-01 -3.4768455491e-01 9.226162e-01 4.919e-01
0.600000 30.150000 -7.7551802436e-01 -1.1626216892e-01 7.841844e-01 4.927e-01
0.600000 30.200000 -6.5304491933e-01 8.8231943727e-02 6.589784e-01 4.935e-01
0.600000 30.250000 -4.9579437810e-01 2.5401632185e-01 5.570784e-01 4.943e-01
0.600000 30.300000 -3.1651672353e-01 3.7271443681e-01 4.889774e-01 4.952e-01
0.600000 30.350000 -1.3041231288e-01 4.4097463000e-01 4.598543e-01 4.960e-01
0.600000 30.400000 4.7162211276e-02 4.6113504432e-01 4.635405e-01 4.968e-01
0.600000 30.450000 2.0303588485e-01 4.4076497689e-01 4.852807e-01 4.976e-01
0.600000 30.500000 3.2806992336e-01 3.9123091267e-01 5.105796e-01 4.984e-01
0.600000 30.550000 4.1814144582e-01 3.2567124343e-01 5.300038e-01 4.992e-01
0.600000 30.600000 4.7414743661e-01 2.5685908194e-01 5.392517e-01 5.000e-01
0.600000 30.650000 5.0114824712e-01 1.9539052910e-01 5.378913e-01 5.009e-01
0.600000 30.700000 5.0693452218e-01 1.4850026278e-01 5.282376e-01 5.017e-01
0.600000 30.750000 5.0037498455e-01 1.1963130607e-01 5.144772e-01 5.025e-01
0.600000 30.800000 4.8989152766e-01 1.0871435383e-01 5.018092e-01 5.033e-01
0.600000 30.850000 4.8232887341e-01 1.1297324311e-01 4.953828e-01 5.041e-01
0.600000 30.900000 4.8235859118e-01 1.2798885101e-01 4.990501e-01 5.049e-01
0.600000 30.950000 4.9240902444e-01 1.4874098407e-01 5.143836e-01 5.058e-01
0.600000 31.000000 5.1298192776e-01 1.7041146630e-01 5.405465e-01 5.066e-01
0.600000 31.050000 5.4314452471e-01 1.8885269433e-01 5.750403e-01 5.074e-01
0.600000 31.100000 5.8099713583e-01 2.0075980837e-01 6.147049e-01 5.082e-01
0.600000 31.150000 6.2400215508e-01 2.0367672491e-01 6.564015e-01 5.090e-01
0.600000 31.200000 6.6917505998e-01 1.9597960329e-01 6.972828e-01 5.098e-01
0.600000 31.250000 7.1322282991e-01 1.7691892170e-01 7.348382e-01 5.107e-01
0.600000 31.300000 7.5272860893e-01 1.4670676206e-01 7.668919e-01 5.115e-01
0.600000 31.350000 7.8442550232e-01 1.0656835423e-01 7.916313e-01 5.123e-01
0.600000 31.400000 8.0552022937e-01 5.8675341722e-02 8.076544e-01 5.131e-01
0.600000 31.450000 8.1397557826e-01 5.9374285933e-03 8.139972e-01 5.139e-01
0.600000 31.500000 8.0867236154e-01 -4.8295564516e-02 8.101132e-01 5.147e-01
0.600000 31.550000 7.8943519831e-01 -1.0053092438e-01 7.958105e-01 5.155e-01
0.600000 31.600000 7.5697450909e-01 -1.4736338033e-01 7.711850e-01 5.164e-01
0.600000 31.650000 7.1281996652e-01 -1.8563902382e-01 7.365963e-01 5.172e-01
0.600000 31.700000 6.5928180597e-01 -2.1261135989e-01 6.927165e-01 5.180e-01
0.600000 31.750000 5.9940497231e-01 -2.2615162734e-01 6.406488e-01 5.188e-01
0.600000 31.800000 5.3683216367e-01 -2.2501736111e-01 5.820838e-01 5.196e-01
0.600000 31.850000 4.7550779440e-01 -2.0910173819e-01 5.194528e-01 5.204e-01
0.600000 31.900000 4.1923416208e-01 -1.7954073783e-01 4.560616e-01 5.213e-01
0.600000 31.950000 3.7118652043e-01 -1.3858478397e-01 3.962135e-01 5.221e-01
0.600000 32.000000 3.3354263618e-01 -8.9237069601e-02 3.452737e-01 5.229e-01
0.600000 32.050000 3.0734837030e-01 -3.4768153651e-02 3.093087e-01 5.237e-01
0.600000 32.100000 2.9263920038e-01 2.1728967643e-02 2.934448e-01 5.245e-01
0.600000 32.150000 2.8872673074e-01 7.7610440234e-02 2.989758e-01 5.253e-01
0.600000 32.200000 2.9450315700e-01 1.3074416747e-01 3.222206e-01 5.262e-01
0.600000 32.250000 3.0864404155e-01 1.7943118514e-01 3.570108e-01 5.270e-01
0.600000 32.300000 3.2967659283e-01 2.2230254189e-01 3.976243e-01 5.278e-01
0.600000 32.350000 3.5596785813e-01 2.5828091747e-01 4.397978e-01 5.286e-01
0.600000 32.400000 3.8572091988e-01 2.8662038710e-01 4.805537e-01 5.294e-01
0.600000 32.450000 4.1703370592e-01 3.0697047177e-01 5.178301e-01 5.302e-01
0.600000 32.500000 4.4800753120e-01 3.1939727786e-01 5.502048e-01 5.310e-01
0.600000 32.550000 4.7684511357e-01 3.2433847955e-01 5.766946e-01 5.319e-01
0.600000 32.600000 5.0188634344e-01 3.2253131162e-01 5.965873e-01 5.327e-01
0.600000 32.650000 5.2158681889e-01 3.1498218280e-01 6.093165e-01 5.335e-01
0.600000 32.700000 5.3450425253e-01 3.0301687165e-01 6.144217e-01 5.343e-01
0.600000 32.750000 5.3937236454e-01 2.8838009758e-01 6.116254e-01 5.351e-01
0.600000 32.800000 5.3529373347e-01 2.7329301535e-01 6.010228e-01 5.359e-01
0.600000 32.850000 5.2200051899e-01 2.6037334053e-01 5.833342e-01 5.368e-01
0.600000 32.900000 5.0006977924e-01 2.5238437368e-01 5.601497e-01 5.376e-01
0.600000 32.950000 4.7098178692e-01 2.5187019863e-01 5.340997e-01 5.384e-01
0.600000 33.000000 4.3697718787e-01 2.6079782961e-01 5.088856e-01 5.392e-01
0.600000 33.050000 4.0076070821e-01 2.8032377747e-01 4.890711e-01 5.400e-01
0.600000 33.100000 3.6515908220e-01 3.1073712799e-01 4.794775e-01 5.408e-01
0.600000 33.150000 3.3283585779e-01 3.5154828753e-01 4.841135e-01 5.417e-01
0.600000 33.200000 3.0610733547e-01 4.0164475268e-01 5.049953e-01 5.425e-01
0.600000 33.250000 2.8683824362e-01 4.5944701739e-01 5.416343e-01 5.433e-01
0.600000 33.300000 2.7636939448e-01 5.2304961363e-01 5.915750e-01 5.441e-01
0.600000 33.350000 2.7545591427e-01 5.9037716438e-01 6.514761e-01 5.449e-01
0.600000 33.400000 2.8424513523e-01 6.5938438844e-01 7.180411e-01 5.457e-01
0.600000 33.450000 3.0234959502e-01 7.2828139828e-01 7.885487e-01 5.466e-01
0.600000 33.500000 3.2904214860e-01 7.9571007808e-01 8.610594e-01 5.474e-01
0.600000 33.550000 3.6352911821e-01 8.6078374496e-01 9.343993e-01 5.482e-01
0.600000 33.600000 4.0519269518e-01 9.2295361518e-01 1.007980e+00 5.490e-01
0.600000 33.650000 4.5368726199e-01 9.8175740904e-01 1.081517e+00 5.498e-01
0.600000 33.700000 5.0884192405e-01 1.0365793216e+00 1.154737e+00 5.506e-01
0.600000 33.750000 5.7042821158e-01 1.0865533356e+00 1.227186e+00 5.514e-01
0.600000 33.800000 6.3793165237e-01 1.1306637257e+00 1.298213e+00 5.523e-01
0.600000 33.850000 7.1046526774e-01 1.1679815615e+00 1.367092e+00 5.531e-01
0.600000 33.900000 7.8687829792e-01 1.1978952099e+00 1.433224e+00 5.539e-01
0.600000 33.950000 8.6599562661e-01 1.2201981925e+00 1.496273e+00 5.547e-01
0.600000 34.000000 9.4684621747e-01 1.2349867547e+00 1.556184e+00 5.555e-01
0.600000 34.050000 1.0287507231e+00 1.2424356090e+00 1.613064e+00 5.563e-01
0.600000 34.100000 1.1112300176e+00 1.2425895870e+00 1.666992e+00 5.572e-01
0.600000 34.150000 1.1938068463e+00 1.2352887080e+00 1.717880e+00 5.580e-01
0.600000 34.200000 1.2758300711e+00 1.2202511834e+00 1.765433e+00 5.588e-01
0.600000 34.250000 1.3564200361e+00 1.1972375487e+00 1.809213e+00 5.596e-01
0.600000 34.300000 1.4345393190e+00 1.1661778569e+00 1.848749e+00 5.604e-01
0.600000 34.350000 1.5091031016e+00 1.1271887310e+00 1.883599e+00 5.612e-01
0.600000 34.400000 1.5790213286e+00 1.0805042637e+00 1.913321e+00 5.621e-01
0.600000 34.450000 1.6431269505e+00 1.0264238559e+00 1.937372e+00 5.629e-01
0.600000 34.500000 1.7000480284e+00 9.6538233102e-01 1.955026e+00 5.637e-01
0.600000 34.550000 1.7481531246e+00 8.9816660708e-01 1.965386e+00 5.645e-01
0.600000 34.600000 1.7856852377e+00 8.2619012012e-01 1.967552e+00 5.653e-01
0.600000 34.650000 1.8111018104e+00 7.5166653876e-01 1.960891e+00 5.661e-01
0.600000 34.700000 1.8235151710e+00 6.7754773427e-01 1.945322e+00 5.669e-01
0.600000 34.750000 1.8230556276e+00 6.0719823554e-01 1.921515e+00 5.678e-01
0.600000 34.800000 1.8110037478e+00 5.4390715024e-01 1.890918e+00 5.686e-01
0.600000 34.850000 1.7896448416e+00 4.9041351245e-01 1.855622e+00 5.694e-01
0.600000 34.900000 1.7619238952e+00 4.4860165433e-01 1.818136e+00 5.702e-01
0.600000 34.950000 1.7310521651e+00 4.1942727613e-01 1.781140e+00 5.710e-01
0.600000 35.000000 1.7002031115e+00 4.0302379659e-01 1.747318e+00 5.718e-01
0.600000 35.050000 1.6723558805e+00 3.9887570536e-01 1.719266e+00 5.727e-01
0.600000 35.100000 1.6502559726e+00 4.0595679051e-01 1.699455e+00 5.735e-01
0.600000 35.150000 1.6364177786e+00 4.2279280332e-01 1.690153e+00 5.743e-01
0.600000 35.200000 1.6331073667e+00 4.4746968354e-01 1.693301e+00 5.751e-01
0.600000 35.250000 1.6422891063e+00 4.7763017861e-01 1.710334e+00 5.759e-01
0.600000 35.300000 1.6655525118e+00 5.1048126403e-01 1.742026e+00 5.767e-01
0.600000 35.350000 1.7040307201e+00 5.4280418515e-01 1.788395e+00 5.776e-01
0.600000 35.400000 1.7582911098e+00 5.7095559652e-01 1.848669e+00 5.784e-01
0.600000 35.450000 1.8281597089e+00 5.9088303633e-01 1.921278e+00 5.792e-01
0.600000 35.500000 1.9124661989e+00 5.9822440363e-01 2.003846e+00 5.800e-01
0.600000 35.550000 2.0087629519e+00 5.8857439795e-01 2.093215e+00 5.808e-01
0.600000 35.600000 2.1131394823e+00 5.5795285287e-01 2.185559e+00 5.816e-01
0.600000 35.650000 2.2202712860e+00 5.0341418717e-01 2.276627e+00 5.824e-01
0.600000 35.700000 2.3237833656e+00 4.2364520029e-01 2.362085e+00 5.833e-01
0.600000 35.750000 2.4168953580e+00 3.1936722106e-01 2.437905e+00 5.841e-01
0.600000 35.800000 2.4932057933e+00 1.9341243632e-01 2.500697e+00 5.849e-01
0.600000 35.850000 2.5474268244e+00 5.0456574496e-02 2.547926e+00 5.857e-01
0.600000 35.900000 2.5759192579e+00 -1.0350041804e-01 2.577998e+00 5.865e-01
0.600000 35.950000 2.5769710602e+00 -2.6176427281e-01 2.590232e+00 5.873e-01
0.600000 36.000000 2.5508503920e+00 -4.1757103118e-01 2.584802e+00 5.882e-01
0.600000 36.050000 2.4996968966e+00 -5.6465795372e-01 2.562679e+00 5.890e-01
0.600000 36.100000 2.4272863112e+00 -6.9778396966e-01 2.525593e+00 5.898e-01
0.600000 36.150000 2.3386531165e+00 -8.1319928706e-01 2.476003e+00 5.906e-01
0.600000 36.200000 2.2395390710e+00 -9.0901133500e-01 2.416989e+00 5.914e-01
0.600000 36.250000 2.1356814129e+00 -9.8534114844e-01 2.352027e+00 5.922e-01
0.600000 36.300000 2.0320432953e+00 -1.0441656652e+00 2.284619e+00 5.931e-01
0.600000 36.350000 1.9321628553e+00 -1.0888181837e+00 2.217832e+00 5.939e-01
0.600000 36.400000 1.8377995281e+00 -1.1232401935e+00 2.153875e+00 5.947e-01
0.600000 36.450000 1.7489711237e+00 -1.1511771775e+00 2.093826e+00 5.955e-01
0.600000 36.500000 1.6643412459e+00 -1.1755306809e+00 2.037622e+00 5.963e-01
0.600000 36.550000 1.5818034131e+00 -1.1980065451e+00 1.984269e+00 5.971e-01
0.600000 36.600000 1.4990725464e+00 -1.2190762186e+00 1.932192e+00 5.979e-01
0.600000 36.650000 1.4141452161e+00 -1.2381626185e+00 1.879589e+00 5.988e-01
0.600000 36.700000 1.3255852616e+00 -1.2539250422e+00 1.824693e+00 5.996e-01
0.600000 36.750000 1.2326688554e+00 -1.2645521012e+00 1.765946e+00 6.004e-01
0.600000 36.800000 1.1354425155e+00 -1.2680354600e+00 1.702100e+00 6.012e-01
0.600000 36.850000 1.0347154458e+00 -1.2624364073e+00 1.632293e+00 6.020e-01
0.600000 36.900000 9.3196774473e-01 -1.2461456922e+00 1.556099e+00 6.028e-01
0.600000 36.950000 8.2915390406e-01 -1.2180936949e+00 1.473516e+00 6.037e-01
0.600000 37.000000 7.2842761117e-01 -1.1778407169e+00 1.384888e+00 6.045e-01
0.600000 37.050000 6.3187593933e-01 -1.1255043116e+00 1.290747e+00 6.053e-01
0.600000 37.100000 5.4137487206e-01 -1.0615586776e+00 1.191635e+00 6.061e-01
0.600000 37.150000 4.5863055498e-01 -9.8662298240e-01 1.088011e+00 6.069e-01
0.600000 37.200000 3.8536742320e-01 -9.0138096129e-01 9.803039e-01 6.077e-01
0.600000 37.250000 3.2352479890e-01 -8.0671332910e-01 8.691690e-01 6.086e-01
0.600000 37.300000 2.7529355844e-01 -7.0400262369e-01 7.559142e-01 6.094e-01
0.600000 37.350000 2.4289186855e-01 -5.9545556154e-01 6.430893e-01 6.102e-01
0.600000 37.400000 2.2811221905e-01 -4.8425058053e-01 5.352885e-01 6.110e-01
0.600000 37.450000 2.3179729475e-01 -3.7438410548e-01 4.403333e-01 6.118e-01
0.600000 37.500000 2.5344902162e-01 -2.7022309307e-01 3.704820e-01 6.126e-01
0.600000 37.550000 2.9111964677e-01 -1.7589893174e-01 3.401339e-01 6.134e-01
0.600000 37.600000 3.4161247351e-01 -9.4731324493e-02 3.545040e-01 6.143e-01
0.600000 37.650000 4.0090428176e-01 -2.8830991441e-02 4.019396e-01 6.151e-01
0.600000 37.700000 4.6465131580e-01 2.1066023383e-02 4.651286e-01 6.159e-01
0.600000 37.750000 5.2866786445e-01 5.5566969190e-02 5.315801e-01 6.167e-01
0.600000 37.800000 5.8933238412e-01 7.6459031709e-02 5.942715e-01 6.175e-01
0.600000 37.850000 6.4392354324e-01 8.6452250764e-02 6.497011e-01 6.183e-01
0.600000 37.900000 6.9088389412e-01 8.8824873196e-02 6.965705e-01 6.192e-01
0.600000 37.950000 7.2996547089e-01 8.6960340605e-02 7.351270e-01 6.200e-01
0.600000 38.000000 7.6217800432e-01 8.3812237968e-02 7.667723e-01 6.208e-01
0.600000 38.050000 7.8948241032e-01 8.1406370351e-02 7.936684e-01 6.216e-01
0.600000 38.100000 8.1425616288e-01 8.0531170461e-02 8.182288e-01 6.224e-01
0.600000 38.150000 8.3866132042e-01 8.0735092888e-02 8.425384e-01 6.232e-01
0.600000 38.200000 8.6410628159e-01 8.0645174975e-02 8.678613e-01 6.241e-01
0.600000 38.250000 8.9096562599e-01 7.8495977572e-02 8.944168e-01 6.249e-01
0.600000 38.300000 9.1861694718e-01 7.2681451598e-02 9.214878e-01 6.257e-01
0.600000 38.350000 9.4572582680e-01 6.2155852579e-02 9.477662e-01 6.265e-01
0.600000 38.400000 9.7062913514e-01 4.6601759981e-02 9.717472e-01 6.273e-01
0.600000 38.450000 9.9167083620e-01 2.6396303342e-02 9.920221e-01 6.281e-01
0.600000 38.500000 1.0074181356e+00 2.4761328862e-03 1.007421e+00 6.290e-01
0.600000 38.550000 1.0167736623e+00 -2.3803338947e-02 1.017052e+00 6.298e-01
0.600000 38.600000 1.0190448128e+00 -5.0778351549e-02 1.020309e+00 6.306e-01
0.600000 38.650000 1.0140141927e+00 -7.6581844510e-02 1.016902e+00 6.314e-01
0.600000 38.700000 1.0020018559e+00 -9.9284366403e-02 1.006909e+00 6.322e-01
0.600000 38.750000 9.8387133168e-01 -1.1707605348e-01 9.908126e-01 6.330e-01
0.600000 38.800000 9.6094291780e-01 -1.2844122980e-01 9.694888e-01 6.338e-01
0.600000 38.850000 9.3483347562e-01 -1.3225492597e-01 9.441425e-01 6.347e-01
0.600000 38.900000 9.0729885534e-01 -1.2776524509e-01 9.162506e-01 6.355e-01
0.600000 38.950000 8.8016508720e-01 -1.1449831183e-01 8.875812e-01 6.363e-01
0.600000 39.000000 8.5538134436e-01 -9.2182530206e-02 8.603342e-01 6.371e-01
0.600000 39.050000 8.3514140733e-01 -6.0789085263e-02 8.373509e-01 6.379e-01
0.600000 39.100000 8.2195830055e-01 -2.0718065702e-02 8.222194e-01 6.387e-01
0.600000 39.150000 8.1858415192e-01 2.6936422362e-02 8.190272e-01 6.396e-01
0.600000 39.200000 8.2774466485e-01 8.0171618405e-02 8.316181e-01 6.404e-01
0.600000 39.250000 8.5175832197e-01 1.3602879606e-01 8.625521e-01 6.412e-01
0.600000 39.300000 8.9217114758e-01 1.9074854690e-01 9.123346e-01 6.420e-01
0.600000 39.350000 9.4952076453e-01 2.4006524378e-01 9.793983e-01 6.428e-01
0.600000 39.400000 1.0232620245e+00 2.7952422965e-01 1.060754e+00 6.436e-01
0.600000 39.450000 1.1117962161e+00 3.0472945476e-01 1.152801e+00 6.445e-01
0.600000 39.500000 1.2125067534e+00 3.1151014499e-01 1.251883e+00 6.453e-01
0.600000 39.550000 1.3217402673e+00 2.9607455553e-01 1.354495e+00 6.461e-01
0.600000 39.600000 1.4347554698e+00 2.5524125609e-01 1.457282e+00 6.469e-01
0.600000 39.650000 1.5457334506e+00 1.8678816749e-01 1.556978e+00 6.477e-01
0.600000 39.700000 1.6479518861e+00 8.9871140776e-02 1.650401e+00 6.485e-01
0.600000 39.750000 1.7341650567e+00 -3.4602908996e-02 1.734510e+00 6.493e-01
0.600000 39.800000 1.7971416699e+00 -1.8376457233e-01 1.806513e+00 6.502e-01
0.600000 39.850000 1.8302516814e+00 -3.5278587053e-01 1.863942e+00 6.510e-01
0.600000 39.900000 1.8279976359e+00 -5.3507121143e-01 1.904699e+00 6.518e-01
0.600000 39.950000 1.7864450819e+00 -7.2256077103e-01 1.927039e+00 6.526e-01
0.600000 40.000000 1.7035723755e+00 -9.0608785010e-01 1.929548e+00 6.534e-01
0.600000 40.050000 1.5795823547e+00 -1.0757906442e+00 1.911127e+00 6.542e-01
0.600000 40.100000 1.4171804397e+00 -1.2216294909e+00 1.871037e+00 6.551e-01
0.600000 40.150000 1.2217547104e+00 -1.3340579597e+00 1.808976e+00 6.559e-01
0.600000 40.200000 1.0013469401e+00 -1.4048336886e+00 1.725182e+00 6.567e-01
0.600000 40.250000 7.6631910221e-01 -1.4278697612e+00 1.620511e+00 6.575e-01
0.600000 40.300000 5.2869501997e-01 -1.3999741020e+00 1.496478e+00 6.583e-01
0.600000 40.350000 3.0124889570e-01 -1.3213362810e+00 1.355242e+00 6.591e-01
0.600000 40.400000 9.6469193596e-02 -1.1956876472e+00 1.199573e+00 6.600e-01
0.600000 40.450000 -7.4476849239e-02 -1.0301362434e+00 1.032825e+00 6.608e-01
0.600000 40.500000 -2.0269630771e-01 -8.3471633557e-01 8.589745e-01 6.616e-01
0.600000 40.550000 -2.8239579059e-01 -6.2168176061e-01 6.828145e-01 6.624e-01
0.600000 40.600000 -3.1152503339e-01 -4.0454435583e-01 5.105918e-01 6.632e-01
0.600000 40.650000 -2.9213650281e-01 -1.9686452951e-01 3.522774e-01 6.640e-01
0.600000 40.700000 -2.3031722091e-01 -1.0869778761e-02 2.305736e-01 6.648e-01
0.600000 40.750000 -1.3557312801e-01 1.4391245089e-01 1.977141e-01 6.657e-01
0.600000 40.800000 -1.9660719585e-02 2.6173368621e-01 2.624711e-01 6.665e-01
0.600000 40.850000 1.0496895302e-01 3.4114590112e-01 3.569300e-01 6.673e-01
0.600000 40.900000 2.2680266406e-01 3.8481858164e-01 4.466820e-01 6.681e-01
0.600000 40.950000 3.3662032913e-01 3.9870316184e-01 5.218021e-01 6.689e-01
0.600000 41.000000 4.2831119139e-01 3.9078296689e-01 5.797946e-01 6.697e-01
0.600000 41.050000 4.9907248308e-01 3.6973459206e-01 6.211095e-01 6.706e-01
0.600000 41.100000 5.4909876057e-01 3.4378273211e-01 6.478395e-01 6.714e-01
0.600000 41.150000 5.8097463568e-01 3.1989267752e-01 6.632216e-01 6.722e-01
0.600000 41.200000 5.9897404206e-01 3.0329604638e-01 6.713854e-01 6.730e-01
0.600000 41.250000 6.0838041563e-01 2.9726185848e-01 6.771199e-01 6.738e-01
0.600000 41.300000 6.1484789801e-01 3.0303126792e-01 6.854676e-01 6.746e-01
0.600000 41.350000 6.2378588008e-01 3.1989443279e-01 7.010287e-01 6.755e-01
0.600000 41.400000 6.3977959114e-01 3.4543703672e-01 7.270795e-01 6.763e-01
0.600000 41.450000 6.6611737471e-01 3.7597514251e-01 7.648985e-01 6.771e-01
0.600000 41.500000 7.0452155848e-01 4.0713346883e-01 8.137004e-01 6.779e-01
0.600000 41.550000 7.5514118764e-01 4.3445152603e-01 8.711982e-01 6.787e-01
0.600000 41.600000 8.1677805864e-01 4.5387989718e-01 9.344161e-01 6.795e-01
0.600000 41.650000 8.8723648164e-01 4.6207759377e-01 1.000352e+00 6.804e-01
0.600000 41.700000 9.6366411529e-01 4.5651349684e-01 1.066327e+00 6.812e-01
0.600000 41.750000 1.0427989323e+00 4.3545291531e-01 1.130066e+00 6.820e-01
0.600000 41.800000 1.1211207140e+00 3.9792747930e-01 1.189646e+00 6.828e-01
0.600000 41.850000 1.1949668282e+00 3.4373964375e-01 1.243424e+00 6.836e-01
0.600000 41.900000 1.2606727713e+00 2.7348344638e-01 1.289996e+00 6.844e-01
0.600000 41.950000 1.3147457202e+00 1.8852602683e-01 1.328194e+00 6.852e-01
0.600000 42.000000 1.3540216730e+00 9.0917841619e-02 1.357071e+00 6.861e-01
0.600000 42.050000 1.3757452978e+00 -1.6736683579e-02 1.375847e+00 6.869e-01
0.600000 42.100000 1.3775626508e+00 -1.3136636624e-01 1.383812e+00 6.877e-01
0.600000 42.150000 1.3574969795e+00 -2.4940881089e-01 1.380218e+00 6.885e-01
0.600000 42.200000 1.3140253889e+00 -3.6668391477e-01 1.364229e+00 6.893e-01
0.600000 42.250000 1.2463433900e+00 -4.7827491935e-01 1.334960e+00 6.901e-01
0.600000 42.300000 1.1548000309e+00 -5.7857885768e-01 1.291633e+00 6.910e-01
0.600000 42.350000 1.0413650842e+00 -6.6164842812e-01 1.233783e+00 6.918e-01
0.600000 42.400000 9.0992535678e-01 -7.2182723176e-01 1.161464e+00 6.926e-01
0.600000 42.450000 7.6624261316e-01 -7.5454319268e-01 1.075390e+00 6.934e-01
0.600000 42.500000 6.1752461794e-01 -7.5704628183e-01 9.769625e-01 6.942e-01
0.600000 42.550000 4.7169810515e-01 -7.2889641578e-01 8.682103e-01 6.950e-01
0.600000 42.600000 3.3655594403e-01 -6.7210621238e-01 7.516626e-01 6.959e-01
0.600000 42.650000 2.1894693846e-01 -5.9095783379e-01 6.302134e-01 6.967e-01
0.600000 42.700000 1.2410893082e-01 -4.9157992581e-01 5.070048e-01 6.975e-01
0.600000 42.750000 5.5173539280e-02 -3.8136759179e-01 3.853380e-01 6.983e-01
0.600000 42.800000 1.2844950702e-02 -2.6828569932e-01 2.685930e-01 6.991e-01
0.600000 42.850000 -4.7179180830e-03 -1.6006970593e-01 1.601392e-01 6.999e-01
0.600000 42.900000 -1.7478162015e-03 -6.3366068510e-02 6.339017e-02 7.007e-01
0.600000 42.950000 1.5619015531e-02 1.7075198850e-02 2.314122e-02 7.016e-01
0.600000 43.000000 4.0154238498e-02 7.8984205078e-02 8.860512e-02 7.024e-01
0.600000 43.050000 6.4544545403e-02 1.2276988149e-01 1.387027e-01 7.032e-01
0.600000 43.100000 8.2376129109e-02 1.5126999932e-01 1.722453e-01 7.040e-01
0.600000 43.150000 8.8873932102e-02 1.6913288867e-01 1.910615e-01 7.048e-01
0.600000 43.200000 8.1268198555e-02 1.8202553256e-01 1.993435e-01 7.056e-01
0.600000 43.250000 5.8806462590e-02 1.9588381414e-01 2.045206e-01 7.065e-01
0.600000 43.300000 2.2544342426e-02 2.1634045727e-01 2.175119e-01 7.073e-01
0.600000 43.350000 -2.4928109512e-02 2.4833823822e-01 2.495862e-01 7.081e-01
0.600000 43.400000 -7.9738633371e-02 2.9584127880e-01 3.063989e-01 7.089e-01
0.600000 43.450000 -1.3698547263e-01 3.6155109508e-01 3.866319e-01 7.097e-01
0.600000 43.500000 -1.9107896739e-01 4.4661083970e-01 4.857699e-01 7.105e-01
0.600000 43.550000 -2.3623910405e-01 5.5037940749e-01 5.989377e-01 7.114e-01
0.600000 43.600000 -2.6712254943e-01 6.7040237834e-01 7.216605e-01 7.122e-01
0.600000 43.650000 -2.7945272943e-01 8.0266262322e-01 8.499183e-01 7.130e-01
0.600000 43.700000 -2.7049028919e-01 9.4208547990e-01 9.801480e-01 7.138e-01
0.600000 43.750000 -2.3923516393e-01 1.0831711127e+00 1.109276e+00 7.146e-01
0.600000 43.800000 -1.8636058399e-01 1.2205948933e+00 1.234740e+00 7.154e-01
0.600000 43.850000 -1.1397238664e-01 1.3496711908e+00 1.354475e+00 7.162e-01
0.600000 43.900000 -2.5306299695e-02 1.4666734491e+00 1.466892e+00 7.171e-01
0.600000 43.950000 7.5582646281e-02 1.5690724227e+00 1.570892e+00 7.179e-01
0.600000 44.000000 1.8416864108e-01 1.6557462728e+00 1.665957e+00 7.187e-01
0.600000 44.050000 2.9591041366e-01 1.7271400697e+00 1.752306e+00 7.195e-01
0.600000 44.100000 4.0683652420e-01 1.7852698363e+00 1.831039e+00 7.203e-01
0.600000 44.150000 5.1417640057e-01 1.8334493617e+00 1.904183e+00 7.211e-01
0.600000 44.200000 6.1685563419e-01 1.8756974241e+00 1.974526e+00 7.220e-01
0.600000 44.250000 7.1566067463e-01 1.9159241939e+00 2.045223e+00 7.228e-01
0.600000 44.300000 8.1297388028e-01 1.9571177736e+00 2.119254e+00 7.236e-01
0.600000 44.350000 9.1214231982e-01 2.0007790561e+00 2.198891e+00 7.244e-01
0.600000 44.400000 1.0166869644e+00 2.0467628615e+00 2.285364e+00 7.252e-01
0.600000 44.450000 1.1296065403e+00 2.0935214319e+00 2.378832e+00 7.260e-01
0.600000 44.500000 1.2529614958e+00 2.1385984040e+00 2.478612e+00 7.269e-01
0.600000 44.550000 1.3877832270e+00 2.1791602080e+00 2.583540e+00 7.277e-01
0.600000 44.600000 1.5342216509e+00 2.2123955899e+00 2.692309e+00 7.285e-01
0.600000 44.650000 1.6917847086e+00 2.2357206872e+00 2.803673e+00 7.293e-01
0.600000 44.700000 1.8595490380e+00 2.2468271835e+00 2.916531e+00 7.301e-01
0.600000 44.750000 2.0362930246e+00 2.2436534803e+00 3.029929e+00 7.309e-01
0.600000 44.800000 2.2205644573e+00 2.2243398055e+00 3.143023e+00 7.318e-01
0.600000 44.850000 2.4107103760e+00 2.1871849583e+00 3.255043e+00 7.326e-01
0.600000 44.900000 2.6048742921e+00 2.1305996325e+00 3.365238e+00 7.334e-01
0.600000 44.950000 2.8009432762e+00 2.0530662076e+00 3.472803e+00 7.342e-01
0.600000 45.000000 2.9964375837e+00 1.9531466786e+00 3.576789e+00 7.350e-01
0.600000 45.050000 3.1883789767e+00 1.8295898714e+00 3.676025e+00 7.358e-01
0.600000 45.100000 3.3732170951e+00 1.6815530242e+00 3.769113e+00 7.366e-01
0.600000 45.150000 3.5468949176e+00 1.5088857549e+00 3.854504e+00 7.375e-01
0.600000 45.200000 3.7050797968e+00 1.3123711266e+00 3.930640e+00 7.383e-01
0.600000 45.250000 3.8435029962e+00 1.0938215607e+00 3.996118e+00 7.391e-01
0.600000 45.300000 3.9582915153e+00 8.5599386677e-01 4.049790e+00 7.399e-01
0.600000 45.350000 4.0461837831e+00 6.0237996714e-01 4.090778e+00 7.407e-01
0.600000 45.400000 4.1045952927e+00 3.3698865478e-01 4.118406e+00 7.415e-01
0.600000 45.450000 4.1315952788e+00 6.4218373008e-02 4.132094e+00 7.424e-01
0.600000 45.500000 4.1259084515e+00 -2.1116075580e-01 4.131308e+00 7.432e-01
0.600000 45.550000 4.0870298409e+00 -4.8399265443e-01 4.115588e+00 7.440e-01
0.600000 45.600000 4.0154511931e+00 -7.4881085943e-01 4.084675e+00 7.448e-01
0.600000 45.650000 3.9129021437e+00 -1.0000896530e+00 4.038686e+00 7.456e-01
0.600000 45.700000 3.7824707844e+00 -1.2326611722e+00 3.978258e+00 7.464e-01
0.600000 45.750000 3.6285105913e+00 -1.4421959139e+00 3.904615e+00 7.473e-01
0.600000 45.800000 3.4563344219e+00 -1.6256115414e+00 3.819537e+00 7.481e-01
0.600000 45.850000 3.2717790567e+00 -1.7813183890e+00 3.725270e+00 7.489e-01
0.600000 45.900000 3.0807442794e+00 -1.9092927632e+00 3.624415e+00 7.497e-01
0.600000 45.950000 2.8887645118e+00 -2.0110291191e+00 3.519829e+00 7.505e-01
0.600000 46.000000 2.7006036724e+00 -2.0894176164e+00 3.414517e+00 7.513e-01
0.600000 46.050000 2.5198364631e+00 -2.1485339562e+00 3.311461e+00 7.521e-01
0.600000 46.100000 2.3484229766e+00 -2.1932692041e+00 3.213335e+00 7.530e-01
0.600000 46.150000 2.1863735583e+00 -2.2287304696e+00 3.122094e+00 7.538e-01
0.600000 46.200000 2.0316697258e+00 -2.2594306556e+00 3.038537e+00 7.546e-01
0.600000 46.250000 1.8805896085e+00 -2.2884177324e+00 2.962005e+00 7.554e-01
0.600000 46.300000 1.7284672454e+00 -2.3165914388e+00 2.890362e+00 7.562e-01
0.600000 46.350000 1.5707443238e+00 -2.3424480602e+00 2.820337e+00 7.570e-01
0.600000 46.400000 1.4040395668e+00 -2.3623686389e+00 2.748111e+00 7.579e-01
0.600000 46.450000 1.2269393008e+00 -2.3713780043e+00 2.669984e+00 7.587e-01
0.600000 46.500000 1.0403166468e+00 -2.3641440074e+00 2.582912e+00 7.595e-01
0.600000 46.550000 8.4716156017e-01 -2.3359334125e+00 2.484807e+00 7.603e-01
0.600000 46.600000 6.5206048074e-01 -2.2833075695e+00 2.374590e+00 7.611e-01
0.600000 46.650000 4.6053283899e-01 -2.2044771505e+00 2.252068e+00 7.619e-01
0.600000 46.700000 2.7839987753e-01 -2.0993617907e+00 2.117741e+00 7.628e-01
0.600000 46.750000 1.1127375896e-01 -1.9694597081e+00 1.972601e+00 7.636e-01
0.600000 46.800000 -3.5823299953e-02 -1.8176192417e+00 1.817972e+00 7.644e-01
0.600000 46.850000 -1.5872893228e-01 -1.6477596064e+00 1.655387e+00 7.652e-01
0.600000 46.900000 -2.5430515895e-01 -1.4645617450e+00 1.486476e+00 7.660e-01
0.600000 46.950000 -3.2048789760e-01 -1.2731615823e+00 1.312880e+00 7.668e-01
0.600000 47.000000 -3.5623055319e-01 -1.0789042364e+00 1.136193e+00 7.676e-01
0.600000 47.050000 -3.6140227648e-01 -8.8721529742e-01 9.579993e-01 7.685e-01
0.600000 47.100000 -3.3674506663e-01 -7.0358954813e-01 7.800228e-01 7.693e-01
0.600000 47.150000 -2.8398039698e-01 -5.3360914900e-01 6.044697e-01 7.701e-01
0.600000 47.200000 -2.0606889260e-01 -3.8284032794e-01 4.347771e-01 7.709e-01
0.600000 47.250000 -1.0750275871e-01 -2.5647649596e-01 2.780954e-01 7.717e-01
0.600000 47.300000 5.5763081872e-03 -1.5870832914e-01 1.588063e-01 7.725e-01
0.600000 47.350000 1.2562685184e-01 -9.1958680145e-02 1.556872e-01 7.734e-01
0.600000 47.400000 2.4439252275e-01 -5.6236655723e-02 2.507793e-01 7.742e-01
0.600000 47.450000 3.5390833965e-01 -4.8869920034e-02 3.572665e-01 7.750e-01
0.600000 47.500000 4.4756997408e-01 -6.4755990963e-02 4.522303e-01 7.758e-01
0.600000 47.550000 5.2097397444e-01 -9.7089246396e-02 5.299436e-01 7.766e-01
0.600000 47.600000 5.7232673342e-01 -1.3836264418e-01 5.888142e-01 7.774e-01
0.600000 47.650000 6.0237929025e-01 -1.8138402406e-01 6.290954e-01 7.783e-01
0.600000 47.700000 6.1398861091e-01 -2.2009824993e-01 6.522463e-01 7.791e-01
0.600000 47.750000 6.1147050660e-01 -2.5011914388e-01 6.606480e-01 7.799e-01
0.600000 47.800000 5.9988825911e-01 -2.6897608565e-01 6.574299e-01 7.807e-01
0.600000 47.850000 5.8435984854e-01 -2.7612133203e-01 6.463122e-01 7.815e-01
0.600000 47.900000 5.6942455829e-01 -2.7273006520e-01 6.313684e-01 7.823e-01
0.600000 47.950000 5.5851540000e-01 -2.6130153525e-01 6.166182e-01 7.832e-01
0.600000 48.000000 5.5361700708e-01 -2.4508322062e-01 6.054400e-01 7.840e-01
0.600000 48.050000 5.5519916501e-01 -2.2739989369e-01 5.999640e-01 7.848e-01
0.600000 48.100000 5.6246561710e-01 -2.1103807026e-01 6.007534e-01 7.856e-01
0.600000 48.150000 5.7385351868e-01 -1.9785562154e-01 6.070047e-01 7.864e-01
0.600000 48.200000 5.8761457514e-01 -1.8872218806e-01 6.171766e-01 7.872e-01
0.600000 48.250000 6.0227047171e-01 -1.8376746111e-01 6.296826e-01 7.880e-01
0.600000 48.300000 6.1679539963e-01 -1.8278661008e-01 6.433098e-01 7.889e-01
0.600000 48.350000 6.3051140846e-01 -1.8559675105e-01 6.572601e-01 7.897e-01
0.600000 48.400000 6.4281667238e-01 -1.9218716313e-01 6.709316e-01 7.905e-01
0.600000 48.450000 6.5292958862e-01 -2.0262963091e-01 6.836489e-01 7.913e-01
0.600000 48.500000 6.5979359431e-01 -2.1684161398e-01 6.945127e-01 7.921e-01
0.600000 48.550000 6.6217979427e-01 -2.3435446837e-01 7.024273e-01 7.929e-01
0.600000 48.600000 6.5891612386e-01 -2.5420752406e-01 7.062520e-01 7.938e-01
0.600000 48.650000 6.4912439079e-01 -2.7499916094e-01 7.049731e-01 7.946e-01
0.600000 48.700000 6.3237609070e-01 -2.9504180315e-01 6.978174e-01 7.954e-01
0.600000 48.750000 6.0874929780e-01 -3.1253932954e-01 6.842927e-01 7.962e-01
0.600000 48.800000 5.7882520955e-01 -3.2573788486e-01 6.641866e-01 7.970e-01
0.600000 48.850000 5.4366697668e-01 -3.3305587874e-01 6.375735e-01 7.978e-01
0.600000 48.900000 5.0478283922e-01 -3.3322596787e-01 6.048514e-01 7.987e-01
0.600000 48.950000 4.6403352387e-01 -3.2545800534e-01 5.667892e-01 7.995e-01
0.600000 49.000000 4.2344408174e-01 -3.0957834536e-01 5.245414e-01 8.003e-01
0.600000 49.050000 3.8493216700e-01 -2.8606600675e-01 4.795900e-01 8.011e-01
0.600000 49.100000 3.5003403593e-01 -2.5592824931e-01 4.336163e-01 8.019e-01
0.600000 49.150000 3.1974256127e-01 -2.2043397816e-01 3.883638e-01 8.027e-01
0.600000 49.200000 2.9453483311e-01 -1.8080731996e-01 3.456039e-01 8.035e-01
0.600000 49.250000 2.7457418341e-01 -1.3801776777e-01 3.073107e-01 8.044e-01
0.600000 49.300000 2.5997766338e-01 -9.2758411464e-02 2.760299e-01 8.052e-01
0.600000 49.350000 2.5100538432e-01 -4.5602377211e-02 2.551142e-01 8.060e-01
0.600000 49.400000 2.4807699527e-01 2.7690621982e-03 2.480924e-01 8.068e-01
0.600000 49.450000 2.5162341469e-01 5.1405155139e-02 2.568206e-01 8.076e-01
0.600000 49.500000 2.6187408836e-01 9.9078171924e-02 2.799902e-01 8.084e-01
0.600000 49.550000 2.7870453316e-01 1.4441761183e-01 3.138991e-01 8.093e-01
0.600000 49.600000 3.0161431294e-01 1.8609260509e-01 3.544032e-01 8.101e-01
0.600000 49.650000 3.2981286162e-01 2.2293675570e-01 3.980921e-01 8.109e-01
0.600000 49.700000 3.6232430399e-01 2.5396946043e-01 4.424696e-01 8.117e-01
0.600000 49.750000 3.9802627406e-01 2.7835332975e-01 4.857010e-01 8.125e-01
0.600000 49.800000 4.3560493675e-01 2.9537647539e-01 5.263069e-01 8.133e-01
0.600000 49.850000 4.7348767997e-01 3.0452653298e-01 5.629627e-01 8.142e-01
0.600000 49.900000 5.0984724440e-01 3.0564729164e-01 5.944447e-01 8.150e-01
0.600000 49.950000 5.4273157213e-01 2.9909466644e-01 6.196896e-01 8.158e-01
0.600000 50.000000 5.7028936083e-01 2.8579153046e-01 6.378924e-01 8.166e-01
0.600000 50.050000 5.9099200123e-01 2.6713550168e-01 6.485622e-01 8.174e-01
0.600000 50.100000 6.0374859714e-01 2.4480386224e-01 6.514916e-01 8.182e-01
0.600000 50.150000 6.0787714951e-01 2.2056300323e-01 6.466550e-01 8.191e-01
0.600000 50.200000 6.0298725483e-01 1.9618140838e-01 6.340984e-01 8.199e-01
0.600000 50.250000 5.8888445801e-01 1.7346983126e-01 6.139028e-01 8.207e-01
0.600000 50.300000 5.6558563132e-01 1.5438130627e-01 5.862770e-01 8.215e-01
0.600000 50.350000 5.3345247561e-01 1.4105959658e-01 5.517874e-01 8.223e-01
0.600000 50.400000 4.9336325167e-01 1.3575798720e-01 5.117006e-01 8.231e-01
0.600000 50.450000 4.4681136259e-01 1.4063771807e-01 4.684222e-01 8.239e-01
0.600000 50.500000 3.9586510911e-01 1.5753587597e-01 4.260595e-01 8.248e-01
0.600000 50.550000 3.4301366061e-01 1.8780992901e-01 3.910639e-01 8.256e-01
0.600000 50.600000 2.9099615236e-01 2.3230797931e-01 3.723517e-01 8.264e-01
0.600000 50.650000 2.4271264728e-01 2.9142082043e-01 3.792565e-01 8.272e-01
0.600000 50.700000 2.0124480857e-01 3.6510963661e-01 4.168987e-01 8.280e-01
0.600000 50.750000 1.6991866249e-01 4.5281690123e-01 4.836481e-01 8.288e-01
0.600000 50.800000 1.5228784585e-01 5.5325106025e-01 5.738278e-01 8.297e-01
0.600000 50.850000 1.5194183254e-01 6.6413367840e-01 6.812928e-01 8.305e-01
0.600000 50.900000 1.7213458036e-01 7.8204614611e-01 8.007662e-01 8.313e-01
0.600000 50.950000 2.1532656242e-01 9.0248067746e-01 9.278130e-01 8.321e-01
0.600000 51.000000 2.8277625442e-01 1.0201101704e+00 1.058578e+00 8.329e-01
0.600000 51.050000 3.7428369612e-01 1.1292034878e+00 1.189617e+00 8.337e-01
0.600000 51.100000 4.8810924511e-01 1.2240811915e+00 1.317811e+00 8.346e-01
0.600000 51.150000 6.2102480827e-01 1.2995426506e+00 1.440307e+00 8.354e-01
0.600000 51.200000 7.6844766748e-01 1.3512599038e+00 1.554482e+00 8.362e-01
0.600000 51.250000 9.2465571925e-01 1.3761678203e+00 1.657958e+00 8.370e-01
0.600000 51.300000 1.0831386534e+00 1.3728497423e+00 1.748687e+00 8.378e-01
0.600000 51.350000 1.2371432720e+00 1.3418410811e+00 1.825119e+00 8.386e-01
0.600000 51.400000 1.3803987827e+00 1.2857108651e+00 1.886413e+00 8.394e-01
0.600000 51.450000 1.5078926673e+00 1.2087941575e+00 1.932595e+00 8.403e-01
0.600000 51.500000 1.6164822343e+00 1.1165529433e+00 1.964613e+00 8.411e-01
0.600000 51.550000 1.7051361222e+00 1.0146941571e+00 1.984211e+00 8.419e-01
0.600000 51.600000 1.7747159099e+00 9.0828851968e-01 1.993641e+00 8.427e-01
0.600000 51.650000 1.8273777625e+00 8.0114432314e-01 1.995280e+00 8.435e-01
0.600000 51.700000 1.8658099881e+00 6.9558585635e-01 1.991253e+00 8.443e-01
0.600000 51.750000 1.8925552447e+00 5.9262211230e-01 1.983171e+00 8.452e-01
0.600000 51.800000 1.9095867714e+00 4.9235472517e-01 1.972038e+00 8.460e-01
0.600000 51.850000 1.9181705205e+00 3.9443000217e-01 1.958304e+00 8.468e-01
0.600000 51.900000 1.9189300438e+00 2.9839434148e-01 1.941992e+00 8.476e-01
0.600000 51.950000 1.9119941552e+00 2.0391372311e-01 1.922837e+00 8.484e-01
0.600000 52.000000 1.8971478192e+00 1.1089586063e-01 1.900386e+00 8.492e-01
0.600000 52.050000 1.8739744338e+00 1.9566383586e-02 1.874077e+00 8.501e-01
0.600000 52.100000 1.8420137398e+00 -6.9490253644e-02 1.843324e+00 8.509e-01
0.600000 52.150000 1.8009390343e+00 -1.5535795301e-01 1.807628e+00 8.517e-01
0.600000 52.200000 1.7507053619e+00 -2.3691515394e-01 1.766663e+00 8.525e-01
0.600000 52.250000 1.6915906329e+00 -3.1303566679e-01 1.720311e+00 8.533e-01
0.600000 52.300000 1.6240837300e+00 -3.8277085511e-01 1.668581e+00 8.541e-01
0.600000 52.350000 1.5486601129e+00 -4.4539576306e-01 1.611436e+00 8.550e-01
0.600000 52.400000 1.4655728800e+00 -5.0025578469e-01 1.548599e+00 8.558e-01
0.600000 52.450000 1.3748118471e+00 -5.4646247941e-01 1.479435e+00 8.566e-01
0.600000 52.500000 1.2763158422e+00 -5.8259255134e-01 1.402995e+00 8.574e-01
0.600000 52.550000 1.1703932590e+00 -6.0657453102e-01 1.318239e+00 8.582e-01
0.600000 52.600000 1.0581851355e+00 -6.1587681971e-01 1.224361e+00 8.590e-01
0.600000 52.650000 9.4196416948e-01 -6.0797299103e-01 1.121128e+00 8.598e-01
0.600000 52.700000 8.2512657200e-01 -5.8093075306e-01 1.009116e+00 8.607e-01
0.600000 52.750000 7.1186498434e-01 -5.3391901987e-01 8.898434e-01 8.615e-01
0.600000 52.800000 6.0663666159e-01 -4.6747463135e-01 7.658594e-01 8.623e-01
0.600000 52.850000 5.1359831008e-01 -3.8348020831e-01 6.409682e-01 8.631e-01
0.600000 52.900000 4.3615108884e-01 -2.8491072886e-01 5.209625e-01 8.639e-01
0.600000 52.950000 3.7666154256e-01 -1.7545594264e-01 4.155222e-01 8.647e-01
0.600000 53.000000 3.3635371058e-01 -5.9111157807e-02 3.415083e-01 8.656e-01
0.600000 53.050000 3.1534215663e-01 6.0214385821e-02 3.210396e-01 8.664e-01
0.600000 53.100000 3.1279016887e-01 1.7904798121e-01 3.604107e-01 8.672e-01
0.600000 53.150000 3.2719376002e-01 2.9462669965e-01 4.402961e-01 8.680e-01
0.600000 53.200000 3.5677340372e-01 4.0502732016e-01 5.397540e-01 8.688e-01
0.600000 53.250000 3.9989860177e-01 5.0908315170e-01 6.473674e-01 8.696e-01
0.600000 53.300000 4.5541253418e-01 6.0607095370e-01 7.581046e-01 8.705e-01
0.600000 53.350000 5.2271709202e-01 6.9524904900e-01 8.698301e-01 8.713e-01
0.600000 53.400000 6.0154973544e-01 7.7541828747e-01 9.813947e-01 8.721e-01
0.600000 53.450000 6.9151049718e-01 8.4470054884e-01 1.091653e+00 8.729e-01
0.600000 53.500000 7.9151678780e-01 9.0065812968e-01 1.199035e+00 8.737e-01
0.600000 53.550000 8.9940906862e-01 9.4073959490e-01 1.301510e+00 8.745e-01
0.600000 53.600000 1.0118744692e+00 9.6290204833e-01 1.396807e+00 8.753e-01
0.600000 53.650000 1.1247273099e+00 9.6619433647e-01 1.482748e+00 8.762e-01
0.600000 53.700000 1.2334527895e+00 9.5111714266e-01 1.557572e+00 8.770e-01
0.600000 53.750000 1.3338464093e+00 9.1967606484e-01 1.620170e+00 8.778e-01
0.600000 53.800000 1.4225892337e+00 8.7515144272e-01 1.670225e+00 8.786e-01
0.600000 53.850000 1.4976605687e+00 8.2167112283e-01 1.708254e+00 8.794e-01
0.600000 53.900000 1.5585534547e+00 7.6367700198e-01 1.735595e+00 8.802e-01
0.600000 53.950000 1.6062875754e+00 7.0535199751e-01 1.754332e+00 8.811e-01
0.600000 54.000000 1.6432111394e+00 6.5006288309e-01 1.767123e+00 8.819e-01
0.600000 54.050000 1.6725825868e+00 5.9989490451e-01 1.776909e+00 8.827e-01
0.600000 54.100000 1.6979590547e+00 5.5538553732e-01 1.786482e+00 8.835e-01
0.600000 54.150000 1.7224926586e+00 5.1556301334e-01 1.797995e+00 8.843e-01
0.600000 54.200000 1.7483081534e+00 4.7832950973e-01 1.812562e+00 8.851e-01
0.600000 54.250000 1.7761507512e+00 4.4111183450e-01 1.830107e+00 8.860e-01
0.600000 54.300000 1.8054201041e+00 4.0159004167e-01 1.849545e+00 8.868e-01
0.600000 54.350000 1.8345676181e+00 3.5827293972e-01 1.869224e+00 8.876e-01
0.600000 54.400000 1.8616966579e+00 3.1075102250e-01 1.887453e+00 8.884e-01
0.600000 54.450000 1.8851418801e+00 2.5959491022e-01 1.902932e+00 8.892e-01
0.600000 54.500000 1.9038472373e+00 2.0600806937e-01 1.914960e+00 8.900e-01
0.600000 54.550000 1.9174820564e+00 1.5141213825e-01 1.923451e+00 8.909e-01
0.600000 54.600000 1.9263572817e+00 9.7112603875e-02 1.928804e+00 8.917e-01
0.600000 54.650000 1.9312597563e+00 4.4095396558e-02 1.931763e+00 8.925e-01
0.600000 54.700000 1.9332902727e+00 -7.0867656236e-03 1.933303e+00 8.933e-01
0.600000 54.750000 1.9337104779e+00 -5.6404675090e-02 1.934533e+00 8.941e-01
0.600000 54.800000 1.9337448189e+00 -1.0443591444e-01 1.936563e+00 8.949e-01
0.600000 54.850000 1.9342971681e+00 -1.5238044071e-01 1.940290e+00 8.957e-01
0.600000 54.900000 1.9356217037e+00 -2.0191394458e-01 1.946125e+00 8.966e-01
0.600000 54.950000 1.9370745159e+00 -2.5483444903e-01 1.953765e+00 8.974e-01
0.600000 55.000000 1.9370942103e+00 -3.1257097981e-01 1.962151e+00 8.982e-01
0.600000 55.050000 1.9334835647e+00 -3.7572870952e-01 1.969652e+00 8.990e-01
0.600000 55.100000 1.9239229374e+00 -4.4386746408e-01 1.974461e+00 8.998e-01
0.600000 55.150000 1.9065206738e+00 -5.1562223144e-01 1.975016e+00 9.006e-01
0.600000 55.200000 1.8801743632e+00 -5.8911701197e-01 1.970308e+00 9.015e-01
0.600000 55.250000 1.8446036118e+00 -6.6248429729e-01 1.959961e+00 9.023e-01
0.600000 55.300000 1.8000733465e+00 -7.3426037760e-01 1.944069e+00 9.031e-01
0.600000 55.350000 1.7469677023e+00 -8.0350252833e-01 1.922892e+00 9.039e-01
0.600000 55.400000 1.6854228265e+00 -8.6961923132e-01 1.896546e+00 9.047e-01
0.600000 55.450000 1.6151661344e+00 -9.3203330540e-01 1.864792e+00 9.055e-01
0.600000 55.500000 1.5355888858e+00 -9.8984261925e-01 1.826971e+00 9.064e-01
0.600000 55.550000 1.4459771964e+00 -1.0415952346e+00 1.782069e+00 9.072e-01
0.600000 55.600000 1.3457988897e+00 -1.0852055988e+00 1.728828e+00 9.080e-01
0.600000 55.650000 1.2349872645e+00 -1.1179758818e+00 1.665852e+00 9.088e-01
0.600000 55.700000 1.1142244095e+00 -1.1366914104e+00 1.591717e+00 9.096e-01
0.600000 55.750000 9.8524405039e-01 -1.1378138347e+00 1.505100e+00 9.104e-01
0.600000 55.800000 8.5112354612e-01 -1.1178401278e+00 1.404983e+00 9.112e-01
0.600000 55.850000 7.1645080725e-01 -1.0738727344e+00 1.290932e+00 9.121e-01
0.600000 55.900000 5.8720421430e-01 -1.0043464788e+00 1.163409e+00 9.129e-01
0.600000 55.950000 4.7022829885e-01 -9.0973104139e-01 1.024073e+00 9.137e-01
0.600000 56.000000 3.7232591254e-01 -7.9295418305e-01 8.760154e-01 9.145e-01
0.600000 56.050000 2.9915798621e-01 -6.5932975055e-01 7.240243e-01 9.153e-01
0.600000 56.100000 2.5425615460e-01 -5.1592432972e-01 5.751731e-01 9.161e-01
0.600000 56.150000 2.3844762976e-01 -3.7049274415e-01 4.405929e-01 9.170e-01
0.600000 56.200000 2.4986405758e-01 -2.3026441718e-01 3.397849e-01 9.178e-01
0.600000 56.250000 2.8451649374e-01 -1.0090377485e-01 3.018795e-01 9.186e-01
0.600000 56.300000 3.3725192868e-01 1.4109046813e-02 3.375469e-01 9.194e-01
0.600000 56.350000 4.0282542071e-01 1.1357749912e-01 4.185310e-01 9.202e-01
0.600000 56.400000 4.7683735263e-01 1.9821450837e-01 5.163941e-01 9.210e-01
0.600000 56.450000 5.5636349515e-01 2.6993686334e-01 6.183900e-01 9.219e-01
0.600000 56.500000 6.4019755438e-01 3.3100412553e-01 7.207057e-01 9.227e-01
0.600000 56.550000 7.2870026787e-01 3.8317243834e-01 8.233014e-01 9.235e-01
0.600000 56.600000 8.2330370860e-01 4.2701428187e-01 9.274536e-01 9.243e-01
0.600000 56.650000 9.2576812185e-01 4.6153027657e-01 1.034436e+00 9.251e-01
0.600000 56.700000 1.0373374870e+00 4.8413721179e-01 1.144752e+00 9.259e-01
0.600000 56.750000 1.1579743152e+00 4.9104529968e-01 1.257788e+00 9.268e-01
0.600000 56.800000 1.2858472470e+00 4.7794528247e-01 1.371800e+00 9.276e-01
0.600000 56.850000 1.4171820747e+00 4.4084532402e-01 1.484166e+00 9.284e-01
0.600000 56.900000 1.5464842300e+00 3.7686804678e-01 1.591742e+00 9.292e-01
0.600000 56.950000 1.6670429247e+00 2.8485713958e-01 1.691205e+00 9.300e-01
0.600000 57.000000 1.7715804087e+00 1.6572943619e-01 1.779315e+00 9.308e-01
0.600000 57.050000 1.8529311190e+00 2.2592103383e-02 1.853069e+00 9.316e-01
0.600000 57.100000 1.9046985748e+00 -1.3932138518e-01 1.909787e+00 9.325e-01
0.600000 57.150000 1.9218895825e+00 -3.1286951919e-01 1.947189e+00 9.333e-01
0.600000 57.200000 1.9015225106e+00 -4.8940152475e-01 1.963492e+00 9.341e-01
0.600000 57.250000 1.8431484158e+00 -6.5938598234e-01 1.957546e+00 9.349e-01
0.600000 57.300000 1.7491562947e+00 -8.1327345026e-01 1.928979e+00 9.357e-01
0.600000 57.350000 1.6247191702e+00 -9.4249520563e-01 1.878300e+00 9.365e-01
0.600000 57.400000 1.4773107573e+00 -1.0404001386e+00 1.806898e+00 9.374e-01
0.600000 57.450000 1.3158609414e+00 -1.1029037265e+00 1.716941e+00 9.382e-01
0.600000 57.500000 1.1497514417e+00 -1.1287003786e+00 1.611177e+00 9.390e-01
0.600000 57.550000 9.8790372212e-01 -1.1190434950e+00 1.492720e+00 9.398e-01
0.600000 57.600000 8.3814604599e-01 -1.0772470239e+00 1.364899e+00 9.406e-01
0.600000 57.650000 7.0690012284e-01 -1.0081267350e+00 1.231271e+00 9.414e-01
0.600000 57.700000 5.9908384695e-01 -9.1754653311e-01 1.095807e+00 9.423e-01
0.600000 57.750000 5.1806702961e-01 -8.1210303850e-01 9.632781e-01 9.431e-01
0.600000 57.800000 4.6557066839e-01 -6.9885572687e-01 8.397353e-01 9.439e-01
0.600000 57.850000 4.4152524256e-01 -5.8496930764e-01 7.328940e-01 9.447e-01
0.600000 57.900000 4.4401406004e-01 -4.7720306977e-01 6.518215e-01 9.455e-01
0.600000 57.950000 4.6944888469e-01 -3.8131235056e-01 6.047986e-01 9.463e-01
0.600000 58.000000 5.1303973080e-01 -3.0153448635e-01 5.950906e-01 9.471e-01
0.600000 58.050000 5.6947887123e-01 -2.4034510194e-01 6.181197e-01 9.480e-01
0.600000 58.100000 6.3364518583e-01 -1.9857829898e-01 6.640328e-01 9.488e-01
0.600000 58.150000 7.0111481882e-01 -1.7585767794e-01 7.228333e-01 9.496e-01
0.600000 58.200000 7.6834633266e-01 -1.7116477623e-01 7.871807e-01 9.504e-01
0.600000 58.250000 8.3254370540e-01 -1.8333717673e-01 8.524914e-01 9.512e-01
0.600000 58.300000 8.9131595570e-01 -2.1134622062e-01 9.160302e-01 9.520e-01
0.600000 58.350000 9.4229740007e-01 -2.5430973207e-01 9.760112e-01 9.529e-01
0.600000 58.400000 9.8286514451e-01 -3.1128821145e-01 1.030982e+00 9.537e-01
0.600000 58.450000 1.0100278255e+00 -3.8095661569e-01 1.079483e+00 9.545e-01
0.600000 58.500000 1.0205062570e+00 -4.6124207373e-01 1.119901e+00 9.553e-01
0.600000 58.550000 1.0110019279e+00 -5.4900212908e-01 1.150447e+00 9.561e-01
0.600000 58.600000 9.7863926137e-01 -6.3981601015e-01 1.169230e+00 9.569e-01
0.600000 58.650000 9.2154389839e-01 -7.2797272057e-01 1.174388e+00 9.578e-01
0.600000 58.700000 8.3946924818e-01 -8.0673748259e-01 1.164274e+00 9.586e-01
0.600000 58.750000 7.3432629375e-01 -8.6893355362e-01 1.137665e+00 9.594e-01
0.600000 58.800000 6.1044761506e-01 -9.0778774067e-01 1.093949e+00 9.602e-01
0.600000 58.850000 4.7445737278e-01 -9.1788910211e-01 1.033262e+00 9.610e-01
0.600000 58.900000 3.3472015813e-01 -8.9605254673e-01 9.565290e-01 9.618e-01
0.600000 58.950000 2.0046010441e-01 -8.4189634286e-01 8.654327e-01 9.627e-01
0.600000 59.000000 8.0721370843e-02 -7.5802687735e-01 7.623127e-01 9.635e-01
0.600000 59.050000 -1.6650460788e-02 -6.4982881142e-01 6.500421e-01 9.643e-01
0.600000 59.100000 -8.5876927262e-02 -5.2493003921e-01 5.319083e-01 9.651e-01
0.600000 59.150000 -1.2389790491e-01 -3.9242406597e-01 4.115183e-01 9.659e-01
0.600000 59.200000 -1.3076501544e-01 -2.6190882242e-01 2.927383e-01 9.667e-01
0.600000 59.250000 -1.0971828653e-01 -1.4239006456e-01 1.797583e-01 9.675e-01
0.600000 59.300000 -6.6859591821e-02 -4.1137338741e-02 7.850150e-02 9.684e-01
0.600000 59.350000 -1.0356388195e-02 3.7336618348e-02 3.874633e-02 9.692e-01
0.600000 59.400000 5.0790501994e-02 9.1931759390e-02 1.050292e-01 9.700e-01
0.600000 59.450000 1.0822439892e-01 1.2502198726e-01 1.653572e-01 9.708e-01
0.600000 59.500000 1.5562645108e-01 1.4181882858e-01 2.105521e-01 9.716e-01
0.600000 59.550000 1.8966120248e-01 1.4914402725e-01 2.412785e-01 9.724e-01
0.600000 59.600000 2.1021843648e-01 1.5392011891e-01 2.605440e-01 9.733e-01
0.600000 59.650000 2.1991422336e-01 1.6178583303e-01 2.730145e-01 9.741e-01
0.600000 59.700000 2.2304801977e-01 1.7618672717e-01 2.842397e-01 9.749e-01
0.600000 59.750000 2.2435874194e-01 1.9810921026e-01 2.993060e-01 9.757e-01
0.600000 59.800000 2.2792616104e-01 2.2640752687e-01 3.212642e-01 9.765e-01
0.600000 59.850000 2.3644556666e-01 2.5851642140e-01 3.503388e-01 9.773e-01
0.600000 59.900000 2.5094092491e-01 2.9129912174e-01 3.844822e-01 9.782e-01
0.600000 59.950000 2.7085778512e-01 3.2183430848e-01 4.206439e-01 9.790e-01
0.600000 60.000000 2.9443142755e-01 3.4803306918e-01 4.558694e-01 9.798e-01
