# X=3e+07 rho=0.8 C(X)=18 Cmax=300 mode=v
# sigma t Re Im |F| tailbound
0.900000 0.100000 -3.2155545805e+00 -4.0029634447e+00 5.134541e+00 5.964e-05
0.900000 0.150000 -1.6778567398e+00 -3.6965147213e+00 4.059486e+00 6.007e-05
0.900000 0.200000 -8.1727361197e-01 -3.2052018686e+00 3.307757e+00 6.066e-05
0.900000 0.250000 -3.2177717332e-01 -2.7645392275e+00 2.783203e+00 6.141e-05
0.900000 0.300000 -1.9391520902e-02 -2.4063598687e+00 2.406438e+00 6.232e-05
0.900000 0.350000 1.7584800782e-01 -2.1197645987e+00 2.127046e+00 6.338e-05
0.900000 0.400000 3.0818843793e-01 -1.8889159830e+00 1.913892e+00 6.457e-05
0.900000 0.450000 4.0164847110e-01 -1.7005626390e+00 1.747351e+00 6.590e-05
0.900000 0.500000 4.6997956395e-01 -1.5447383971e+00 1.614651e+00 6.735e-05
0.900000 0.550000 5.2143676744e-01 -1.4141327486e+00 1.507205e+00 6.891e-05
0.900000 0.600000 5.6118011193e-01 -1.3033785816e+00 1.419056e+00 7.059e-05
0.900000 0.650000 5.9254664673e-01 -1.2084934281e+00 1.345945e+00 7.236e-05
0.900000 0.700000 6.1775733839e-01 -1.1264791499e+00 1.284749e+00 7.422e-05
0.900000 0.750000 6.3832719259e-01 -1.0550429833e+00 1.233117e+00 7.617e-05
0.900000 0.800000 6.5531208204e-01 -9.9240422948e-01 1.189243e+00 7.820e-05
0.900000 0.850000 6.6946172242e-01 -9.3715953421e-01 1.151715e+00 8.030e-05
0.900000 0.900000 6.8131675897e-01 -8.8818764723e-01 1.119406e+00 8.247e-05
0.900000 0.950000 6.9127187123e-01 -8.4458069472e-01 1.091409e+00 8.469e-05
0.900000 1.000000 6.9961809524e-01 -8.0559358079e-01 1.066980e+00 8.698e-05
0.900000 1.050000 7.0657235048e-01 -7.7060635916e-01 1.045504e+00 8.931e-05
0.900000 1.100000 7.1229876084e-01 -7.3909639228e-01 1.026466e+00 9.169e-05
0.900000 1.150000 7.1692418438e-01 -7.1061804184e-01 1.009435e+00 9.412e-05
0.900000 1.200000 7.2054922843e-01 -6.8478791733e-01 9.940451e-01 9.659e-05
0.900000 1.250000 7.2325570426e-01 -6.6127384586e-01 9.799908e-01 9.909e-05
0.900000 1.300000 7.2511157618e-01 -6.3978608419e-01 9.670124e-01 1.016e-04
0.900000 1.350000 7.2617452821e-01 -6.2006992973e-01 9.548907e-01 1.042e-04
0.900000 1.400000 7.2649501852e-01 -6.0189956313e-01 9.434395e-01 1.068e-04
0.900000 1.450000 7.2611914440e-01 -5.8507333900e-01 9.325019e-01 1.094e-04
0.900000 1.500000 7.2509108441e-01 -5.6941066498e-01 9.219466e-01 1.121e-04
0.900000 1.550000 7.2345465121e-01 -5.5475019834e-01 9.116657e-01 1.148e-04
0.900000 1.600000 7.2125369978e-01 -5.4094868651e-01 9.015722e-01 1.175e-04
0.900000 1.650000 7.1853161929e-01 -5.2787970856e-01 8.915967e-01 1.202e-04
0.900000 1.700000 7.1533053383e-01 -5.1543191878e-01 8.816847e-01 1.229e-04
0.900000 1.750000 7.1169085594e-01 -5.0350693777e-01 8.717930e-01 1.257e-04
0.900000 1.800000 7.0765145240e-01 -4.9201741614e-01 8.618885e-01 1.284e-04
0.900000 1.850000 7.0325015604e-01 -4.8088576109e-01 8.519459e-01 1.312e-04
0.900000 1.900000 6.9852405303e-01 -4.7004359879e-01 8.419482e-01 1.340e-04
0.900000 1.950000 6.9350910477e-01 -4.5943154733e-01 8.318847e-01 1.368e-04
0.900000 2.000000 6.8823913834e-01 -4.4899865353e-01 8.217499e-01 1.397e-04
0.900000 2.050000 6.8274472819e-01 -4.3870106886e-01 8.115411e-01 1.425e-04
0.900000 2.100000 6.7705265246e-01 -4.2850006528e-01 8.012569e-01 1.454e-04
0.900000 2.150000 6.7118632129e-01 -4.1835996865e-01 7.908958e-01 1.482e-04
0.900000 2.200000 6.6516702875e-01 -4.0824669598e-01 7.804566e-01 1.511e-04
0.900000 2.250000 6.5901543937e-01 -3.9812725632e-01 7.699394e-01 1.540e-04
0.900000 2.300000 6.5275267092e-01 -3.8797004079e-01 7.593463e-01 1.569e-04
0.900000 2.350000 6.4640069341e-01 -3.7774535171e-01 7.486824e-01 1.598e-04
0.900000 2.400000 6.3998226409e-01 -3.6742564924e-01 7.379559e-01 1.627e-04
0.900000 2.450000 6.3352090535e-01 -3.5698538610e-01 7.271776e-01 1.656e-04
0.900000 2.500000 6.2704130720e-01 -3.4640076199e-01 7.163618e-01 1.685e-04
0.900000 2.550000 6.2057009769e-01 -3.3564991756e-01 7.055268e-01 1.714e-04
0.900000 2.600000 6.1413649449e-01 -3.2471386094e-01 6.946961e-01 1.744e-04
0.900000 2.650000 6.0777224817e-01 -3.1357792965e-01 6.838993e-01 1.773e-04
0.900000 2.700000 6.0151060054e-01 -3.0223318157e-01 6.731715e-01 1.802e-04
0.900000 2.750000 5.9538450632e-01 -2.9067707071e-01 6.625525e-01 1.832e-04
0.900000 2.800000 5.8942474683e-01 -2.7891313161e-01 6.520844e-01 1.862e-04
0.900000 2.850000 5.8365854386e-01 -2.6694991947e-01 6.418096e-01 1.891e-04
0.900000 2.900000 5.7810888251e-01 -2.5479977539e-01 6.317696e-01 1.921e-04
0.900000 2.950000 5.7279426074e-01 -2.4247789007e-01 6.220039e-01 1.951e-04
0.900000 3.000000 5.6772835318e-01 -2.3000170564e-01 6.125490e-01 1.980e-04
0.900000 3.050000 5.6291927362e-01 -2.1739024395e-01 6.034373e-01 2.010e-04
0.900000 3.100000 5.5836860953e-01 -2.0466281894e-01 5.946952e-01 2.040e-04
0.900000 3.150000 5.5407083273e-01 -1.9183689826e-01 5.863411e-01 2.070e-04
0.900000 3.200000 5.5001374288e-01 -1.7892543286e-01 5.783852e-01 2.100e-04
0.900000 3.250000 5.4618020941e-01 -1.6593440346e-01 5.708301e-01 2.130e-04
0.900000 3.300000 5.4255087891e-01 -1.5286134146e-01 5.636737e-01 2.160e-04
0.900000 3.350000 5.3910709397e-01 -1.3969515099e-01 5.569122e-01 2.190e-04
0.900000 3.400000 5.3583329083e-01 -1.2641696524e-01 5.505439e-01 2.220e-04
0.900000 3.450000 5.3271857993e-01 -1.1300139403e-01 5.445718e-01 2.250e-04
0.900000 3.500000 5.2975775927e-01 -9.9417591243e-02 5.390057e-01 2.280e-04
0.900000 3.550000 5.2695229840e-01 -8.5630012102e-02 5.338644e-01 2.310e-04
0.900000 3.600000 5.2431167766e-01 -7.1599215252e-02 5.291778e-01 2.340e-04
0.900000 3.650000 5.2185500120e-01 -5.7283248726e-02 5.249895e-01 2.370e-04
0.900000 3.700000 5.1961236292e-01 -4.2639912940e-02 5.213590e-01 2.400e-04
0.900000 3.750000 5.1762534779e-01 -2.7629693248e-02 5.183622e-01 2.431e-04
0.900000 3.800000 5.1594636862e-01 -1.2218749052e-02 5.160910e-01 2.461e-04
0.900000 3.850000 5.1463704987e-01 3.6186857173e-03 5.146498e-01 2.491e-04
0.900000 3.900000 5.1376622683e-01 1.9898781866e-02 5.141514e-01 2.521e-04
0.900000 3.950000 5.1340809436e-01 3.6627282940e-02 5.147130e-01 2.552e-04
0.900000 4.000000 5.1364066370e-01 5.3798903615e-02 5.164504e-01 2.582e-04
0.900000 4.050000 5.1454426092e-01 7.1396629358e-02 5.194740e-01 2.612e-04
0.900000 4.100000 5.1619965399e-01 8.9391003899e-02 5.238825e-01 2.643e-04
0.900000 4.150000 5.1868565372e-01 1.0773986701e-01 5.297572e-01 2.673e-04
0.900000 4.200000 5.2207652097e-01 1.2638903183e-01 5.371574e-01 2.703e-04
0.900000 4.250000 5.2643987467e-01 1.4527400003e-01 5.461167e-01 2.734e-04
0.900000 4.300000 5.3183573916e-01 1.6432223728e-01 5.566427e-01 2.764e-04
0.900000 4.350000 5.3831687937e-01 1.8345515146e-01 5.687186e-01 2.795e-04
0.900000 4.400000 5.4592992892e-01 2.0258900435e-01 5.823073e-01 2.825e-04
0.900000 4.450000 5.5471641320e-01 2.2163451630e-01 5.973543e-01 2.855e-04
0.900000 4.500000 5.6471285538e-01 2.4049558024e-01 6.137905e-01 2.886e-04
0.900000 4.550000 5.7594966106e-01 2.5906789345e-01 6.315332e-01 2.916e-04
0.900000 4.600000 5.8844907735e-01 2.7723823306e-01 6.504870e-01 2.947e-04
0.900000 4.650000 6.0222284312e-01 2.9488464602e-01 6.705440e-01 2.977e-04
0.900000 4.700000 6.1727002842e-01 3.1187733662e-01 6.915850e-01 3.008e-04
0.900000 4.750000 6.3357514828e-01 3.2807984682e-01 7.134801e-01 3.038e-04
0.900000 4.800000 6.5110627249e-01 3.4335033756e-01 7.360902e-01 3.069e-04
0.900000 4.850000 6.6981282681e-01 3.5754319643e-01 7.592670e-01 3.099e-04
0.900000 4.900000 6.8962312594e-01 3.7051147286e-01 7.828530e-01 3.130e-04
0.900000 4.950000 7.1044214586e-01 3.8211053232e-01 8.066824e-01 3.161e-04
0.900000 5.000000 7.3215028473e-01 3.9220285952e-01 8.305824e-01 3.191e-04
0.900000 5.050000 7.5460367592e-01 4.0066342187e-01 8.543757e-01 3.222e-04
0.900000 5.100000 7.7763609866e-01 4.0738477663e-01 8.778840e-01 3.252e-04
0.900000 5.150000 8.0106201187e-01 4.1228132598e-01 9.009308e-01 3.283e-04
0.900000 5.200000 8.2468005570e-01 4.1529264683e-01 9.233446e-01 3.314e-04
0.900000 5.250000 8.4827663584e-01 4.1638628845e-01 9.449607e-01 3.344e-04
0.900000 5.300000 8.7162973434e-01 4.1556051873e-01 9.656236e-01 3.375e-04
0.900000 5.350000 8.9451350400e-01 4.1284714039e-01 9.851889e-01 3.406e-04
0.900000 5.400000 9.1670420357e-01 4.0831392451e-01 1.003527e+00 3.436e-04
0.900000 5.450000 9.3798759320e-01 4.0206579678e-01 1.020528e+00 3.467e-04
0.900000 5.500000 9.5816729287e-01 3.9424392568e-01 1.036105e+00 3.498e-04
0.900000 5.550000 9.7707317340e-01 3.8502228522e-01 1.050197e+00 3.528e-04
0.900000 5.600000 9.9456881540e-01 3.7460182315e-01 1.062776e+00 3.559e-04
0.900000 5.650000 1.0105573721e+00 3.6320273348e-01 1.073845e+00 3.590e-04
0.900000 5.700000 1.0249855250e+00 3.5105536245e-01 1.083437e+00 3.620e-04
0.900000 5.750000 1.0378453540e+00 3.3839009794e-01 1.091618e+00 3.651e-04
0.900000 5.800000 1.0491737906e+00 3.2542650106e-01 1.098484e+00 3.682e-04
0.900000 5.850000 1.0590491114e+00 3.1236215974e-01 1.104154e+00 3.712e-04
0.900000 5.900000 1.0675839674e+00 2.9936224250e-01 1.108762e+00 3.743e-04
0.900000 5.950000 1.0749149480e+00 2.8655120046e-01 1.112454e+00 3.774e-04
0.900000 6.000000 1.0811895227e+00 2.7400812813e-01 1.115370e+00 3.805e-04
0.900000 6.050000 1.0865520046e+00 2.6176675959e-01 1.117639e+00 3.835e-04
0.900000 6.100000 1.0911305119e+00 2.4982010370e-01 1.119364e+00 3.866e-04
0.900000 6.150000 1.0950265765e+00 2.3812874112e-01 1.120620e+00 3.897e-04
0.900000 6.200000 1.0983082213e+00 2.2663126603e-01 1.121447e+00 3.928e-04
0.900000 6.250000 1.1010064547e+00 2.1525545040e-01 1.121851e+00 3.958e-04
0.900000 6.300000 1.1031146344e+00 2.0392925996e-01 1.121806e+00 3.989e-04
0.900000 6.350000 1.1045902026e+00 1.9259143679e-01 1.121254e+00 4.020e-04
0.900000 6.400000 1.1053587029e+00 1.8120159149e-01 1.120112e+00 4.051e-04
0.900000 6.450000 1.1053203379e+00 1.6974950437e-01 1.118279e+00 4.081e-04
0.900000 6.500000 1.1043592969e+00 1.5826284057e-01 1.115642e+00 4.112e-04
0.900000 6.550000 1.1023555879e+00 1.4681212910e-01 1.112089e+00 4.143e-04
0.900000 6.600000 1.0991984254e+00 1.3551193670e-01 1.107520e+00 4.174e-04
0.900000 6.650000 1.0947996941e+00 1.2451770100e-01 1.101858e+00 4.204e-04
0.900000 6.700000 1.0891059123e+00 1.1401842200e-01 1.095058e+00 4.235e-04
0.900000 6.750000 1.0821074142e+00 1.0422601786e-01 1.087115e+00 4.266e-04
0.900000 6.800000 1.0738439419e+00 9.5362446940e-02 1.078070e+00 4.297e-04
0.900000 6.850000 1.0644062291e+00 8.7645740946e-02 1.068009e+00 4.328e-04
0.900000 6.900000 1.0539333879e+00 8.1276095341e-02 1.057063e+00 4.359e-04
0.900000 6.950000 1.0426061162e+00 7.6423277782e-02 1.045403e+00 4.389e-04
0.900000 7.000000 1.0306361397e+00 7.3216790650e-02 1.033234e+00 4.420e-04
0.900000 7.050000 1.0182529651e+00 7.1740208171e-02 1.020777e+00 4.451e-04
0.900000 7.100000 1.0056897695e+00 7.2030641294e-02 1.008266e+00 4.482e-04
0.900000 7.150000 9.9317069821e-01 7.4083319954e-02 9.959299e-01 4.513e-04
0.900000 7.200000 9.8090165968e-01 7.7860096831e-02 9.839869e-01 4.543e-04
0.900000 7.250000 9.6906581826e-01 8.3299749399e-02 9.726394e-01 4.574e-04
0.900000 7.300000 9.5782370265e-01 9.0327707230e-02 9.620735e-01 4.605e-04
0.900000 7.350000 9.4731669029e-01 9.8863365629e-02 9.524615e-01 4.636e-04
0.900000 7.400000 9.3767205027e-01 1.0882418878e-01 9.439659e-01 4.667e-04
0.900000 7.450000 9.2900787215e-01 1.2012685771e-01 9.367423e-01 4.698e-04
0.900000 7.500000 9.2143684503e-01 1.3268635004e-01 9.309412e-01 4.729e-04
0.900000 7.550000 9.1506855554e-01 1.4641391773e-01 9.267079e-01 4.759e-04
0.900000 7.600000 9.1001039506e-01 1.6121464958e-01 9.241802e-01 4.790e-04
0.900000 7.650000 9.0636723414e-01 1.7698501004e-01 9.234854e-01 4.821e-04
0.900000 7.700000 9.0423992947e-01 1.9361066893e-01 9.247351e-01 4.852e-04
0.900000 7.750000 9.0372275054e-01 2.1096505502e-01 9.280200e-01 4.883e-04
0.900000 7.800000 9.0490006886e-01 2.2890914888e-01 9.334043e-01 4.914e-04
0.900000 7.850000 9.0784301224e-01 2.4729284333e-01 9.409212e-01 4.945e-04
0.900000 7.900000 9.1260696179e-01 2.6595771648e-01 9.505709e-01 4.975e-04
0.900000 7.950000 9.1923054522e-01 2.8474050896e-01 9.623211e-01 5.006e-04
0.900000 8.000000 9.2773619308e-01 3.0347631562e-01 9.761108e-01 5.037e-04
0.900000 8.050000 9.3813167464e-01 3.2200070040e-01 9.918546e-01 5.068e-04
0.900000 8.100000 9.5041169169e-01 3.4015054114e-01 1.009448e+00 5.099e-04
0.900000 8.150000 9.6455878160e-01 3.5776406352e-01 1.028771e+00 5.130e-04
0.900000 8.200000 9.8054334654e-01 3.7468084646e-01 1.049691e+00 5.161e-04
0.900000 8.250000 9.9832321830e-01 3.9074239964e-01 1.072068e+00 5.192e-04
0.900000 8.300000 1.0178434144e+00 4.0579338179e-01 1.095752e+00 5.223e-04
0.900000 8.350000 1.0390365080e+00 4.1968302410e-01 1.120594e+00 5.253e-04
0.900000 8.400000 1.0618235160e+00 4.3226619147e-01 1.146439e+00 5.284e-04
0.900000 8.450000 1.0861147973e+00 4.4340383402e-01 1.173138e+00 5.315e-04
0.900000 8.500000 1.1118104477e+00 4.5296311019e-01 1.200541e+00 5.346e-04
0.900000 8.550000 1.1388001096e+00 4.6081780482e-01 1.228503e+00 5.377e-04
0.900000 8.600000 1.1669626831e+00 4.6684954651e-01 1.256881e+00 5.408e-04
0.900000 8.650000 1.1961667308e+00 4.7094978360e-01 1.285538e+00 5.439e-04
0.900000 8.700000 1.2262721642e+00 4.7302184178e-01 1.314341e+00 5.470e-04
0.900000 8.750000 1.2571331641e+00 4.7298206683e-01 1.343166e+00 5.501e-04
0.900000 8.800000 1.2886015854e+00 4.7075927489e-01 1.371900e+00 5.532e-04
0.900000 8.850000 1.3205297168e+00 4.6629238093e-01 1.400438e+00 5.563e-04
0.900000 8.900000 1.3527714154e+00 4.5952679459e-01 1.428690e+00 5.593e-04
0.900000 8.950000 1.3851811804e+00 4.5041059307e-01 1.456570e+00 5.624e-04
0.900000 9.000000 1.4176113348e+00 4.3889145406e-01 1.483997e+00 5.655e-04
0.900000 9.050000 1.4499078476e+00 4.2491499976e-01 1.510889e+00 5.686e-04
0.900000 9.100000 1.4819053722e+00 4.0842486048e-01 1.537158e+00 5.717e-04
0.900000 9.150000 1.5134219645e+00 3.8936463388e-01 1.562706e+00 5.748e-04
0.900000 9.200000 1.5442539520e+00 3.6768197297e-01 1.587423e+00 5.779e-04
0.900000 9.250000 1.5741716672e+00 3.4333505351e-01 1.611178e+00 5.810e-04
0.900000 9.300000 1.6029171102e+00 3.1630139793e-01 1.633827e+00 5.841e-04
0.900000 9.350000 1.6302047600e+00 2.8658841806e-01 1.655204e+00 5.872e-04
0.900000 9.400000 1.6557264393e+00 2.5424431027e-01 1.675133e+00 5.903e-04
0.900000 9.450000 1.6791603505e+00 2.1936748030e-01 1.693429e+00 5.934e-04
0.900000 9.500000 1.7001834283e+00 1.8211278547e-01 1.709909e+00 5.965e-04
0.900000 9.550000 1.7184854311e+00 1.4269355750e-01 1.724399e+00 5.996e-04
0.900000 9.600000 1.7337830327e+00 1.0137929638e-01 1.736744e+00 6.027e-04
0.900000 9.650000 1.7458325684e+00 5.8489664773e-02 1.746812e+00 6.057e-04
0.900000 9.700000 1.7544407276e+00 1.4385672708e-02 1.754500e+00 6.088e-04
0.900000 9.750000 1.7594729587e+00 -3.0541251686e-02 1.759738e+00 6.119e-04
0.900000 9.800000 1.7608594235e+00 -7.5881949695e-02 1.762494e+00 6.150e-04
0.900000 9.850000 1.7585980789e+00 -1.2122374471e-01 1.762771e+00 6.181e-04
0.900000 9.900000 1.7527541904e+00 -1.6616567826e-01 1.760613e+00 6.212e-04
0.900000 9.950000 1.7434556246e+00 -2.1033373801e-01 1.756097e+00 6.243e-04
0.900000 10.000000 1.7308837410e+00 -2.5339458862e-01 1.749333e+00 6.274e-04
0.900000 10.050000 1.7152604371e+00 -2.9506623416e-01 1.740455e+00 6.305e-04
0.900000 10.100000 1.6968325513e+00 -3.3512440383e-01 1.729610e+00 6.336e-04
0.900000 10.150000 1.6758551465e+00 -3.7340406713e-01 1.716951e+00 6.367e-04
0.900000 10.200000 1.6525751482e+00 -4.0979604821e-01 1.702627e+00 6.398e-04
0.900000 10.250000 1.6272166150e+00 -4.4423903285e-01 1.686767e+00 6.429e-04
0.900000 10.300000 1.5999688078e+00 -4.7670740367e-01 1.669476e+00 6.460e-04
0.900000 10.350000 1.5709783010e+00 -5.0719553616e-01 1.650824e+00 6.491e-04
0.900000 10.400000 1.5403464572e+00 -5.3569965242e-01 1.630841e+00 6.522e-04
0.900000 10.450000 1.5081333646e+00 -5.6219903970e-01 1.609514e+00 6.553e-04
0.900000 10.500000 1.4743685985e+00 -5.8663910472e-01 1.586792e+00 6.584e-04
0.900000 10.550000 1.4390679933e+00 -6.0891894454e-01 1.562594e+00 6.615e-04
0.900000 10.600000 1.4022543849e+00 -6.2888561451e-01 1.536820e+00 6.646e-04
0.900000 10.650000 1.3639794806e+00 -6.4633614658e-01 1.509368e+00 6.677e-04
0.900000 10.700000 1.3243439503e+00 -6.6102701782e-01 1.480150e+00 6.708e-04
0.900000 10.750000 1.2835134449e+00 -6.7268968907e-01 1.449109e+00 6.739e-04
0.900000 10.800000 1.2417291801e+00 -6.8105033608e-01 1.416235e+00 6.769e-04
0.900000 10.850000 1.1993125240e+00 -6.8585194449e-01 1.381573e+00 6.800e-04
0.900000 10.900000 1.1566634516e+00 -6.8687721960e-01 1.345240e+00 6.831e-04
0.900000 10.950000 1.1142528459e+00 -6.8397091586e-01 1.307431e+00 6.862e-04
0.900000 11.000000 1.0726087346e+00 -6.7706007778e-01 1.268424e+00 6.893e-04
0.900000 11.050000 1.0322969348e+00 -6.6617045739e-01 1.228585e+00 6.924e-04
0.900000 11.100000 9.9389727238e-01 -6.5143736147e-01 1.188361e+00 6.955e-04
0.900000 11.150000 9.5797729709e-01 -6.3310963111e-01 1.148281e+00 6.986e-04
0.900000 11.200000 9.2506586421e-01 -6.1154633924e-01 1.108935e+00 7.017e-04
0.900000 11.250000 8.9562884583e-01 -5.8720680307e-01 1.070964e+00 7.048e-04
0.900000 11.300000 8.7004862698e-01 -5.6063525367e-01 1.035035e+00 7.079e-04
0.900000 11.350000 8.4860824641e-01 -5.3244175073e-01 1.001813e+00 7.110e-04
0.900000 11.400000 8.3148042654e-01 -5.0328074222e-01 9.719317e-01 7.141e-04
0.900000 11.450000 8.1872148695e-01 -4.7382834006e-01 9.459483e-01 7.172e-04
0.900000 11.500000 8.1027014936e-01 -4.4475921917e-01 9.243097e-01 7.203e-04
0.900000 11.550000 8.0595124035e-01 -4.1672414251e-01 9.073127e-01 7.234e-04
0.900000 11.600000 8.0548404751e-01 -3.9032930433e-01 8.950763e-01 7.265e-04
0.900000 11.650000 8.0849459036e-01 -3.6611867474e-01 8.875282e-01 7.296e-04
0.900000 11.700000 8.1453057880e-01 -3.4456014393e-01 8.844104e-01 7.327e-04
0.900000 11.750000 8.2307766829e-01 -3.2603559332e-01 8.853000e-01 7.358e-04
0.900000 11.800000 8.3357592737e-01 -3.1083438965e-01 8.896442e-01 7.389e-04
0.900000 11.850000 8.4543605527e-01 -2.9914954902e-01 8.968013e-01 7.420e-04
0.900000 11.900000 8.5805544792e-01 -2.9107607192e-01 9.060819e-01 7.451e-04
0.900000 11.950000 8.7083435658e-01 -2.8661150312e-01 9.167871e-01 7.482e-04
0.900000 12.000000 8.8319202455e-01 -2.8565921190e-01 9.282399e-01 7.513e-04
0.900000 12.050000 8.9458207229e-01 -2.8803486972e-01 9.398091e-01 7.544e-04
0.900000 12.100000 9.0450596186e-01 -2.9347606940e-01 9.509255e-01 7.575e-04
0.900000 12.150000 9.1252344636e-01 -3.0165426822e-01 9.610902e-01 7.606e-04
0.900000 12.200000 9.1825952165e-01 -3.1218769374e-01 9.698772e-01 7.637e-04
0.900000 12.250000 9.2140823563e-01 -3.2465384875e-01 9.769305e-01 7.668e-04
0.900000 12.300000 9.2173433107e-01 -3.3860079025e-01 9.819596e-01 7.699e-04
0.900000 12.350000 9.1907380250e-01 -3.5355712270e-01 9.847331e-01 7.730e-04
0.900000 12.400000 9.1333405687e-01 -3.6904122141e-01 9.850739e-01 7.761e-04
0.900000 12.450000 9.0449378053e-01 -3.8457033671e-01 9.828547e-01 7.792e-04
0.900000 12.500000 8.9260219167e-01 -3.9966996962e-01 9.779953e-01 7.823e-04
0.900000 12.550000 8.7777727698e-01 -4.1388353351e-01 9.704600e-01 7.854e-04
0.900000 12.600000 8.6020278057e-01 -4.2678210611e-01 9.602561e-01 7.885e-04
0.900000 12.650000 8.4012387091e-01 -4.3797411527e-01 9.474331e-01 7.916e-04
0.900000 12.700000 8.1784135598e-01 -4.4711492708e-01 9.320817e-01 7.947e-04
0.900000 12.750000 7.9370407420e-01 -4.5391625329e-01 9.143337e-01 7.978e-04
0.900000 12.800000 7.6809891125e-01 -4.5815493270e-01 8.943612e-01 8.009e-04
0.900000 12.850000 7.4143806570e-01 -4.5968010008e-01 8.723739e-01 8.040e-04
0.900000 12.900000 7.1414380261e-01 -4.5841737698e-01 8.486153e-01 8.071e-04
0.900000 12.950000 6.8663178234e-01 -4.5436882729e-01 8.233555e-01 8.102e-04
0.900000 13.000000 6.5929472071e-01 -4.4760809467e-01 7.968830e-01 8.133e-04
0.900000 13.050000 6.3248826551e-01 -4.3827112634e-01 7.694953e-01 8.164e-04
0.900000 13.100000 6.0652048613e-01 -4.2654374596e-01 7.414895e-01 8.195e-04
0.900000 13.150000 5.8164552590e-01 -4.1264770051e-01 7.131547e-01 8.226e-04
0.900000 13.200000 5.5806119249e-01 -3.9682660327e-01 6.847654e-01 8.257e-04
0.900000 13.250000 5.3590989043e-01 -3.7933268277e-01 6.565765e-01 8.288e-04
0.900000 13.300000 5.1528235987e-01 -3.6041481468e-01 6.288201e-01 8.319e-04
0.900000 13.350000 4.9622391454e-01 -3.4030822002e-01 6.017041e-01 8.350e-04
0.900000 13.400000 4.7874292110e-01 -3.1922641329e-01 5.754131e-01 8.381e-04
0.900000 13.450000 4.6282095513e-01 -2.9735618223e-01 5.501127e-01 8.412e-04
0.900000 13.500000 4.4842353706e-01 -2.7485624879e-01 5.259559e-01 8.443e-04
0.900000 13.550000 4.3550994180e-01 -2.5185968978e-01 5.030926e-01 8.474e-04
0.900000 13.600000 4.2404061327e-01 -2.2847938801e-01 4.816776e-01 8.505e-04
0.900000 13.650000 4.1398126909e-01 -2.0481512782e-01 4.618763e-01 8.536e-04
0.900000 13.700000 4.0530360807e-01 -1.8096076474e-01 4.438669e-01 8.567e-04
0.900000 13.750000 3.9798323920e-01 -1.5701022804e-01 4.278351e-01 8.598e-04
0.900000 13.800000 3.9199574408e-01 -1.3306170081e-01 4.139639e-01 8.629e-04
0.900000 13.850000 3.8731166638e-01 -1.0921979652e-01 4.024168e-01 8.660e-04
0.900000 13.900000 3.8389096011e-01 -8.5595690205e-02 3.933178e-01 8.691e-04
0.900000 13.950000 3.8167735175e-01 -6.2305039061e-02 3.867293e-01 8.722e-04
0.900000 14.000000 3.8059331303e-01 -3.9463446902e-02 3.826338e-01 8.753e-04
0.900000 14.050000 3.8053673106e-01 -1.7179490737e-02 3.809243e-01 8.784e-04
0.900000 14.100000 3.8138052925e-01 4.4540093803e-03 3.814065e-01 8.815e-04
0.900000 14.150000 3.8297612661e-01 2.5369003652e-02 3.838155e-01 8.846e-04
0.900000 14.200000 3.8516071432e-01 4.5529561017e-02 3.878424e-01 8.877e-04
0.900000 14.250000 3.8776720816e-01 6.4935792874e-02 3.931667e-01 8.908e-04
0.900000 14.300000 3.9063490848e-01 8.3623456462e-02 3.994853e-01 8.939e-04
0.900000 14.350000 3.9361874401e-01 1.0165954042e-01 4.065346e-01 8.970e-04
0.900000 14.400000 3.9659553870e-01 1.1913516182e-01 4.141029e-01 9.001e-04
0.900000 14.450000 3.9946672066e-01 1.3615757562e-01 4.220338e-01 9.032e-04
0.900000 14.500000 4.0215784630e-01 1.5284294305e-01 4.302231e-01 9.063e-04
0.900000 14.550000 4.0461590978e-01 1.6931095421e-01 4.386117e-01 9.094e-04
0.900000 14.600000 4.0680558845e-01 1.8568178488e-01 4.471784e-01 9.125e-04
0.900000 14.650000 4.0870550385e-01 2.0207540620e-01 4.559327e-01 9.156e-04
0.900000 14.700000 4.1030546151e-01 2.1861295361e-01 4.649110e-01 9.187e-04
0.900000 14.750000 4.1160553363e-01 2.3541955784e-01 4.741745e-01 9.218e-04
0.900000 14.800000 4.1261765237e-01 2.5262765191e-01 4.838120e-01 9.249e-04
0.900000 14.850000 4.1336991974e-01 2.7037938558e-01 4.939430e-01 9.280e-04
0.900000 14.900000 4.1391308685e-01 2.8882665490e-01 5.047226e-01 9.311e-04
0.900000 14.950000 4.1432782616e-01 3.0812762127e-01 5.163431e-01 9.342e-04
0.900000 15.000000 4.1473088951e-01 3.2843946400e-01 5.290314e-01 9.373e-04
0.900000 15.050000 4.1527832372e-01 3.4990819713e-01 5.430394e-01 9.404e-04
0.900000 15.100000 4.1616463509e-01 3.7265723151e-01 5.586291e-01 9.435e-04
0.900000 15.150000 4.1761785421e-01 3.9677661338e-01 5.760524e-01 9.467e-04
0.900000 15.200000 4.1989138207e-01 4.2231446143e-01 5.955319e-01 9.498e-04
0.900000 15.250000 4.2325392553e-01 4.4927133817e-01 6.172428e-01 9.529e-04
0.900000 15.300000 4.2797869734e-01 4.7759756767e-01 6.412996e-01 9.560e-04
0.900000 15.350000 4.3433262322e-01 5.0719317244e-01 6.677498e-01 9.591e-04
0.900000 15.400000 4.4256594776e-01 5.3791016479e-01 6.965716e-01 9.622e-04
0.900000 15.450000 4.5290259983e-01 5.6955712883e-01 7.276786e-01 9.653e-04
0.900000 15.500000 4.6553190238e-01 6.0190603962e-01 7.609276e-01 9.684e-04
0.900000 15.550000 4.8060239436e-01 6.3470094442e-01 7.961306e-01 9.715e-04
0.900000 15.600000 4.9821837530e-01 6.6766763892e-01 8.330676e-01 9.746e-04
0.900000 15.650000 5.1843922511e-01 7.0052316143e-01 8.714998e-01 9.777e-04
0.900000 15.700000 5.4128084572e-01 7.3298409412e-01 9.111809e-01 9.808e-04
0.900000 15.750000 5.6671812881e-01 7.6477330663e-01 9.518654e-01 9.839e-04
0.900000 15.800000 5.9468747729e-01 7.9562558636e-01 9.933143e-01 9.870e-04
0.900000 15.850000 6.2508907340e-01 8.2529311297e-01 1.035300e+00 9.901e-04
0.900000 15.900000 6.5778943982e-01 8.5355164292e-01 1.077607e+00 9.932e-04
0.900000 15.950000 6.9262540707e-01 8.8020760414e-01 1.120043e+00 9.963e-04
0.900000 16.000000 7.2941057432e-01 9.0510541890e-01 1.162435e+00 9.994e-04
0.900000 16.050000 7.6794476181e-01 9.2813372704e-01 1.204646e+00 1.002e-03
0.900000 16.100000 8.0802613059e-01 9.4922905304e-01 1.246572e+00 1.006e-03
0.900000 16.150000 8.4946498171e-01 9.6837581008e-01 1.288155e+00 1.009e-03
0.900000 16.200000 8.9209795356e-01 9.8560208043e-01 1.329380e+00 1.012e-03
0.900000 16.250000 9.3580134289e-01 1.0009710569e+00 1.370280e+00 1.015e-03
0.900000 16.300000 9.8050233611e-01 1.0145682758e+00 1.410934e+00 1.018e-03
0.900000 16.350000 1.0261868622e+00 1.0264849628e+00 1.451458e+00 1.021e-03
0.900000 16.400000 1.0729026062e+00 1.0367982010e+00 1.492002e+00 1.024e-03
0.900000 16.450000 1.1207557169e+00 1.0455493160e+00 1.532732e+00 1.027e-03
0.900000 16.500000 1.1699001943e+00 1.0527227035e+00 1.573814e+00 1.030e-03
0.900000 16.550000 1.2205199511e+00 1.0582279091e+00 1.615399e+00 1.034e-03
0.900000 16.600000 1.2728048532e+00 1.0618877319e+00 1.657600e+00 1.037e-03
0.900000 16.650000 1.3269232188e+00 1.0634343600e+00 1.700476e+00 1.040e-03
0.900000 16.700000 1.3829938386e+00 1.0625142740e+00 1.744021e+00 1.043e-03
0.900000 16.750000 1.4410604389e+00 1.0587013628e+00 1.788157e+00 1.046e-03
0.900000 16.800000 1.5010708221e+00 1.0515167781e+00 1.832731e+00 1.049e-03
0.900000 16.850000 1.5628620925e+00 1.0404536897e+00 1.877520e+00 1.052e-03
0.900000 16.900000 1.6261527477e+00 1.0250051075e+00 1.922240e+00 1.055e-03
0.900000 16.950000 1.6905420606e+00 1.0046930119e+00 1.966555e+00 1.058e-03
0.900000 17.000000 1.7555169184e+00 9.7909695912e-01 2.010092e+00 1.061e-03
0.900000 17.050000 1.8204658605e+00 9.4788014708e-01 2.052455e+00 1.065e-03
0.900000 17.100000 1.8846993636e+00 9.1081090536e-01 2.093243e+00 1.068e-03
0.900000 17.150000 1.9474746328e+00 8.6777795752e-01 2.132064e+00 1.071e-03
0.900000 17.200000 2.0080226248e+00 8.1879864226e-01 2.168545e+00 1.074e-03
0.900000 17.250000 2.0655750418e+00 7.6402030249e-01 2.202346e+00 1.077e-03
0.900000 17.300000 2.1193895930e+00 7.0371584576e-01 2.233166e+00 1.080e-03
0.900000 17.350000 2.1687726437e+00 6.3827473467e-01 2.260745e+00 1.083e-03
0.900000 17.400000 2.2130989937e+00 5.6819038722e-01 2.284874e+00 1.086e-03
0.900000 17.450000 2.2518286719e+00 4.9404447578e-01 2.305388e+00 1.089e-03
0.900000 17.500000 2.2845203232e+00 4.1648834472e-01 2.322175e+00 1.092e-03
0.900000 17.550000 2.3108403583e+00 3.3622197916e-01 2.335172e+00 1.096e-03
0.900000 17.600000 2.3305669432e+00 2.5397156459e-01 2.344364e+00 1.099e-03
0.900000 17.650000 2.3435883636e+00 1.7046730239e-01 2.349780e+00 1.102e-03
0.900000 17.700000 2.3498961628e+00 8.6423363054e-02 2.351485e+00 1.105e-03
0.900000 17.750000 2.3495743275e+00 2.5214715274e-03 2.349576e+00 1.108e-03
0.900000 17.800000 2.3427862568e+00 -8.0601221333e-02 2.344172e+00 1.111e-03
0.900000 17.850000 2.3297611153e+00 -1.6236021924e-01 2.335412e+00 1.114e-03
0.900000 17.900000 2.3107805908e+00 -2.4222849830e-01 2.323442e+00 1.117e-03
0.900000 17.950000 2.2861664152e+00 -3.1973889009e-01 2.308417e+00 1.120e-03
0.900000 18.000000 2.2562686071e+00 -3.9448453517e-01 2.290495e+00 1.124e-03
0.900000 18.050000 2.2214543674e+00 -4.6611753363e-01 2.269829e+00 1.127e-03
0.900000 18.100000 2.1820977751e+00 -5.3434574057e-01 2.246570e+00 1.130e-03
0.900000 18.150000 2.1385706383e+00 -5.9892772845e-01 2.220855e+00 1.133e-03
0.900000 18.200000 2.0912349044e+00 -6.5966612423e-01 2.192812e+00 1.136e-03
0.900000 18.250000 2.0404369389e+00 -7.1639964684e-01 2.162547e+00 1.139e-03
0.900000 18.300000 1.9865039060e+00 -7.6899416438e-01 2.130153e+00 1.142e-03
0.900000 18.350000 1.9297425355e+00 -8.1733307080e-01 2.095695e+00 1.145e-03
0.900000 18.400000 1.8704406944e+00 -8.6130742131e-01 2.059223e+00 1.148e-03
0.900000 18.450000 1.8088721930e+00 -9.0080662384e-01 2.020760e+00 1.151e-03
0.900000 18.500000 1.7453049355e+00 -9.3571090417e-01 1.980314e+00 1.155e-03
0.900000 18.550000 1.6800118752e+00 -9.6588694987e-01 1.937880e+00 1.158e-03
0.900000 18.600000 1.6132834786e+00 -9.9118785007e-01 1.893446e+00 1.161e-03
0.900000 18.650000 1.5454399383e+00 -1.0114577005e+00 1.847006e+00 1.164e-03
0.900000 18.700000 1.4768414624e+00 -1.0265403435e+00 1.798568e+00 1.167e-03
0.900000 18.750000 1.4078955852e+00 -1.0362910990e+00 1.748162e+00 1.170e-03
0.900000 18.800000 1.3390612270e+00 -1.0405903053e+00 1.695852e+00 1.173e-03
0.900000 18.850000 1.2708497123e+00 -1.0393579693e+00 1.641744e+00 1.176e-03
0.900000 18.900000 1.2038228456e+00 -1.0325694229e+00 1.585998e+00 1.179e-03
0.900000 18.950000 1.1385875403e+00 -1.0202721025e+00 1.528835e+00 1.183e-03
0.900000 19.000000 1.0757858436e+00 -1.0026031193e+00 1.470554e+00 1.186e-03
0.900000 19.050000 1.0160790355e+00 -9.7980631118e-01 1.411537e+00 1.189e-03
0.900000 19.100000 9.6012509145e-01 -9.5224643376e-01 1.352262e+00 1.192e-03
0.900000 19.150000 9.0855006095e-01 -9.2041763394e-01 1.293303e+00 1.195e-03
0.900000 19.200000 8.6191534070e-01 -8.8494366628e-01 1.235323e+00 1.198e-03
0.900000 19.250000 8.2068385763e-01 -8.4656836761e-01 1.179067e+00 1.201e-03
0.900000 19.300000 7.8518849499e-01 -8.0613628036e-01 1.125334e+00 1.204e-03
0.900000 19.350000 7.5560574202e-01 -7.6456452487e-01 1.074941e+00 1.207e-03
0.900000 19.400000 7.3193684129e-01 -7.2280779521e-01 1.028680e+00 1.210e-03
0.900000 19.450000 7.1399798836e-01 -6.8181872664e-01 9.872537e-01 1.214e-03
0.900000 19.500000 7.0142055053e-01 -6.4250607884e-01 9.512123e-01 1.217e-03
0.900000 19.550000 6.9366171693e-01 -6.0569337800e-01 9.208860e-01 1.220e-03
0.900000 19.600000 6.9002528692e-01 -5.7208083170e-01 8.963322e-01 1.223e-03
0.900000 19.650000 6.8969139285e-01 -5.4221325651e-01 8.773081e-01 1.226e-03
0.900000 19.700000 6.9175302733e-01 -5.1645622596e-01 8.632782e-01 1.229e-03
0.900000 19.750000 6.9525665413e-01 -4.9498166339e-01 8.534569e-01 1.232e-03
0.900000 19.800000 6.9924419857e-01 -4.7776296763e-01 8.468766e-01 1.235e-03
0.900000 19.850000 7.0279431851e-01 -4.6457891741e-01 8.424686e-01 1.238e-03
0.900000 19.900000 7.0506169655e-01 -4.5502537758e-01 8.391425e-01 1.241e-03
0.900000 19.950000 7.0531366768e-01 -4.4853420578e-01 8.358530e-01 1.245e-03
0.900000 20.000000 7.0296345207e-01 -4.4439935214e-01 8.316540e-01 1.248e-03
0.900000 20.050000 6.9759862080e-01 -4.4181042627e-01 8.257362e-01 1.251e-03
0.900000 20.100000 6.8900257697e-01 -4.3989360566e-01 8.174539e-01 1.254e-03
0.900000 20.150000 6.7716632842e-01 -4.3775868337e-01 8.063417e-01 1.257e-03
0.900000 20.200000 6.6228805128e-01 -4.3454966997e-01 7.921230e-01 1.260e-03
0.900000 20.250000 6.4475893786e-01 -4.2949519148e-01 7.747130e-01 1.263e-03
0.900000 20.300000 6.2513530397e-01 -4.2195434469e-01 7.542146e-01 1.266e-03
0.900000 20.350000 6.0409849386e-01 -4.1145378267e-01 7.309098e-01 1.269e-03
0.900000 20.400000 5.8240546728e-01 -3.9771245621e-01 7.052456e-01 1.273e-03
0.900000 20.450000 5.6083398929e-01 -3.8065142460e-01 6.778129e-01 1.276e-03
0.900000 20.500000 5.4012710319e-01 -3.6038736982e-01 6.493199e-01 1.279e-03
0.900000 20.550000 5.2094203533e-01 -3.3720993227e-01 6.205571e-01 1.282e-03
0.900000 20.600000 5.0380868987e-01 -3.1154475863e-01 5.923541e-01 1.285e-03
0.900000 20.650000 4.8910217565e-01 -2.8390605272e-01 5.655295e-01 1.288e-03
0.900000 20.700000 4.7703221304e-01 -2.5484404247e-01 5.408375e-01 1.291e-03
0.900000 20.750000 4.6764995413e-01 -2.2489359832e-01 5.189158e-01 1.294e-03
0.900000 20.800000 4.6087022603e-01 -1.9452989811e-01 5.002432e-01 1.297e-03
0.900000 20.850000 4.5650515652e-01 -1.6413555998e-01 4.851159e-01 1.300e-03
0.900000 20.900000 4.5430409700e-01 -1.3398151581e-01 4.736489e-01 1.304e-03
0.900000 20.950000 4.5399484753e-01 -1.0422175554e-01 4.658041e-01 1.307e-03
0.900000 21.000000 4.5532209604e-01 -7.4900507924e-02 4.614415e-01 1.310e-03
0.900000 21.050000 4.5808015424e-01 -4.5969638205e-02 4.603810e-01 1.313e-03
0.900000 21.100000 4.6213804046e-01 -1.7313838131e-02 4.624623e-01 1.316e-03
0.900000 21.150000 4.6745557417e-01 1.1218836697e-02 4.675902e-01 1.319e-03
0.900000 21.200000 4.7408958924e-01 3.9783660380e-02 4.757559e-01 1.322e-03
0.900000 21.250000 4.8218993800e-01 6.8505994339e-02 4.870320e-01 1.325e-03
0.900000 21.300000 4.9198580041e-01 9.7451075106e-02 5.015444e-01 1.328e-03
0.900000 21.350000 5.0376380027e-01 1.2659953079e-01 5.194280e-01 1.332e-03
0.900000 21.400000 5.1784023733e-01 1.5583058119e-01 5.407788e-01 1.335e-03
0.900000 21.450000 5.3453007764e-01 1.8491386875e-01 5.656108e-01 1.338e-03
0.900000 21.500000 5.5411516298e-01 2.1350996570e-01 5.938267e-01 1.341e-03
0.900000 21.550000 5.7681365029e-01 2.4117908295e-01 6.252050e-01 1.344e-03
0.900000 21.600000 6.0275233416e-01 2.6739736581e-01 6.594026e-01 1.347e-03
0.900000 21.650000 6.3194345733e-01 2.9158011960e-01 6.959680e-01 1.350e-03
0.900000 21.700000 6.6426778671e-01 3.1311102388e-01 7.343638e-01 1.353e-03
0.900000 21.750000 6.9946578169e-01 3.3137571959e-01 7.739911e-01 1.356e-03
0.900000 21.800000 7.3713825049e-01 3.4579727903e-01 8.142165e-01 1.359e-03
0.900000 21.850000 7.7675687279e-01 3.5587042241e-01 8.543974e-01 1.363e-03
0.900000 21.900000 8.1768361671e-01 3.6119132787e-01 8.939047e-01 1.366e-03
0.900000 21.950000 8.5919688294e-01 3.6148060798e-01 9.321414e-01 1.369e-03
0.900000 22.000000 9.0052160357e-01 3.5659823353e-01 9.685564e-01 1.372e-03
0.900000 22.050000 9.4086064193e-01 3.4655039281e-01 1.002654e+00 1.375e-03
0.900000 22.100000 9.7942545452e-01 3.3148906594e-01 1.034002e+00 1.378e-03
0.900000 22.150000 1.0154646679e+00 3.1170534657e-01 1.062228e+00 1.381e-03
0.900000 22.200000 1.0482896577e+00 2.8761746044e-01 1.087030e+00 1.384e-03
0.900000 22.250000 1.0772963413e+00 2.5975434942e-01 1.108170e+00 1.387e-03
0.900000 22.300000 1.1019824267e+00 2.2873583053e-01 1.125471e+00 1.391e-03
0.900000 22.350000 1.1219595782e+00 1.9525064569e-01 1.138822e+00 1.394e-03
0.900000 22.400000 1.1369604834e+00 1.6003391948e-01 1.148168e+00 1.397e-03
0.900000 22.450000 1.1468414611e+00 1.2384537102e-01 1.153509e+00 1.400e-03
0.900000 22.500000 1.1515817078e+00 8.7449042493e-02 1.154897e+00 1.403e-03
0.900000 22.550000 1.1512802550e+00 5.1594556397e-02 1.152436e+00 1.406e-03
0.900000 22.600000 1.1461512136e+00 1.6999387194e-02 1.146277e+00 1.409e-03
0.900000 22.650000 1.1365171858e+00 -1.5668392113e-02 1.136625e+00 1.412e-03
0.900000 22.700000 1.1228002612e+00 -4.5806969640e-02 1.123734e+00 1.415e-03
0.900000 22.750000 1.1055100171e+00 -7.2896707134e-02 1.107911e+00 1.418e-03
0.900000 22.800000 1.0852284021e+00 -9.6514132858e-02 1.089512e+00 1.422e-03
0.900000 22.850000 1.0625919602e+00 -1.1634306332e-01 1.068942e+00 1.425e-03
0.900000 22.900000 1.0382722235e+00 -1.3218228622e-01 1.046652e+00 1.428e-03
0.900000 22.950000 1.0129550769e+00 -1.4394968069e-01 1.023132e+00 1.431e-03
0.900000 23.000000 9.8731962907e-01 -1.5168285075e-01 9.989033e-01 1.434e-03
0.900000 23.050000 9.6201689343e-01 -1.5553621758e-01 9.745091e-01 1.437e-03
0.900000 23.100000 9.3764866006e-01 -1.5577424065e-01 9.505002e-01 1.440e-03
0.900000 23.150000 9.1474732804e-01 -1.5276033435e-01 9.274149e-01 1.443e-03
0.900000 23.200000 8.9375792462e-01 -1.4694132889e-01 9.057566e-01 1.446e-03
0.900000 23.250000 8.7502373373e-01 -1.3882794060e-01 8.859682e-01 1.450e-03
0.900000 23.300000 8.5877670962e-01 -1.2897238201e-01 8.684073e-01 1.453e-03
0.900000 23.350000 8.4513325471e-01 -1.1794462958e-01 8.533236e-01 1.456e-03
0.900000 23.400000 8.3409529447e-01 -1.0630883235e-01 8.408427e-01 1.459e-03
0.900000 23.450000 8.2555617754e-01 -9.4601017706e-02 8.309587e-01 1.462e-03
0.900000 23.500000 8.1931084706e-01 -8.3308922026e-02 8.235355e-01 1.465e-03
0.900000 23.550000 8.1506978946e-01 -7.2854672395e-02 8.183194e-01 1.468e-03
0.900000 23.600000 8.1247618422e-01 -6.3581153317e-02 8.149602e-01 1.471e-03
0.900000 23.650000 8.1112529705e-01 -5.5742949098e-02 8.130385e-01 1.474e-03
0.900000 23.700000 8.1058461493e-01 -4.9502451083e-02 8.120948e-01 1.477e-03
0.900000 23.750000 8.1041288079e-01 -4.4930959229e-02 8.116575e-01 1.481e-03
0.900000 23.800000 8.1017641317e-01 -4.2013628795e-02 8.112650e-01 1.484e-03
0.900000 23.850000 8.0946197596e-01 -4.0656395273e-02 8.104823e-01 1.487e-03
0.900000 23.900000 8.0788669063e-01 -4.0692994703e-02 8.089109e-01 1.490e-03
0.900000 23.950000 8.0510649287e-01 -4.1890995982e-02 8.061956e-01 1.493e-03
0.900000 24.000000 8.0082490987e-01 -4.3957058456e-02 8.020304e-01 1.496e-03
0.900000 24.050000 7.9480330602e-01 -4.6542822004e-02 7.961649e-01 1.499e-03
0.900000 24.100000 7.8687248727e-01 -4.9253366388e-02 7.884125e-01 1.502e-03
0.900000 24.150000 7.7694423951e-01 -5.1659810519e-02 7.786598e-01 1.505e-03
0.900000 24.200000 7.6502055536e-01 -5.3316553176e-02 7.668762e-01 1.509e-03
0.900000 24.250000 7.5119824668e-01 -5.3782354584e-02 7.531211e-01 1.512e-03
0.900000 24.300000 7.3566725581e-01 -5.2643395291e-02 7.375484e-01 1.515e-03
0.900000 24.350000 7.1870195047e-01 -4.9535877307e-02 7.204070e-01 1.518e-03
0.900000 24.400000 7.0064570152e-01 -4.4165643275e-02 7.020363e-01 1.521e-03
0.900000 24.450000 6.8188994224e-01 -3.6322541054e-02 6.828567e-01 1.524e-03
0.900000 24.500000 6.6284967907e-01 -2.5887753700e-02 6.633550e-01 1.527e-03
0.900000 24.550000 6.4393806274e-01 -1.2833063674e-02 6.440659e-01 1.530e-03
0.900000 24.600000 6.2554301133e-01 2.7879265490e-03 6.255492e-01 1.533e-03
0.900000 24.650000 6.0800877286e-01 2.0855316735e-02 6.083663e-01 1.536e-03
0.900000 24.700000 5.9162454264e-01 4.1202668250e-02 5.930576e-01 1.540e-03
0.900000 24.750000 5.7662088100e-01 6.3637798162e-02 5.801219e-01 1.543e-03
0.900000 24.800000 5.6317310027e-01 8.7961554007e-02 5.700010e-01 1.546e-03
0.900000 24.850000 5.5140958282e-01 1.1398250753e-01 5.630671e-01 1.549e-03
0.900000 24.900000 5.4142261865e-01 1.4152693431e-01 5.596144e-01 1.552e-03
0.900000 24.950000 5.3327988794e-01 1.7044467209e-01 5.598561e-01 1.555e-03
0.900000 25.000000 5.2703577935e-01 2.0061194007e-01 5.639254e-01 1.558e-03
0.900000 25.050000 5.2274268251e-01 2.3193182708e-01 5.718849e-01 1.561e-03
0.900000 25.100000 5.2046267142e-01 2.6433226869e-01 5.837405e-01 1.564e-03
0.900000 25.150000 5.2027945416e-01 2.9776056218e-01 5.994598e-01 1.568e-03
0.900000 25.200000 5.2230942871e-01 3.3217335919e-01 6.189881e-01 1.571e-03
0.900000 25.250000 5.2670975408e-01 3.6752179322e-01 6.422581e-01 1.574e-03
0.900000 25.300000 5.3368105092e-01 4.0373265879e-01 6.691902e-01 1.577e-03
0.900000 25.350000 5.4346287013e-01 4.4068782141e-01 6.996840e-01 1.580e-03
0.900000 25.400000 5.5632120352e-01 4.7820481745e-01 7.336028e-01 1.583e-03
0.900000 25.450000 5.7252863192e-01 5.1602170611e-01 7.707577e-01 1.586e-03
0.900000 25.500000 5.9233883881e-01 5.5378877609e-01 8.108929e-01 1.589e-03
0.900000 25.550000 6.1595801195e-01 5.9106894342e-01 8.536784e-01 1.592e-03
0.900000 25.600000 6.4351615912e-01 6.2734778966e-01 8.987092e-01 1.595e-03
0.900000 25.650000 6.7504166002e-01 6.6205319817e-01 9.455134e-01 1.599e-03
0.900000 25.700000 7.1044241719e-01 6.9458338191e-01 9.935666e-01 1.602e-03
0.900000 25.750000 7.4949655997e-01 7.2434078605e-01 1.042312e+00 1.605e-03
0.900000 25.800000 7.9185460838e-01 7.5076814092e-01 1.091186e+00 1.608e-03
0.900000 25.850000 8.3705334172e-01 7.7338224911e-01 1.139640e+00 1.611e-03
0.900000 25.900000 8.8453968274e-01 7.9180128409e-01 1.187165e+00 1.614e-03
0.900000 25.950000 9.3370126436e-01 8.0576253155e-01 1.233309e+00 1.617e-03
0.900000 26.000000 9.8389950577e-01 8.1512930666e-01 1.277691e+00 1.620e-03
0.900000 26.050000 1.0345011944e+00 8.1988765079e-01 1.320003e+00 1.623e-03
0.900000 26.100000 1.0849055412e+00 8.2013479212e-01 1.360015e+00 1.627e-03
0.900000 26.150000 1.1345649702e+00 8.1606197471e-01 1.397567e+00 1.630e-03
0.900000 26.200000 1.1829990343e+00 8.0793422518e-01 1.432566e+00 1.633e-03
0.900000 26.250000 1.2298016001e+00 7.9606927698e-01 1.464970e+00 1.636e-03
0.900000 26.300000 1.2746418810e+00 7.8081752953e-01 1.494787e+00 1.639e-03
0.900000 26.350000 1.3172602669e+00 7.6254467658e-01 1.522054e+00 1.642e-03
0.900000 26.400000 1.3574603581e+00 7.4161835132e-01 1.546834e+00 1.645e-03
0.900000 26.450000 1.3950990859e+00 7.1839959493e-01 1.569203e+00 1.648e-03
0.900000 26.500000 1.4300770323e+00 6.9323910348e-01 1.589245e+00 1.651e-03
0.900000 26.550000 1.4623308087e+00 6.6647724823e-01 1.607048e+00 1.654e-03
0.900000 26.600000 1.4918285808e+00 6.3844615888e-01 1.622703e+00 1.658e-03
0.900000 26.650000 1.5185688088e+00 6.0947200749e-01 1.636309e+00 1.661e-03
0.900000 26.700000 1.5425814180e+00 5.7987605966e-01 1.647973e+00 1.664e-03
0.900000 26.750000 1.5639302308e+00 5.4997380248e-01 1.657815e+00 1.667e-03
0.900000 26.800000 1.5827156146e+00 5.2007211870e-01 1.665972e+00 1.670e-03
0.900000 26.850000 1.5990766673e+00 4.9046478257e-01 1.672603e+00 1.673e-03
0.900000 26.900000 1.6131925331e+00 4.6142652046e-01 1.677887e+00 1.676e-03
0.900000 26.950000 1.6252824341e+00 4.3320576745e-01 1.682026e+00 1.679e-03
0.900000 27.000000 1.6356038099e+00 4.0601634956e-01 1.685245e+00 1.682e-03
0.900000 27.050000 1.6444478807e+00 3.8002871581e-01 1.687789e+00 1.686e-03
0.900000 27.100000 1.6521322430e+00 3.5536183414e-01 1.689918e+00 1.689e-03
0.900000 27.150000 1.6589907815e+00 3.3207709383e-01 1.691900e+00 1.692e-03
0.900000 27.200000 1.6653619296e+00 3.1017527053e-01 1.694001e+00 1.695e-03
0.900000 27.250000 1.6715767303e+00 2.8959686467e-01 1.696477e+00 1.698e-03
0.900000 27.300000 1.6779479771e+00 2.7022528071e-01 1.699568e+00 1.701e-03
0.900000 27.350000 1.6847610461e+00 2.5189182890e-01 1.703487e+00 1.704e-03
0.900000 27.400000 1.6922662734e+00 2.3438165162e-01 1.708420e+00 1.707e-03
0.900000 27.450000 1.7006723570e+00 2.1744027156e-01 1.714516e+00 1.710e-03
0.900000 27.500000 1.7101404985e+00 2.0078108705e-01 1.721887e+00 1.714e-03
0.900000 27.550000 1.7207796738e+00 1.8409431941e-01 1.730599e+00 1.717e-03
0.900000 27.600000 1.7326440484e+00 1.6705744290e-01 1.740679e+00 1.720e-03
0.900000 27.650000 1.7457336439e+00 1.4934620975e-01 1.752110e+00 1.723e-03
0.900000 27.700000 1.7599986986e+00 1.3064453769e-01 1.764841e+00 1.726e-03
0.900000 27.750000 1.7753469749e+00 1.1065128038e-01 1.778792e+00 1.729e-03
0.900000 27.800000 1.7916520646e+00 8.9082493277e-02 1.793865e+00 1.732e-03
0.900000 27.850000 1.8087600661e+00 6.5669075380e-02 1.809952e+00 1.735e-03
0.900000 27.900000 1.8264921679e+00 4.0151157418e-02 1.826933e+00 1.738e-03
0.900000 27.950000 1.8446416049e+00 1.2271818731e-02 1.844682e+00 1.741e-03
0.900000 28.000000 1.8629648836e+00 -1.8226683483e-02 1.863054e+00 1.745e-03
0.900000 28.050000 1.8811687331e+00 -5.1601098352e-02 1.881876e+00 1.748e-03
0.900000 28.100000 1.8988956604e+00 -8.8097478078e-02 1.900938e+00 1.751e-03
0.900000 28.150000 1.9157120667e+00 -1.2793264557e-01 1.919979e+00 1.754e-03
0.900000 28.200000 1.9311033842e+00 -1.7126775546e-01 1.938683e+00 1.757e-03
0.900000 28.250000 1.9444803574e+00 -2.1817706150e-01 1.956682e+00 1.760e-03
0.900000 28.300000 1.9551991198e+00 -2.6861711503e-01 1.973565e+00 1.763e-03
0.900000 28.350000 1.9625951022e+00 -3.2240300743e-01 1.988900e+00 1.766e-03
0.900000 28.400000 1.9660274357e+00 -3.7919823448e-01 2.002263e+00 1.769e-03
0.900000 28.450000 1.9649272529e+00 -4.3852288713e-01 2.013266e+00 1.773e-03
0.900000 28.500000 1.9588412194e+00 -4.9978133185e-01 2.021594e+00 1.776e-03
0.900000 28.550000 1.9474616004e+00 -5.6230616400e-01 2.027016e+00 1.779e-03
0.900000 28.600000 1.9306364251e+00 -6.2541124369e-01 2.029408e+00 1.782e-03
0.900000 28.650000 1.9083573304e+00 -6.8844424496e-01 2.028739e+00 1.785e-03
0.900000 28.700000 1.8807273282e+00 -7.5082904212e-01 2.025063e+00 1.788e-03
0.900000 28.750000 1.8479148005e+00 -8.1209035961e-01 2.018485e+00 1.791e-03
0.900000 28.800000 1.8101025449e+00 -8.7185672769e-01 2.009131e+00 1.794e-03
0.900000 28.850000 1.7674412745e+00 -9.2984192745e-01 1.997112e+00 1.797e-03
0.900000 28.900000 1.7200158007e+00 -9.8580887172e-01 1.982492e+00 1.800e-03
0.900000 28.950000 1.6678296617e+00 -1.0395226515e+00 1.965264e+00 1.804e-03
0.900000 29.000000 1.6108107508e+00 -1.0907009952e+00 1.945338e+00 1.807e-03
0.900000 29.050000 1.5488370729e+00 -1.1389705505e+00 1.922537e+00 1.810e-03
0.900000 29.100000 1.4817785726e+00 -1.1838362320e+00 1.896612e+00 1.813e-03
0.900000 29.150000 1.4095485524e+00 -1.2246685322e+00 1.867255e+00 1.816e-03
0.900000 29.200000 1.3321570038e+00 -1.2607105567e+00 1.834130e+00 1.819e-03
0.900000 29.250000 1.2497585001e+00 -1.2911032549e+00 1.796898e+00 1.822e-03
0.900000 29.300000 1.1626890604e+00 -1.3149246706e+00 1.755242e+00 1.825e-03
0.900000 29.350000 1.0714890389e+00 -1.3312376717e+00 1.708883e+00 1.828e-03
0.900000 29.400000 9.7691176792e-01 -1.3391407603e+00 1.657605e+00 1.832e-03
0.900000 29.450000 8.7991960579e-01 -1.3378178709e+00 1.601254e+00 1.835e-03
0.900000 29.500000 7.8166978849e-01 -1.3265848345e+00 1.539752e+00 1.838e-03
0.900000 29.550000 6.8349219679e-01 -1.3049316633e+00 1.473095e+00 1.841e-03
0.900000 29.600000 5.8686033614e-01 -1.2725605815e+00 1.401362e+00 1.844e-03
0.900000 29.650000 4.9335602796e-01 -1.2294198352e+00 1.324716e+00 1.847e-03
0.900000 29.700000 4.0462778834e-01 -1.1757330653e+00 1.243411e+00 1.850e-03
0.900000 29.750000 3.2234253512e-01 -1.1120237096e+00 1.157800e+00 1.853e-03
0.900000 29.800000 2.4812990267e-01 -1.0391334521e+00 1.068348e+00 1.856e-03
0.900000 29.850000 1.8351807461e-01 -9.5823286440e-01 9.756480e-01 1.859e-03
0.900000 29.900000 1.2986012177e-01 -8.7082081381e-01 8.804502e-01 1.863e-03
0.900000 29.950000 8.8251098300e-02 -7.7870717445e-01 7.836920e-01 1.866e-03
0.900000 30.000000 5.9439152367e-02 -6.8397177876e-01 6.865496e-01 1.869e-03
0.900000 30.050000 4.3738454104e-02 -5.8889272257e-01 5.905148e-01 1.872e-03
0.900000 30.100000 4.0956623016e-02 -4.9584024456e-01 4.975289e-01 1.875e-03
0.900000 30.150000 5.0352590051e-02 -4.0713866049e-01 4.102405e-01 1.878e-03
0.900000 30.200000 7.0640486042e-02 -3.2490712345e-01 3.324977e-01 1.881e-03
0.900000 30.250000 1.0005014448e-01 -2.5089800758e-01 2.701108e-01 1.884e-03
0.900000 30.300000 1.3644561777e-01 -1.8635675772e-01 2.309681e-01 1.887e-03
0.900000 30.350000 1.7749177697e-01 -1.3192700327e-01 2.211517e-01 1.891e-03
0.900000 30.400000 2.2084858708e-01 -8.7618950760e-02 2.375946e-01 1.894e-03
0.900000 30.450000 2.6436595014e-01 -5.2848655272e-02 2.695966e-01 1.897e-03
0.900000 30.500000 3.0625096499e-01 -2.6543242708e-02 3.073991e-01 1.900e-03
0.900000 30.550000 3.4518433026e-01 -7.2955955520e-03 3.452614e-01 1.903e-03
0.900000 30.600000 3.8037208164e-01 6.4558800894e-03 3.804269e-01 1.906e-03
0.900000 30.650000 4.1153048979e-01 1.6249452343e-02 4.118512e-01 1.909e-03
0.900000 30.700000 4.3881302985e-01 2.3448563578e-02 4.394391e-01 1.912e-03
0.900000 30.750000 4.6269657672e-01 2.9134030269e-02 4.636129e-01 1.915e-03
0.900000 30.800000 4.8384803060e-01 3.4048137317e-02 4.850445e-01 1.919e-03
0.900000 30.850000 5.0299221271e-01 3.8589560409e-02 5.044703e-01 1.922e-03
0.900000 30.900000 5.2079788916e-01 4.2850621423e-02 5.225578e-01 1.925e-03
0.900000 30.950000 5.3779267074e-01 4.6683957190e-02 5.398151e-01 1.928e-03
0.900000 31.000000 5.5431101171e-01 4.9784528237e-02 5.565422e-01 1.931e-03
0.900000 31.050000 5.7047406414e-01 5.1774439099e-02 5.728187e-01 1.934e-03
0.900000 31.100000 5.8619659854e-01 5.2281165717e-02 5.885234e-01 1.937e-03
0.900000 31.150000 6.0121469294e-01 5.1003250873e-02 6.033742e-01 1.940e-03
0.900000 31.200000 6.1512791646e-01 4.7760397067e-02 6.169793e-01 1.943e-03
0.900000 31.250000 6.2745049281e-01 4.2526765847e-02 6.288900e-01 1.946e-03
0.900000 31.300000 6.3766672544e-01 3.5447327216e-02 6.386512e-01 1.950e-03
0.900000 31.350000 6.4528646473e-01 2.6837732621e-02 6.458443e-01 1.953e-03
0.900000 31.400000 6.4989665930e-01 1.7168825144e-02 6.501234e-01 1.956e-03
0.900000 31.450000 6.5120533874e-01 7.0377101975e-03 6.512434e-01 1.959e-03
0.900000 31.500000 6.4907496138e-01 -2.8718315432e-03 6.490813e-01 1.962e-03
0.900000 31.550000 6.4354295403e-01 -1.1836143405e-02 6.436518e-01 1.965e-03
0.900000 31.600000 6.3482829805e-01 -1.9141944566e-02 6.351168e-01 1.968e-03
0.900000 31.650000 6.2332396698e-01 -2.4136268609e-02 6.237911e-01 1.971e-03
0.900000 31.700000 6.0957582242e-01 -2.6272448686e-02 6.101417e-01 1.974e-03
0.900000 31.750000 5.9424934343e-01 -2.5148636308e-02 5.947813e-01 1.978e-03
0.900000 31.800000 5.7808648639e-01 -2.0535534557e-02 5.784511e-01 1.981e-03
0.900000 31.850000 5.6185609537e-01 -1.2390543346e-02 5.619927e-01 1.984e-03
0.900000 31.900000 5.4630238772e-01 -8.5662488951e-04 5.463031e-01 1.987e-03
0.900000 31.950000 5.3209668316e-01 1.3754052295e-02 5.322744e-01 1.990e-03
0.900000 32.000000 5.1979729649e-01 3.0989554204e-02 5.207203e-01 1.993e-03
0.900000 32.050000 5.0982123007e-01 5.0296750243e-02 5.122963e-01 1.996e-03
0.900000 32.100000 5.0242926431e-01 7.1064082835e-02 5.074301e-01 1.999e-03
0.900000 32.150000 4.9772386901e-01 9.2663781497e-02 5.062762e-01 2.002e-03
0.900000 32.200000 4.9565770980e-01 1.1448991747e-01 5.087087e-01 2.005e-03
0.900000 32.250000 4.9604979948e-01 1.3599030406e-01 5.143528e-01 2.009e-03
0.900000 32.300000 4.9860652023e-01 1.5669170203e-01 5.226478e-01 2.012e-03
0.900000 32.350000 5.0294544888e-01 1.7621868587e-01 5.329232e-01 2.015e-03
0.900000 32.400000 5.0862068929e-01 1.9430681286e-01 5.444724e-01 2.018e-03
0.900000 32.450000 5.1514894446e-01 2.1081063794e-01 5.566144e-01 2.021e-03
0.900000 32.500000 5.2203580207e-01 2.2570692121e-01 5.687398e-01 2.024e-03
0.900000 32.550000 5.2880179250e-01 2.3909323565e-01 5.803421e-01 2.027e-03
0.900000 32.600000 5.3500783580e-01 2.5118207477e-01 5.910379e-01 2.030e-03
0.900000 32.650000 5.4027971019e-01 2.6229038481e-01 6.005817e-01 2.033e-03
0.900000 32.700000 5.4433101408e-01 2.7282420246e-01 6.088754e-01 2.037e-03
0.900000 32.750000 5.4698364826e-01 2.8325793714e-01 6.159758e-01 2.040e-03
0.900000 32.800000 5.4818419306e-01 2.9410806015e-01 6.220976e-01 2.043e-03
0.900000 32.850000 5.4801400078e-01 3.0590171244e-01 6.276107e-01 2.046e-03
0.900000 32.900000 5.4669075831e-01 3.1914191465e-01 6.330263e-01 2.049e-03
0.900000 32.950000 5.4455995056e-01 3.3427227325e-01 6.389707e-01 2.052e-03
0.900000 33.000000 5.4207600751e-01 3.5164483430e-01 6.461428e-01 2.055e-03
0.900000 33.050000 5.3977456633e-01 3.7149469072e-01 6.552594e-01 2.058e-03
0.900000 33.100000 5.3823870815e-01 3.9392407311e-01 6.669911e-01 2.061e-03
0.900000 33.150000 5.3806283483e-01 4.1889723561e-01 6.818992e-01 2.065e-03
0.900000 33.200000 5.3981791204e-01 4.4624592408e-01 7.003848e-01 2.068e-03
0.900000 33.250000 5.4402126715e-01 4.7568394076e-01 7.226578e-01 2.071e-03
0.900000 33.300000 5.5111325854e-01 5.0682845184e-01 7.487329e-01 2.074e-03
0.900000 33.350000 5.6144213183e-01 5.3922519741e-01 7.784479e-01 2.077e-03
0.900000 33.400000 5.7525732687e-01 5.7237459695e-01 8.115009e-01 2.080e-03
0.900000 33.450000 5.9271041936e-01 6.0575591155e-01 8.474939e-01 2.083e-03
0.900000 33.500000 6.1386186780e-01 6.3884721399e-01 8.859753e-01 2.086e-03
0.900000 33.550000 6.3869102449e-01 6.7113996091e-01 9.264745e-01 2.089e-03
0.900000 33.600000 6.6710674555e-01 7.0214828853e-01 9.685265e-01 2.092e-03
0.900000 33.650000 6.9895654654e-01 7.3141437665e-01 1.011685e+00 2.096e-03
0.900000 33.700000 7.3403343985e-01 7.5851188529e-01 1.055531e+00 2.099e-03
0.900000 33.750000 7.7208089357e-01 7.8304929095e-01 1.099670e+00 2.102e-03
0.900000 33.800000 8.1279720336e-01 8.0467404188e-01 1.143739e+00 2.105e-03
0.900000 33.850000 8.5584060583e-01 8.2307728897e-01 1.187400e+00 2.108e-03
0.900000 33.900000 9.0083573735e-01 8.3799813529e-01 1.230344e+00 2.111e-03
0.900000 33.950000 9.4738101044e-01 8.4922629129e-01 1.272288e+00 2.114e-03
0.900000 34.000000 9.9505574392e-01 8.5660269970e-01 1.312975e+00 2.117e-03
0.900000 34.050000 1.0434258465e+00 8.6001868064e-01 1.352172e+00 2.120e-03
0.900000 34.100000 1.0920475081e+00 8.5941487474e-01 1.389662e+00 2.124e-03
0.900000 34.150000 1.1404693079e+00 8.5478135383e-01 1.425244e+00 2.127e-03
0.900000 34.200000 1.1882338905e+00 8.4615974188e-01 1.458728e+00 2.130e-03
0.900000 34.250000 1.2348805808e+00 8.3364739255e-01 1.489932e+00 2.133e-03
0.900000 34.300000 1.2799500523e+00 8.1740302849e-01 1.518690e+00 2.136e-03
0.900000 34.350000 1.3229917333e+00 7.9765297022e-01 1.544849e+00 2.139e-03
0.900000 34.400000 1.3635743666e+00 7.7469705581e-01 1.568276e+00 2.142e-03
0.900000 34.450000 1.4013000854e+00 7.4891326706e-01 1.588872e+00 2.145e-03
0.900000 34.500000 1.4358222897e+00 7.2075971145e-01 1.606574e+00 2.148e-03
0.900000 34.550000 1.4668671605e+00 6.9077205030e-01 1.621378e+00 2.152e-03
0.900000 34.600000 1.4942576208e+00 6.5955411478e-01 1.633345e+00 2.155e-03
0.900000 34.650000 1.5179371803e+00 6.2775979390e-01 1.642625e+00 2.158e-03
0.900000 34.700000 1.5379899161e+00 5.9606553881e-01 1.649457e+00 2.161e-03
0.900000 34.750000 1.5546524924e+00 5.6513476961e-01 1.654183e+00 2.164e-03
0.900000 34.800000 1.5683149384e+00 5.3557745338e-01 1.657243e+00 2.167e-03
0.900000 34.850000 1.5795087218e+00 5.0790940358e-01 1.659162e+00 2.170e-03
0.900000 34.900000 1.5888828693e+00 4.8251596099e-01 1.660533e+00 2.173e-03
0.900000 34.950000 1.5971707232e+00 4.5962368426e-01 1.661989e+00 2.176e-03
0.900000 35.000000 1.6051508428e+00 4.3928198859e-01 1.664175e+00 2.179e-03
0.900000 35.050000 1.6136054586e+00 4.2135499707e-01 1.667712e+00 2.183e-03
0.900000 35.100000 1.6232790564e+00 4.0552274615e-01 1.673166e+00 2.186e-03
0.900000 35.150000 1.6348386376e+00 3.9129051037e-01 1.681013e+00 2.189e-03
0.900000 35.200000 1.6488363911e+00 3.7800524929e-01 1.691611e+00 2.192e-03
0.900000 35.250000 1.6656751628e+00 3.6487872261e-01 1.705172e+00 2.195e-03
0.900000 35.300000 1.6855772326e+00 3.5101736909e-01 1.721739e+00 2.198e-03
0.900000 35.350000 1.7085574027e+00 3.3545938799e-01 1.741178e+00 2.201e-03
0.900000 35.400000 1.7344021567e+00 3.1721945306e-01 1.763173e+00 2.204e-03
0.900000 35.450000 1.7626575005e+00 2.9534099663e-01 1.787229e+00 2.207e-03
0.900000 35.500000 1.7926288037e+00 2.6895491693e-01 1.812693e+00 2.211e-03
0.900000 35.550000 1.8233961523e+00 2.3734190704e-01 1.838778e+00 2.214e-03
0.900000 35.600000 1.8538480158e+00 1.9999364947e-01 1.864604e+00 2.217e-03
0.900000 35.650000 1.8827342048e+00 1.5666640976e-01 1.889241e+00 2.220e-03
0.900000 35.700000 1.9087363031e+00 1.0741976454e-01 1.911757e+00 2.223e-03
0.900000 35.750000 1.9305505738e+00 5.2633831716e-02 1.931268e+00 2.226e-03
0.900000 35.800000 1.9469755835e+00 -6.9994595083e-03 1.946988e+00 2.229e-03
0.900000 35.850000 1.9569952251e+00 -7.0512206563e-02 1.958265e+00 2.232e-03
0.900000 35.900000 1.9598478594e+00 -1.3672091555e-01 1.964611e+00 2.235e-03
0.900000 35.950000 1.9550738554e+00 -2.0430555612e-01 1.965720e+00 2.238e-03
0.900000 36.000000 1.9425364551e+00 -2.7189908038e-01 1.961473e+00 2.242e-03
0.900000 36.050000 1.9224140539e+00 -3.3817803903e-01 1.951932e+00 2.245e-03
0.900000 36.100000 1.8951652206e+00 -4.0194488886e-01 1.937321e+00 2.248e-03
0.900000 36.150000 1.8614708221e+00 -4.6219353067e-01 1.917993e+00 2.251e-03
0.900000 36.200000 1.8221602815e+00 -5.1815147721e-01 1.894399e+00 2.254e-03
0.900000 36.250000 1.7781310163e+00 -5.6929480602e-01 1.867042e+00 2.257e-03
0.900000 36.300000 1.7302710858e+00 -6.1533556481e-01 1.836430e+00 2.260e-03
0.900000 36.350000 1.6793945989e+00 -6.5618514808e-01 1.803038e+00 2.263e-03
0.900000 36.400000 1.6261973182e+00 -6.9190063625e-01 1.767270e+00 2.266e-03
0.900000 36.450000 1.5712364121e+00 -7.2262336752e-01 1.729442e+00 2.270e-03
0.900000 36.500000 1.5149341699e+00 -7.4851950992e-01 1.689765e+00 2.273e-03
0.900000 36.550000 1.4576017008e+00 -7.6973102885e-01 1.648359e+00 2.276e-03
0.900000 36.600000 1.3994760067e+00 -7.8634266866e-01 1.605263e+00 2.279e-03
0.900000 36.650000 1.3407628047e+00 -7.9836720485e-01 1.560460e+00 2.282e-03
0.900000 36.700000 1.2816779613e+00 -8.0574811254e-01 1.513912e+00 2.285e-03
0.900000 36.750000 1.2224819382e+00 -8.0837649609e-01 1.465583e+00 2.288e-03
0.900000 36.800000 1.1635036607e+00 -8.0611781980e-01 1.415474e+00 2.291e-03
0.900000 36.850000 1.1051522694e+00 -7.9884357726e-01 1.363639e+00 2.294e-03
0.900000 36.900000 1.0479170375e+00 -7.8646335262e-01 1.310212e+00 2.298e-03
0.900000 36.950000 9.9235718694e-01 -7.6895360295e-01 1.255413e+00 2.301e-03
0.900000 37.000000 9.3908424527e-01 -7.4638078058e-01 1.199568e+00 2.304e-03
0.900000 37.050000 8.8873980917e-01 -7.1891788729e-01 1.143110e+00 2.307e-03
0.900000 37.100000 8.4197103630e-01 -6.8685482895e-01 1.086593e+00 2.310e-03
0.900000 37.150000 7.9940509046e-01 -6.5060359034e-01 1.030696e+00 2.313e-03
0.900000 37.200000 7.6162259381e-01 -6.1069900425e-01 9.762286e-01 2.316e-03
0.900000 37.250000 7.2912952534e-01 -5.6779485877e-01 9.241325e-01 2.319e-03
0.900000 37.300000 7.0232739794e-01 -5.2265380856e-01 8.754603e-01 2.322e-03
0.900000 37.350000 6.8148294792e-01 -4.7612879676e-01 8.313349e-01 2.325e-03
0.900000 37.400000 6.6670044668e-01 -4.2913408044e-01 7.928717e-01 2.329e-03
0.900000 37.450000 6.5790123788e-01 -3.8260563235e-01 7.610658e-01 2.332e-03
0.900000 37.500000 6.5481542865e-01 -3.3745321780e-01 7.366532e-01 2.335e-03
0.900000 37.550000 6.5698947852e-01 -2.9450896319e-01 7.199797e-01 2.338e-03
0.900000 37.600000 6.6381098895e-01 -2.5447886377e-01 7.109181e-01 2.341e-03
0.900000 37.650000 6.7454900477e-01 -2.1790389358e-01 7.088713e-01 2.344e-03
0.900000 37.700000 6.8840541721e-01 -1.8513616781e-01 7.128656e-01 2.347e-03
0.900000 37.750000 7.0457121346e-01 -1.5633337509e-01 7.217068e-01 2.350e-03
0.900000 37.800000 7.2228059606e-01 -1.3147201090e-01 7.341486e-01 2.353e-03
0.900000 37.850000 7.4085634604e-01 -1.1037729049e-01 7.490336e-01 2.357e-03
0.900000 37.900000 7.5974105818e-01 -9.2765315779e-02 7.653835e-01 2.360e-03
0.900000 37.950000 7.7851087830e-01 -7.8291335448e-02 7.824377e-01 2.363e-03
0.900000 38.000000 7.9687096415e-01 -6.6597006890e-02 7.996490e-01 2.366e-03
0.900000 38.050000 8.1463479761e-01 -5.7349719652e-02 8.166510e-01 2.369e-03
0.900000 38.100000 8.3169220653e-01 -5.0268459817e-02 8.332100e-01 2.372e-03
0.900000 38.150000 8.4797286481e-01 -4.5133285388e-02 8.491731e-01 2.375e-03
0.900000 38.200000 8.6341255659e-01 -4.1778744668e-02 8.644228e-01 2.378e-03
0.900000 38.250000 8.7792839516e-01 -4.0074693009e-02 8.788426e-01 2.381e-03
0.900000 38.300000 8.9140677722e-01 -3.9900114886e-02 8.922993e-01 2.385e-03
0.900000 38.350000 9.0370486031e-01 -4.1116223705e-02 9.046397e-01 2.388e-03
0.900000 38.400000 9.1466364642e-01 -4.3544301268e-02 9.156996e-01 2.391e-03
0.900000 38.450000 9.2412899176e-01 -4.6951941071e-02 9.253210e-01 2.394e-03
0.900000 38.500000 9.3197625102e-01 -5.1049276085e-02 9.333733e-01 2.397e-03
0.900000 38.550000 9.3813458970e-01 -5.5494991865e-02 9.397745e-01 2.400e-03
0.900000 38.600000 9.4260783319e-01 -5.9910725496e-02 9.445098e-01 2.403e-03
0.900000 38.650000 9.4548968795e-01 -6.3901800800e-02 9.476467e-01 2.406e-03
0.900000 38.700000 9.4697207982e-01 -6.7081984219e-02 9.493451e-01 2.409e-03
0.900000 38.750000 9.4734618042e-01 -6.9099940683e-02 9.498629e-01 2.412e-03
0.900000 38.800000 9.4699642553e-01 -6.9665308154e-02 9.495554e-01 2.416e-03
0.900000 38.850000 9.4638837614e-01 -6.8572804220e-02 9.488694e-01 2.419e-03
0.900000 38.900000 9.4605147368e-01 -6.5723436280e-02 9.483317e-01 2.422e-03
0.900000 38.950000 9.4655750769e-01 -6.1142463113e-02 9.485302e-01 2.425e-03
0.900000 39.000000 9.4849507076e-01 -5.4993948641e-02 9.500880e-01 2.428e-03
0.900000 39.050000 9.5243976431e-01 -4.7591395416e-02 9.536280e-01 2.431e-03
0.900000 39.100000 9.5891985050e-01 -3.9403174035e-02 9.597291e-01 2.434e-03
0.900000 39.150000 9.6837764996e-01 -3.1050681479e-02 9.688753e-01 2.437e-03
0.900000 39.200000 9.8112815393e-01 -2.3296852638e-02 9.814047e-01 2.440e-03
0.900000 39.250000 9.9731762566e-01 -1.7023110878e-02 9.974629e-01 2.444e-03
0.900000 39.300000 1.0168858916e+00 -1.3194007790e-02 1.016971e+00 2.447e-03
0.900000 39.350000 1.0395362371e+00 -1.2810278444e-02 1.039615e+00 2.450e-03
0.900000 39.400000 1.0647163484e+00 -1.6852343734e-02 1.064850e+00 2.453e-03
0.900000 39.450000 1.0916129054e+00 -2.6217126969e-02 1.091928e+00 2.456e-03
0.900000 39.500000 1.1191616183e+00 -4.1651446936e-02 1.119936e+00 2.459e-03
0.900000 39.550000 1.1460739043e+00 -6.3685485334e-02 1.147842e+00 2.462e-03
0.900000 39.600000 1.1708809187e+00 -9.2570197821e-02 1.174535e+00 2.465e-03
0.900000 39.650000 1.1919949637e+00 -1.2822311778e-01 1.198872e+00 2.468e-03
0.900000 39.700000 1.2077871335e+00 -1.7018756429e-01 1.219719e+00 2.472e-03
0.900000 39.750000 1.2166784000e+00 -2.1761041562e-01 1.235986e+00 2.475e-03
0.900000 39.800000 1.2172394798e+00 -2.6924302638e-01 1.246661e+00 2.478e-03
0.900000 39.850000 1.2082931854e+00 -3.2346849412e-01 1.250841e+00 2.481e-03
0.900000 39.900000 1.1890119157e+00 -3.7835654616e-01 1.247759e+00 2.484e-03
0.900000 39.950000 1.1590025846e+00 -4.3174517082e-01 1.236807e+00 2.487e-03
0.900000 40.000000 1.1183715309e+00 -4.8134602319e-01 1.217559e+00 2.490e-03
0.900000 40.050000 1.0677626210e+00 -5.2486866485e-01 1.189792e+00 2.493e-03
0.900000 40.100000 1.0083628169e+00 -5.6015678098e-01 1.153504e+00 2.496e-03
0.900000 40.150000 9.4187107588e-01 -5.8532763673e-01 1.108932e+00 2.499e-03
0.900000 40.200000 8.7042877757e-01 -5.9890437137e-01 1.056566e+00 2.503e-03
0.900000 40.250000 7.9651303207e-01 -5.9992969017e-01 9.971703e-01 2.506e-03
0.900000 40.300000 7.2279797186e-01 -5.8804957383e-01 9.317935e-01 2.509e-03
0.900000 40.350000 6.5199298426e-01 -5.6355710460e-01 8.617955e-01 2.512e-03
0.900000 40.400000 5.8667016014e-01 -5.2738941678e-01 7.888735e-01 2.515e-03
0.900000 40.450000 5.2909548119e-01 -4.8107482799e-01 7.151049e-01 2.518e-03
0.900000 40.500000 4.8107910665e-01 -4.2663194117e-01 6.430023e-01 2.521e-03
0.900000 40.550000 4.4385941253e-01 -3.6642745845e-01 5.755695e-01 2.524e-03
0.900000 40.600000 4.1803313210e-01 -3.0300418284e-01 5.162976e-01 2.527e-03
0.900000 40.650000 4.0354002882e-01 -2.3889473133e-01 4.689512e-01 2.531e-03
0.900000 40.700000 3.9970509169e-01 -1.7643923491e-01 4.369153e-01 2.534e-03
0.900000 40.750000 4.0533466737e-01 -1.1762603754e-01 4.220570e-01 2.537e-03
0.900000 40.800000 4.1885607114e-01 -6.3972506163e-02 4.237132e-01 2.540e-03
0.900000 40.850000 4.3848429499e-01 -1.6458352258e-02 4.387931e-01 2.543e-03
0.900000 40.900000 4.6239579369e-01 2.4483122095e-02 4.630435e-01 2.546e-03
0.900000 40.950000 4.8888893044e-01 5.8918441508e-02 4.924264e-01 2.549e-03
0.900000 41.000000 5.1651366243e-01 8.7321986454e-02 5.238430e-01 2.552e-03
0.900000 41.050000 5.4415869014e-01 1.1045379663e-01 5.552555e-01 2.555e-03
0.900000 41.100000 5.7109118248e-01 1.2922452834e-01 5.855289e-01 2.559e-03
0.900000 41.150000 5.9695078892e-01 1.4456419488e-01 6.142060e-01 2.562e-03
0.900000 41.200000 6.2170481101e-01 1.5730835314e-01 6.412977e-01 2.565e-03
0.900000 41.250000 6.4557463642e-01 1.6811128226e-01 6.671042e-01 2.568e-03
0.900000 41.300000 6.6894494285e-01 1.7739136380e-01 6.920658e-01 2.571e-03
0.900000 41.350000 6.9226716017e-01 1.8530987767e-01 7.166405e-01 2.574e-03
0.900000 41.400000 7.1596762977e-01 1.9178099632e-01 7.412082e-01 2.577e-03
0.900000 41.450000 7.4036905693e-01 1.9650797313e-01 7.660037e-01 2.580e-03
0.900000 41.500000 7.6563135911e-01 1.9903851284e-01 7.910801e-01 2.583e-03
0.900000 41.550000 7.9171509167e-01 1.9883129333e-01 8.163006e-01 2.586e-03
0.900000 41.600000 8.1836767803e-01 1.9532573107e-01 8.413547e-01 2.590e-03
0.900000 41.650000 8.4513019104e-01 1.8800827079e-01 8.657899e-01 2.593e-03
0.900000 41.700000 8.7136084293e-01 1.7647036250e-01 8.890509e-01 2.596e-03
0.900000 41.750000 8.9627077796e-01 1.6045532191e-01 9.105203e-01 2.599e-03
0.900000 41.800000 9.1896802950e-01 1.3989296478e-01 9.295549e-01 2.602e-03
0.900000 41.850000 9.3850620835e-01 1.1492202054e-01 9.455162e-01 2.605e-03
0.900000 41.900000 9.5393526306e-01 8.5900907272e-02 9.577951e-01 2.608e-03
0.900000 41.950000 9.6435230952e-01 5.3407677597e-02 9.658301e-01 2.611e-03
0.900000 42.000000 9.6895105802e-01 1.8229972694e-02 9.691225e-01 2.614e-03
0.900000 42.050000 9.6706880112e-01 -1.8654334947e-02 9.672487e-01 2.618e-03
0.900000 42.100000 9.5823018011e-01 -5.6105520930e-02 9.598713e-01 2.621e-03
0.900000 42.150000 9.4218680715e-01 -9.2859690505e-02 9.467518e-01 2.624e-03
0.900000 42.200000 9.1895109297e-01 -1.2757649918e-01 9.277644e-01 2.627e-03
0.900000 42.250000 8.8882137268e-01 -1.5889752427e-01 9.029130e-01 2.630e-03
0.900000 42.300000 8.5239406949e-01 -1.8551478269e-01 8.723482e-01 2.633e-03
0.900000 42.350000 8.1055789898e-01 -2.0624672667e-01 8.363862e-01 2.636e-03
0.900000 42.400000 7.6446567623e-01 -2.2011629299e-01 7.955243e-01 2.639e-03
0.900000 42.450000 7.1548143970e-01 -2.2642308772e-01 7.504539e-01 2.642e-03
0.900000 42.500000 6.6510405655e-01 -2.2480047748e-01 7.020674e-01 2.645e-03
0.900000 42.550000 6.1487243187e-01 -2.1524882172e-01 6.514600e-01 2.649e-03
0.900000 42.600000 5.6626092906e-01 -1.9813835278e-01 5.999252e-01 2.652e-03
0.900000 42.650000 5.2057583193e-01 -1.7417880376e-01 5.489421e-01 2.655e-03
0.900000 42.700000 4.7886427067e-01 -1.4435704979e-01 5.001499e-01 2.658e-03
0.900000 42.750000 4.4184603499e-01 -1.0984805252e-01 4.552961e-01 2.661e-03
0.900000 42.800000 4.0987638105e-01 -7.1907780166e-02 4.161362e-01 2.664e-03
0.900000 42.850000 3.8294461744e-01 -3.1759202708e-02 3.842593e-01 2.667e-03
0.900000 42.900000 3.6070922232e-01 9.5163119206e-03 3.608347e-01 2.670e-03
0.900000 42.950000 3.4256585857e-01 5.1070108091e-02 3.463517e-01 2.673e-03
0.900000 43.000000 3.2774046101e-01 9.2349655134e-02 3.405030e-01 2.677e-03
0.900000 43.050000 3.1539629702e-01 1.3312754115e-01 3.423416e-01 2.680e-03
0.900000 43.100000 3.0474226810e-01 1.7349392404e-01 3.506679e-01 2.683e-03
0.900000 43.150000 2.9513013203e-01 2.1381515446e-01 3.644430e-01 2.686e-03
0.900000 43.200000 2.8613064347e-01 2.5466535986e-01 3.830472e-01 2.689e-03
0.900000 43.250000 2.7758215842e-01 2.9674032965e-01 4.063332e-01 2.692e-03
0.900000 43.300000 2.6960908365e-01 3.4076384677e-01 4.345216e-01 2.695e-03
0.900000 43.350000 2.6261087150e-01 3.8739600556e-01 4.680172e-01 2.698e-03
0.900000 43.400000 2.5722470184e-01 4.3715168112e-01 5.072141e-01 2.701e-03
0.900000 43.450000 2.5426666592e-01 4.9033573512e-01 5.523411e-01 2.705e-03
0.900000 43.500000 2.5465752116e-01 5.4699997552e-01 6.033734e-01 2.708e-03
0.900000 43.550000 2.5934016874e-01 6.0692519331e-01 6.600118e-01 2.711e-03
0.900000 43.600000 2.6919684854e-01 6.6962952018e-01 7.217137e-01 2.714e-03
0.900000 43.650000 2.8497429924e-01 7.3440181341e-01 7.877540e-01 2.717e-03
0.900000 43.700000 3.0722442479e-01 8.0035605223e-01 8.572961e-01 2.720e-03
0.900000 43.750000 3.3626623097e-01 8.6650035706e-01 9.294611e-01 2.723e-03
0.900000 43.800000 3.7217221719e-01 9.3181273676e-01 1.003388e+00 2.726e-03
0.900000 43.850000 4.1477955435e-01 9.9531527011e-01 1.078283e+00 2.729e-03
0.900000 43.900000 4.6372375579e-01 1.0561390178e+00 1.153460e+00 2.732e-03
0.900000 43.950000 5.1849041570e-01 1.1135732139e+00 1.228364e+00 2.736e-03
0.900000 44.000000 5.7847893689e-01 1.1670939295e+00 1.302592e+00 2.739e-03
0.900000 44.050000 6.4307090029e-01 1.2163693762e+00 1.375898e+00 2.742e-03
0.900000 44.100000 7.1169490174e-01 1.2612414479e+00 1.448185e+00 2.745e-03
0.900000 44.150000 7.8387962135e-01 1.3016860131e+00 1.519491e+00 2.748e-03
0.900000 44.200000 8.5928803810e-01 1.3377575874e+00 1.589960e+00 2.751e-03
0.900000 44.250000 9.3772829567e-01 1.3695266539e+00 1.659800e+00 2.754e-03
0.900000 44.300000 1.0191404997e+00 1.3970192171e+00 1.729251e+00 2.757e-03
0.900000 44.350000 1.1035628637e+00 1.4201675604e+00 1.798535e+00 2.760e-03
0.900000 44.400000 1.1910840060e+00 1.4387786367e+00 1.867824e+00 2.764e-03
0.900000 44.450000 1.2817898816e+00 1.4525227185e+00 1.937216e+00 2.767e-03
0.900000 44.500000 1.3757134465e+00 1.4609410027e+00 2.006723e+00 2.770e-03
0.900000 44.550000 1.4727930298e+00 1.4634678955e+00 2.076260e+00 2.773e-03
0.900000 44.600000 1.5728424275e+00 1.4594623445e+00 2.145662e+00 2.776e-03
0.900000 44.650000 1.6755328996e+00 1.4482428525e+00 2.214682e+00 2.779e-03
0.900000 44.700000 1.7803852947e+00 1.4291221905e+00 2.283016e+00 2.782e-03
0.900000 44.750000 1.8867696808e+00 1.4014396314e+00 2.350305e+00 2.785e-03
0.900000 44.800000 1.9939099864e+00 1.3645901466e+00 2.416151e+00 2.788e-03
0.900000 44.850000 2.1008918995e+00 1.3180511197e+00 2.480122e+00 2.792e-03
0.900000 44.900000 2.2066732866e+00 1.2614076359e+00 2.541762e+00 2.795e-03
0.900000 44.950000 2.3100974002e+00 1.1943773389e+00 2.600594e+00 2.798e-03
0.900000 45.000000 2.4099099468e+00 1.1168352823e+00 2.656123e+00 2.801e-03
0.900000 45.050000 2.5047814605e+00 1.0288382706e+00 2.707848e+00 2.804e-03
0.900000 45.100000 2.5933362335e+00 9.3064711790e-01 2.755267e+00 2.807e-03
0.900000 45.150000 2.6741882367e+00 8.2274440254e-01 2.797890e+00 2.810e-03
0.900000 45.200000 2.7459832409e+00 7.0584498584e-01 2.835250e+00 2.813e-03
0.900000 45.250000 2.8074451003e+00 5.8089697778e-01 2.866913e+00 2.816e-03
0.900000 45.300000 2.8574233285e+00 4.4907182673e-01 2.892496e+00 2.819e-03
0.900000 45.350000 2.8949389314e+00 3.1174339978e-01 2.911676e+00 2.823e-03
0.900000 45.400000 2.9192258651e+00 1.7045684848e-01 2.924198e+00 2.826e-03
0.900000 45.450000 2.9297661002e+00 2.6888467582e-02 2.929889e+00 2.829e-03
0.900000 45.500000 2.9263166569e+00 -1.1720225418e-01 2.928663e+00 2.832e-03
0.900000 45.550000 2.9089269147e+00 -2.6002723726e-01 2.920526e+00 2.835e-03
0.900000 45.600000 2.8779441519e+00 -3.9982957367e-01 2.905585e+00 2.838e-03
0.900000 45.650000 2.8340050588e+00 -5.3494604151e-01 2.884051e+00 2.841e-03
0.900000 45.700000 2.7780113750e+00 -6.6386867734e-01 2.856233e+00 2.844e-03
0.900000 45.750000 2.7110890167e+00 -7.8530053051e-01 2.822534e+00 2.847e-03
0.900000 45.800000 2.6345319443e+00 -8.9820015862e-01 2.783437e+00 2.851e-03
0.900000 45.850000 2.5497341259e+00 -1.0018097585e+00 2.739483e+00 2.854e-03
0.900000 45.900000 2.4581148191e+00 -1.0956630258e+00 2.691246e+00 2.857e-03
0.900000 45.950000 2.3610437146e+00 -1.1795706486e+00 2.639302e+00 2.860e-03
0.900000 46.000000 2.2597731923e+00 -1.2535835077e+00 2.584192e+00 2.863e-03
0.900000 46.050000 2.1553850120e+00 -1.3179360507e+00 2.526389e+00 2.866e-03
0.900000 46.100000 2.0487581154e+00 -1.3729748704e+00 2.466266e+00 2.869e-03
0.900000 46.150000 1.9405625968e+00 -1.4190801001e+00 2.404074e+00 2.872e-03
0.900000 46.200000 1.8312820774e+00 -1.4565893846e+00 2.339925e+00 2.875e-03
0.900000 46.250000 1.7212627618e+00 -1.4857351880e+00 2.273797e+00 2.879e-03
0.900000 46.300000 1.6107829295e+00 -1.5066053394e+00 2.205557e+00 2.882e-03
0.900000 46.350000 1.5001325821e+00 -1.5191336886e+00 2.134986e+00 2.885e-03
0.900000 46.400000 1.3896906105e+00 -1.5231229044e+00 2.061830e+00 2.888e-03
0.900000 46.450000 1.2799869945e+00 -1.5182958865e+00 1.985847e+00 2.891e-03
0.900000 46.500000 1.1717402923e+00 -1.5043673753e+00 1.906855e+00 2.894e-03
0.900000 46.550000 1.0658652720e+00 -1.4811243653e+00 1.824773e+00 2.897e-03
0.900000 46.600000 9.6345073660e-01 -1.4485034376e+00 1.739655e+00 2.900e-03
0.900000 46.650000 8.6571207341e-01 -1.4066549171e+00 1.651707e+00 2.903e-03
0.900000 46.700000 7.7392596573e-01 -1.3559870103e+00 1.561301e+00 2.906e-03
0.900000 46.750000 6.8935576053e-01 -1.2971867688e+00 1.468981e+00 2.910e-03
0.900000 46.800000 6.1317548579e-01 -1.2312179903e+00 1.375457e+00 2.913e-03
0.900000 46.850000 5.4639899919e-01 -1.1592985264e+00 1.281610e+00 2.916e-03
0.900000 46.900000 4.8981880725e-01 -1.0828607758e+00 1.188491e+00 2.919e-03
0.900000 46.950000 4.4395719489e-01 -1.0034994748e+00 1.097319e+00 2.922e-03
0.900000 47.000000 4.0903081640e-01 -9.2291047082e-01 1.009490e+00 2.925e-03
0.900000 47.050000 3.8492909766e-01 -8.4282329350e-01 9.265644e-01 2.928e-03
0.900000 47.100000 3.7120680991e-01 -7.6492948012e-01 8.502421e-01 2.931e-03
0.900000 47.150000 3.6709185506e-01 -6.9080829291e-01 7.822867e-01 2.934e-03
0.900000 47.200000 3.7151015853e-01 -6.2185209536e-01 7.243755e-01 2.938e-03
0.900000 47.250000 3.8312985166e-01 -5.5919527051e-01 6.778553e-01 2.941e-03
0.900000 47.300000 4.0042593616e-01 -5.0365266425e-01 6.434337e-01 2.944e-03
0.900000 47.350000 4.2176407639e-01 -4.5567517547e-01 6.209064e-01 2.947e-03
0.900000 47.400000 4.4549846306e-01 -4.1533025765e-01 6.090715e-01 2.950e-03
0.900000 47.450000 4.7007487347e-01 -3.8231310643e-01 6.059156e-01 2.953e-03
0.900000 47.500000 4.9412742258e-01 -3.5599030014e-01 6.090082e-01 2.956e-03
0.900000 47.550000 5.1655708744e-01 -3.3547253526e-01 6.159327e-01 2.959e-03
0.900000 47.600000 5.3658221973e-01 -3.1970820907e-01 6.246069e-01 2.962e-03
0.900000 47.650000 5.5375544318e-01 -3.0758622606e-01 6.334464e-01 2.966e-03
0.900000 47.700000 5.6794648888e-01 -2.9803529489e-01 6.413955e-01 2.969e-03
0.900000 47.750000 5.7929544368e-01 -2.9010817866e-01 6.478780e-01 2.972e-03
0.900000 47.800000 5.8814464247e-01 -2.8304233393e-01 6.527075e-01 2.975e-03
0.900000 47.850000 5.9495955269e-01 -2.7629233753e-01 6.559835e-01 2.978e-03
0.900000 47.900000 6.0024941558e-01 -2.6953370582e-01 6.579877e-01 2.981e-03
0.900000 47.950000 6.0449728657e-01 -2.6264157043e-01 6.590884e-01 2.984e-03
0.900000 48.000000 6.0810671768e-01 -2.5565072724e-01 6.596598e-01 2.987e-03
0.900000 48.050000 6.1136900203e-01 -2.4870541747e-01 6.600200e-01 2.990e-03
0.900000 48.100000 6.1445117914e-01 -2.4200751021e-01 6.603922e-01 2.993e-03
0.900000 48.150000 6.1740159573e-01 -2.3577043878e-01 6.608876e-01 2.997e-03
0.900000 48.200000 6.2016750060e-01 -2.3018359892e-01 6.615075e-01 3.000e-03
0.900000 48.250000 6.2261846683e-01 -2.2538867205e-01 6.621584e-01 3.003e-03
0.900000 48.300000 6.2457043166e-01 -2.2146645046e-01 6.626731e-01 3.006e-03
0.900000 48.350000 6.2580729305e-01 -2.1843104690e-01 6.628325e-01 3.009e-03
0.900000 48.400000 6.2609939043e-01 -2.1622821772e-01 6.623859e-01 3.012e-03
0.900000 48.450000 6.2521991403e-01 -2.1473564768e-01 6.610683e-01 3.015e-03
0.900000 48.500000 6.2296081956e-01 -2.1376470275e-01 6.586164e-01 3.018e-03
0.900000 48.550000 6.1914922848e-01 -2.1306452678e-01 6.547841e-01 3.021e-03
0.900000 48.600000 6.1366408845e-01 -2.1232989678e-01 6.493594e-01 3.025e-03
0.900000 48.650000 6.0645171357e-01 -2.1121388687e-01 6.421799e-01 3.028e-03
0.900000 48.700000 5.9753819621e-01 -2.0934544209e-01 6.331488e-01 3.031e-03
0.900000 48.750000 5.8703671379e-01 -2.0635089062e-01 6.222482e-01 3.034e-03
0.900000 48.800000 5.7514829550e-01 -2.0187757550e-01 6.095491e-01 3.037e-03
0.900000 48.850000 5.6215542168e-01 -1.9561729857e-01 5.952183e-01 3.040e-03
0.900000 48.900000 5.4840872860e-01 -1.8732712741e-01 5.795201e-01 3.043e-03
0.900000 48.950000 5.3430800620e-01 -1.7684529590e-01 5.628137e-01 3.046e-03
0.900000 49.000000 5.2027953232e-01 -1.6410046558e-01 5.455454e-01 3.049e-03
0.900000 49.050000 5.0675241791e-01 -1.4911354861e-01 5.282356e-01 3.053e-03
0.900000 49.100000 4.9413679130e-01 -1.3199253358e-01 5.114618e-01 3.056e-03
0.900000 49.150000 4.8280612722e-01 -1.1292200681e-01 4.958358e-01 3.059e-03
0.900000 49.200000 4.7308486573e-01 -9.2149889644e-02 4.819760e-01 3.062e-03
0.900000 49.250000 4.6524101247e-01 -6.9973960265e-02 4.704738e-01 3.065e-03
0.900000 49.300000 4.5948220936e-01 -4.6729938629e-02 4.618523e-01 3.068e-03
0.900000 49.350000 4.5595328623e-01 -2.2781610588e-02 4.565221e-01 3.071e-03
0.900000 49.400000 4.5473370157e-01 1.4877794820e-03 4.547361e-01 3.074e-03
0.900000 49.450000 4.5583429062e-01 2.5684306057e-02 4.565573e-01 3.077e-03
0.900000 49.500000 4.5919383532e-01 4.9413630946e-02 4.618449e-01 3.080e-03
0.900000 49.550000 4.6467665436e-01 7.2293376514e-02 4.702667e-01 3.084e-03
0.900000 49.600000 4.7207247596e-01 9.3967366384e-02 4.813339e-01 3.087e-03
0.900000 49.650000 4.8109945349e-01 1.1412091773e-01 4.944495e-01 3.090e-03
0.900000 49.700000 4.9141067155e-01 1.3249621446e-01 5.089594e-01 3.093e-03
0.900000 49.750000 5.0260416986e-01 1.4890691016e-01 5.241986e-01 3.096e-03
0.900000 49.800000 5.1423643555e-01 1.6325121857e-01 5.395276e-01 3.099e-03
0.900000 49.850000 5.2583929638e-01 1.7552266516e-01 5.543601e-01 3.102e-03
0.900000 49.900000 5.3693994075e-01 1.8581746023e-01 5.681836e-01 3.105e-03
0.900000 49.950000 5.4708331442e-01 1.9433736371e-01 5.805749e-01 3.108e-03
0.900000 50.000000 5.5585556809e-01 2.0138717953e-01 5.912125e-01 3.112e-03
0.900000 50.050000 5.6290687570e-01 2.0736666017e-01 5.998876e-01 3.115e-03
0.900000 50.100000 5.6797205269e-01 2.1275736786e-01 6.065129e-01 3.118e-03
0.900000 50.150000 5.7088795028e-01 2.1810555857e-01 6.111326e-01 3.121e-03
0.900000 50.200000 5.7160728943e-01 2.2400218640e-01 6.139315e-01 3.124e-03
0.900000 50.250000 5.7020903479e-01 2.3106072256e-01 6.152458e-01 3.127e-03
0.900000 50.300000 5.6690537028e-01 2.3989296999e-01 6.155732e-01 3.130e-03
0.900000 50.350000 5.6204490880e-01 2.5108281521e-01 6.155786e-01 3.133e-03
0.900000 50.400000 5.5611128477e-01 2.6515808431e-01 6.160914e-01 3.136e-03
0.900000 50.450000 5.4971609956e-01 2.8256124037e-01 6.180847e-01 3.140e-03
0.900000 50.500000 5.4358545544e-01 3.0362023558e-01 6.226318e-01 3.143e-03
0.900000 50.550000 5.3853986274e-01 3.2852109954e-01 6.308338e-01 3.146e-03
0.900000 50.600000 5.3546780149e-01 3.5728373719e-01 6.437216e-01 3.149e-03
0.900000 50.650000 5.3529341176e-01 3.8974214658e-01 6.621465e-01 3.152e-03
0.900000 50.700000 5.3893870131e-01 4.2553018884e-01 6.866811e-01 3.155e-03
0.900000 50.750000 5.4728060501e-01 4.6407435018e-01 7.175521e-01 3.158e-03
0.900000 50.800000 5.6110359228e-01 5.0459550221e-01 7.546217e-01 3.161e-03
0.900000 50.850000 5.8104948541e-01 5.4612208273e-01 7.974132e-01 3.164e-03
0.900000 50.900000 6.0756754880e-01 5.8751691455e-01 8.451713e-01 3.167e-03
0.900000 50.950000 6.4086926301e-01 6.2751881305e-01 8.969355e-01 3.171e-03
0.900000 51.000000 6.8089297087e-01 6.6479832855e-01 9.516155e-01 3.174e-03
0.900000 51.050000 7.2728344607e-01 6.9802485686e-01 1.008057e+00 3.177e-03
0.900000 51.100000 7.7939038307e-01 7.2594043009e-01 1.065100e+00 3.180e-03
0.900000 51.150000 8.3628808809e-01 7.4743411923e-01 1.121622e+00 3.183e-03
0.900000 51.200000 8.9681656256e-01 7.6161026332e-01 1.176576e+00 3.186e-03
0.900000 51.250000 9.5964190751e-01 7.6784368314e-01 1.229023e+00 3.189e-03
0.900000 51.300000 1.0233316385e+00 7.6581567787e-01 1.278155e+00 3.192e-03
0.900000 51.350000 1.0864382364e+00 7.5552608939e-01 1.323317e+00 3.195e-03
0.900000 51.400000 1.1475824347e+00 7.3727920294e-01 1.364011e+00 3.199e-03
0.900000 51.450000 1.2055269332e+00 7.1164464848e-01 1.399905e+00 3.202e-03
0.900000 51.500000 1.2592320011e+00 6.7939826863e-01 1.430820e+00 3.205e-03
0.900000 51.550000 1.3078870166e+00 6.4145122930e-01 1.456718e+00 3.208e-03
0.900000 51.600000 1.3509160024e+00 5.9877748295e-01 1.477670e+00 3.211e-03
0.900000 51.650000 1.3879597099e+00 5.5234940520e-01 1.493828e+00 3.214e-03
0.900000 51.700000 1.4188405748e+00 5.0308903954e-01 1.505393e+00 3.217e-03
0.900000 51.750000 1.4435189227e+00 4.5183862686e-01 1.512582e+00 3.220e-03
0.900000 51.800000 1.4620487949e+00 3.9935009825e-01 1.515608e+00 3.223e-03
0.900000 51.850000 1.4745400136e+00 3.4629003741e-01 1.514657e+00 3.227e-03
0.900000 51.900000 1.4811304288e+00 2.9325488659e-01 1.509883e+00 3.230e-03
0.900000 51.950000 1.4819695701e+00 2.4079090589e-01 1.501404e+00 3.233e-03
0.900000 52.000000 1.4772127761e+00 1.8941420519e-01 1.489307e+00 3.236e-03
0.900000 52.050000 1.4670235341e+00 1.3962752522e-01 1.473653e+00 3.239e-03
0.900000 52.100000 1.4515811727e+00 9.1931939617e-02 1.454489e+00 3.242e-03
0.900000 52.150000 1.4310910891e+00 4.6833044747e-02 1.431857e+00 3.245e-03
0.900000 52.200000 1.4057952460e+00 4.8423443819e-03 1.405804e+00 3.248e-03
0.900000 52.250000 1.3759816498e+00 -3.3524762149e-02 1.376390e+00 3.251e-03
0.900000 52.300000 1.3419926883e+00 -6.7752923692e-02 1.343702e+00 3.254e-03
0.900000 52.350000 1.3042331758e+00 -9.7331928650e-02 1.307860e+00 3.258e-03
0.900000 52.400000 1.2631792467e+00 -1.2176337876e-01 1.269034e+00 3.261e-03
0.900000 52.450000 1.2193885664e+00 -1.4057061061e-01 1.227464e+00 3.264e-03
0.900000 52.500000 1.1735108053e+00 -1.5331409013e-01 1.183483e+00 3.267e-03
0.900000 52.550000 1.1262955232e+00 -1.5961388989e-01 1.137549e+00 3.270e-03
0.900000 52.600000 1.0785933960e+00 -1.5917904598e-01 1.090276e+00 3.273e-03
0.900000 52.650000 1.0313467694e+00 -1.5184112890e-01 1.042464e+00 3.276e-03
0.900000 52.700000 9.8556709474e-01 -1.3758716328e-01 9.951245e-01 3.279e-03
0.900000 52.750000 9.4229946764e-01 -1.1658596727e-01 9.494844e-01 3.282e-03
0.900000 52.800000 9.0257742387e-01 -8.9202505219e-02 9.069747e-01 3.286e-03
0.900000 52.850000 8.6737341509e-01 -5.5996814457e-02 8.691791e-01 3.289e-03
0.900000 52.900000 8.3755136799e-01 -1.7706861098e-02 8.377385e-01 3.292e-03
0.900000 52.950000 8.1382727062e-01 2.4782493055e-02 8.142045e-01 3.295e-03
0.900000 53.000000 7.9674209758e-01 7.0480031244e-02 7.998534e-01 3.298e-03
0.900000 53.050000 7.8664906569e-01 1.1833265202e-01 7.954994e-01 3.301e-03
0.900000 53.100000 7.8371470275e-01 1.6726809958e-01 8.013659e-01 3.304e-03
0.900000 53.150000 7.8793094510e-01 2.1623123649e-01 8.170625e-01 3.307e-03
0.900000 53.200000 7.9913383534e-01 2.6421097539e-01 8.416783e-01 3.310e-03
0.900000 53.250000 8.1702372620e-01 3.1025741450e-01 8.739493e-01 3.314e-03
0.900000 53.300000 8.4118247890e-01 3.5349126707e-01 9.124385e-01 3.317e-03
0.900000 53.350000 8.7108499657e-01 3.9310967414e-01 9.556800e-01 3.320e-03
0.900000 53.400000 9.0610517916e-01 4.2839326673e-01 1.002271e+00 3.323e-03
0.900000 53.450000 9.4551924803e-01 4.5871848424e-01 1.050918e+00 3.326e-03
0.900000 53.500000 9.8851140255e-01 4.8357676726e-01 1.100455e+00 3.329e-03
0.900000 53.550000 1.0341871554e+00 5.0259900856e-01 1.149847e+00 3.332e-03
0.900000 53.600000 1.0815981951e+00 5.1558061971e-01 1.198198e+00 3.335e-03
0.900000 53.650000 1.1297796461e+00 5.2250077592e-01 1.244753e+00 3.338e-03
0.900000 53.700000 1.1777970575e+00 5.2352944175e-01 1.288910e+00 3.341e-03
0.900000 53.750000 1.2247973967e+00 5.1901763685e-01 1.330229e+00 3.345e-03
0.900000 53.800000 1.2700565869e+00 5.0946951168e-01 1.368431e+00 3.348e-03
0.900000 53.850000 1.3130160589e+00 4.9549833216e-01 1.403399e+00 3.351e-03
0.900000 53.900000 1.3533022966e+00 4.7777161247e-01 1.435163e+00 3.354e-03
0.900000 53.950000 1.3907260460e+00 4.5695279839e-01 1.463873e+00 3.357e-03
0.900000 54.000000 1.4252612074e+00 4.3364774596e-01 1.489772e+00 3.360e-03
0.900000 54.050000 1.4570068778e+00 4.0836361833e-01 1.513152e+00 3.363e-03
0.900000 54.100000 1.4861389584e+00 3.8148576858e-01 1.534321e+00 3.366e-03
0.900000 54.150000 1.5128595920e+00 3.5327494813e-01 1.553560e+00 3.369e-03
0.900000 54.200000 1.5373529152e+00 3.2388334515e-01 1.571100e+00 3.373e-03
0.900000 54.250000 1.5597540090e+00 2.9338435828e-01 1.587106e+00 3.376e-03
0.900000 54.300000 1.5801347627e+00 2.6180857798e-01 1.601677e+00 3.379e-03
0.900000 54.350000 1.5985064434e+00 2.2917786447e-01 1.614851e+00 3.382e-03
0.900000 54.400000 1.6148351413e+00 1.9553081556e-01 1.626630e+00 3.385e-03
0.900000 54.450000 1.6290639472e+00 1.6093580743e-01 1.636994e+00 3.388e-03
0.900000 54.500000 1.6411351861e+00 1.2549121432e-01 1.645926e+00 3.391e-03
0.900000 54.550000 1.6510071656e+00 8.9315365550e-02 1.653421e+00 3.394e-03
0.900000 54.600000 1.6586620519e+00 5.2530615962e-02 1.659494e+00 3.397e-03
0.900000 54.650000 1.6641038934e+00 1.5246445644e-02 1.664174e+00 3.401e-03
0.900000 54.700000 1.6673478871e+00 -2.2453956032e-02 1.667499e+00 3.404e-03
0.900000 54.750000 1.6684035115e+00 -6.0520218415e-02 1.669501e+00 3.407e-03
0.900000 54.800000 1.6672551611e+00 -9.8932387700e-02 1.670188e+00 3.410e-03
0.900000 54.850000 1.6638444513e+00 -1.3768914454e-01 1.669532e+00 3.413e-03
0.900000 54.900000 1.6580583269e+00 -1.7678798555e-01 1.667457e+00 3.416e-03
0.900000 54.950000 1.6497262701e+00 -2.1620052078e-01 1.663833e+00 3.419e-03
0.900000 55.000000 1.6386281695e+00 -2.5584740818e-01 1.658481e+00 3.422e-03
0.900000 55.050000 1.6245120202e+00 -2.9557780958e-01 1.651183e+00 3.425e-03
0.900000 55.100000 1.6071182488e+00 -3.3515724905e-01 1.641694e+00 3.429e-03
0.900000 55.150000 1.5862059434e+00 -3.7426552811e-01 1.629762e+00 3.432e-03
0.900000 55.200000 1.5615762691e+00 -4.1250360795e-01 1.615141e+00 3.435e-03
0.900000 55.250000 1.5330899128e+00 -4.4940611840e-01 1.597601e+00 3.438e-03
0.900000 55.300000 1.5006779572e+00 -4.8445525576e-01 1.576937e+00 3.441e-03
0.900000 55.350000 1.4643480990e+00 -5.1709259058e-01 1.552965e+00 3.444e-03
0.900000 55.400000 1.4241896642e+00 -5.4672734397e-01 1.525525e+00 3.447e-03
0.900000 55.450000 1.3803809211e+00 -5.7274215591e-01 1.494485e+00 3.450e-03
0.900000 55.500000 1.3332008709e+00 -5.9449935564e-01 1.459745e+00 3.453e-03
0.900000 55.550000 1.2830455711e+00 -6.1135166107e-01 1.421252e+00 3.456e-03
0.900000 55.600000 1.2304468143e+00 -6.2266095372e-01 1.379024e+00 3.460e-03
0.900000 55.650000 1.1760891544e+00 -6.2782750812e-01 1.333174e+00 3.463e-03
0.900000 55.700000 1.1208201257e+00 -6.2633011659e-01 1.283950e+00 3.466e-03
0.900000 55.750000 1.0656481663e+00 -6.1777519499e-01 1.231768e+00 3.469e-03
0.900000 55.800000 1.0117233767e+00 -6.0195039949e-01 1.177255e+00 3.472e-03
0.900000 55.850000 9.6029804262e-01 -5.7887586280e-01 1.121280e+00 3.475e-03
0.900000 55.900000 9.1266688852e-01 -5.4884445191e-01 1.064984e+00 3.478e-03
0.900000 55.950000 8.7009106038e-01 -5.1244220298e-01 1.009780e+00 3.481e-03
0.900000 56.000000 8.3371404033e-01 -4.7054191836e-01 9.573342e-01 3.484e-03
0.900000 56.050000 8.0448089765e-01 -4.2426690646e-01 9.095009e-01 3.488e-03
0.900000 56.100000 7.8307327963e-01 -3.7492734543e-01 8.682017e-01 3.491e-03
0.900000 56.150000 7.6987066223e-01 -3.2393741797e-01 8.352462e-01 3.494e-03
0.900000 56.200000 7.6494379504e-01 -2.7272561298e-01 8.121073e-01 3.497e-03
0.900000 56.250000 7.6808004866e-01 -2.2265214676e-01 7.997005e-01 3.500e-03
0.900000 56.300000 7.7883410205e-01 -1.7494582910e-01 7.982409e-01 3.503e-03
0.900000 56.350000 7.9659268269e-01 -1.3066831599e-01 8.072386e-01 3.506e-03
0.900000 56.400000 8.2063998669e-01 -9.0707707730e-02 8.256379e-01 3.509e-03
0.900000 56.450000 8.5021129187e-01 -5.5797337284e-02 8.520402e-01 3.512e-03
0.900000 56.500000 8.8452573345e-01 -2.6550696013e-02 8.849241e-01 3.516e-03
0.900000 56.550000 9.2279433017e-01 -3.5006898157e-03 9.228010e-01 3.519e-03
0.900000 56.600000 9.6420498927e-01 1.2868796678e-02 9.642909e-01 3.522e-03
0.900000 56.650000 1.0078912615e+00 2.2108844075e-02 1.008134e+00 3.525e-03
0.900000 56.700000 1.0528951301e+00 2.3814683520e-02 1.053164e+00 3.528e-03
0.900000 56.750000 1.0981354952e+00 1.7658757362e-02 1.098277e+00 3.531e-03
0.900000 56.800000 1.1423930784e+00 3.4432009699e-03 1.142398e+00 3.534e-03
0.900000 56.850000 1.1843195220e+00 -1.8836797817e-02 1.184469e+00 3.537e-03
0.900000 56.900000 1.2224741955e+00 -4.8929677439e-02 1.223453e+00 3.540e-03
0.900000 56.950000 1.2553875775e+00 -8.6275516392e-02 1.258349e+00 3.543e-03
0.900000 57.000000 1.2816459013e+00 -1.2997526286e-01 1.288220e+00 3.547e-03
0.900000 57.050000 1.2999886110e+00 -1.7878836190e-01 1.312225e+00 3.550e-03
0.900000 57.100000 1.3094082716e+00 -2.3116256209e-01 1.329656e+00 3.553e-03
0.900000 57.150000 1.3092418645e+00 -2.8529602436e-01 1.339966e+00 3.556e-03
0.900000 57.200000 1.2992427823e+00 -3.3922818806e-01 1.342798e+00 3.559e-03
0.900000 57.250000 1.2796243230e+00 -3.9095235705e-01 1.338014e+00 3.562e-03
0.900000 57.300000 1.2510681481e+00 -4.3853995518e-01 1.325703e+00 3.565e-03
0.900000 57.350000 1.2146949632e+00 -4.8026437040e-01 1.306192e+00 3.568e-03
0.900000 57.400000 1.1719992260e+00 -5.1471184057e-01 1.280043e+00 3.571e-03
0.900000 57.450000 1.1247542015e+00 -5.4086829524e-01 1.248043e+00 3.575e-03
0.900000 57.500000 1.0748972032e+00 -5.5817432367e-01 1.211182e+00 3.578e-03
0.900000 57.550000 1.0244065885e+00 -5.6654477959e-01 1.170633e+00 3.581e-03
0.900000 57.600000 9.7518177953e-01 -5.6635390226e-01 1.127713e+00 3.584e-03
0.900000 57.650000 9.2893566384e-01 -5.5839025176e-01 1.083846e+00 3.587e-03
0.900000 57.700000 8.8710606409e-01 -5.4378773434e-01 1.040511e+00 3.590e-03
0.900000 57.750000 8.5079041556e-01 -5.2393967378e-01 9.991782e-01 3.593e-03
0.900000 57.800000 8.2070582619e-01 -5.0040285195e-01 9.612289e-01 3.596e-03
0.900000 57.850000 7.9717523078e-01 -4.7479830262e-01 9.278587e-01 3.599e-03
0.900000 57.900000 7.8013894060e-01 -4.4871563547e-01 8.999792e-01 3.603e-03
0.900000 57.950000 7.6918912485e-01 -4.2362754031e-01 8.781299e-01 3.606e-03
0.900000 58.000000 7.6362263944e-01 -4.0082033595e-01 8.624248e-01 3.609e-03
0.900000 58.050000 7.6250563744e-01 -3.8134457093e-01 8.525483e-01 3.612e-03
0.900000 58.100000 7.6474231499e-01 -3.6598681653e-01 8.478073e-01 3.615e-03
0.900000 58.150000 7.6914057600e-01 -3.5526053656e-01 8.472233e-01 3.618e-03
0.900000 58.200000 7.7446943072e-01 -3.4941121411e-01 8.496417e-01 3.621e-03
0.900000 58.250000 7.7950605864e-01 -3.4842960942e-01 8.538342e-01 3.624e-03
0.900000 58.300000 7.8307373500e-01 -3.5206749519e-01 8.585779e-01 3.627e-03
0.900000 58.350000 7.8407427983e-01 -3.5985225183e-01 8.627086e-01 3.630e-03
0.900000 58.400000 7.8151968760e-01 -3.7109962148e-01 8.651520e-01 3.634e-03
0.900000 58.450000 7.7456695803e-01 -3.8492685723e-01 8.649408e-01 3.637e-03
0.900000 58.500000 7.6255812820e-01 -4.0027069793e-01 8.612268e-01 3.640e-03
0.900000 58.550000 7.4506462387e-01 -4.1591553680e-01 8.532919e-01 3.643e-03
0.900000 58.600000 7.2193194277e-01 -4.3053659597e-01 8.405638e-01 3.646e-03
0.900000 58.650000 6.9331801360e-01 -4.4276088406e-01 8.226342e-01 3.649e-03
0.900000 58.700000 6.5971697586e-01 -4.5124545977e-01 7.992803e-01 3.652e-03
0.900000 58.750000 6.2196012098e-01 -4.5476858161e-01 7.704861e-01 3.655e-03
0.900000 58.800000 5.8118760270e-01 -4.5232546685e-01 7.364627e-01 3.658e-03
0.900000 58.850000 5.3878814252e-01 -4.4321751302e-01 6.976635e-01 3.662e-03
0.900000 58.900000 4.9630874588e-01 -4.2712273507e-01 6.547948e-01 3.665e-03
0.900000 58.950000 4.5534147974e-01 -4.0413625902e-01 6.088202e-01 3.668e-03
0.900000 59.000000 4.1739862281e-01 -3.7477289058e-01 5.609602e-01 3.671e-03
0.900000 59.050000 3.8379016851e-01 -3.3992848520e-01 5.126854e-01 3.674e-03
0.900000 59.100000 3.5551830707e-01 -3.0080227080e-01 4.656987e-01 3.677e-03
0.900000 59.150000 3.3320209458e-01 -2.5878759677e-01 4.218941e-01 3.680e-03
0.900000 59.200000 3.1704224651e-01 -2.1534312248e-01 3.832603e-01 3.683e-03
0.900000 59.250000 3.0683120126e-01 -1.7185966815e-01 3.516833e-01 3.686e-03
0.900000 59.300000 3.0200771058e-01 -1.2953933042e-01 3.286169e-01 3.690e-03
0.900000 59.350000 3.0174885298e-01 -8.9302541767e-02 3.146861e-01 3.693e-03
0.900000 59.400000 3.0508647117e-01 -5.1735225893e-02 3.094419e-01 3.696e-03
0.900000 59.450000 3.1103081473e-01 -1.7082218547e-02 3.114996e-01 3.699e-03
0.900000 59.500000 3.1868281463e-01 1.4714486068e-02 3.190223e-01 3.702e-03
0.900000 59.550000 3.2731863453e-01 4.3941836754e-02 3.302550e-01 3.705e-03
0.900000 59.600000 3.3643575077e-01 7.1021381687e-02 3.438503e-01 3.708e-03
0.900000 59.650000 3.4575761308e-01 9.6412468727e-02 3.589480e-01 3.711e-03
0.900000 59.700000 3.5520203197e-01 1.2052980738e-01 3.750945e-01 3.714e-03
0.900000 59.750000 3.6482483153e-01 1.4368751329e-01 3.921011e-01 3.717e-03
0.900000 59.800000 3.7475357767e-01 1.6607492982e-01 4.099038e-01 3.721e-03
0.900000 59.850000 3.8512590199e-01 1.8776240722e-01 4.284585e-01 3.724e-03
0.900000 59.900000 3.9604363646e-01 2.0872948092e-01 4.476813e-01 3.727e-03
0.900000 59.950000 4.0754883801e-01 2.2890456187e-01 4.674327e-01 3.730e-03
0.900000 60.000000 4.1962216041e-01 2.4820461866e-01 4.875329e-01 3.733e-03
