# X=3e+07 rho=0.8 C(X)=18 Cmax=300 mode=v
# sigma t Re Im |F| tailbound
1.100000 0.100000 4.7806250428e+00 -4.0014014019e+00 6.234227e+00 1.902e-06
1.100000 0.150000 3.2418811950e+00 -3.6943506172e+00 4.915081e+00 1.911e-06
1.100000 0.200000 2.3799746279e+00 -3.2026211819e+00 3.990121e+00 1.924e-06
1.100000 0.250000 1.8829921466e+00 -2.7617475278e+00 3.342590e+00 1.941e-06
1.100000 0.300000 1.5790752721e+00 -2.4035585683e+00 2.875860e+00 1.960e-06
1.100000 0.350000 1.3823662773e+00 -2.1171305108e+00 2.528473e+00 1.983e-06
1.100000 0.400000 1.2487049766e+00 -1.8865865775e+00 2.262404e+00 2.009e-06
1.100000 0.450000 1.1541335885e+00 -1.6986273815e+00 2.053621e+00 2.039e-06
1.100000 0.500000 1.0849331842e+00 -1.5432356521e+00 1.886440e+00 2.071e-06
1.100000 0.550000 1.0328530968e+00 -1.4130514001e+00 1.750286e+00 2.106e-06
1.100000 0.600000 9.9271199885e-01 -1.3026634421e+00 1.637806e+00 2.144e-06
1.100000 0.650000 9.6113009419e-01 -1.2080533594e+00 1.543750e+00 2.184e-06
1.100000 0.700000 9.3582761691e-01 -1.1261965568e+00 1.464272e+00 2.226e-06
1.100000 0.750000 9.1522039818e-01 -1.0547831838e+00 1.396494e+00 2.271e-06
1.100000 0.800000 8.9817804423e-01 -9.9202341457e-01 1.338221e+00 2.318e-06
1.100000 0.850000 8.8387458764e-01 -9.3651067846e-01 1.287745e+00 2.366e-06
1.100000 0.900000 8.7169355246e-01 -8.8712456557e-01 1.243720e+00 2.417e-06
1.100000 0.950000 8.6116603958e-01 -8.4296104847e-01 1.205069e+00 2.469e-06
1.100000 1.000000 8.5192941920e-01 -8.0328170460e-01 1.170916e+00 2.523e-06
1.100000 1.050000 8.4369921001e-01 -7.6747632399e-01 1.140547e+00 2.579e-06
1.100000 1.100000 8.3624958028e-01 -7.3503507608e-01 1.113369e+00 2.635e-06
1.100000 1.150000 8.2939958516e-01 -7.0552759111e-01 1.088886e+00 2.694e-06
1.100000 1.200000 8.2300327603e-01 -6.7858709495e-01 1.066684e+00 2.753e-06
1.100000 1.250000 8.1694246167e-01 -6.5389826617e-01 1.046412e+00 2.813e-06
1.100000 1.300000 8.1112131799e-01 -6.3118785589e-01 1.027772e+00 2.875e-06
1.100000 1.350000 8.0546231232e-01 -6.1021737973e-01 1.010512e+00 2.937e-06
1.100000 1.400000 7.9990307696e-01 -5.9077738795e-01 9.944158e-01 3.001e-06
1.100000 1.450000 7.9439396796e-01 -5.7268295532e-01 9.792995e-01 3.065e-06
1.100000 1.500000 7.8889610943e-01 -5.5577011955e-01 9.650065e-01 3.130e-06
1.100000 1.550000 7.8337977335e-01 -5.3989304943e-01 9.514034e-01 3.196e-06
1.100000 1.600000 7.7782299178e-01 -5.2492175980e-01 9.383770e-01 3.263e-06
1.100000 1.650000 7.7221034295e-01 -5.1074022524e-01 9.258317e-01 3.330e-06
1.100000 1.700000 7.6653188554e-01 -4.9724478317e-01 9.136868e-01 3.398e-06
1.100000 1.750000 7.6078223158e-01 -4.8434275667e-01 9.018744e-01 3.466e-06
1.100000 1.800000 7.5495974690e-01 -4.7195125610e-01 8.903383e-01 3.536e-06
1.100000 1.850000 7.4906585991e-01 -4.5999613185e-01 8.790313e-01 3.605e-06
1.100000 1.900000 7.4310445540e-01 -4.4841104867e-01 8.679151e-01 3.675e-06
1.100000 1.950000 7.3708133866e-01 -4.3713664675e-01 8.569582e-01 3.746e-06
1.100000 2.000000 7.3100377193e-01 -4.2611975635e-01 8.461351e-01 3.817e-06
1.100000 2.050000 7.2488010109e-01 -4.1531264835e-01 8.354255e-01 3.888e-06
1.100000 2.100000 7.1871949366e-01 -4.0467232601e-01 8.248136e-01 3.960e-06
1.100000 2.150000 7.1253179600e-01 -3.9415988350e-01 8.142872e-01 4.032e-06
1.100000 2.200000 7.0632749548e-01 -3.8373996270e-01 8.038376e-01 4.105e-06
1.100000 2.250000 7.0011775372e-01 -3.7338032903e-01 7.934593e-01 4.177e-06
1.100000 2.300000 6.9391447035e-01 -3.6305156752e-01 7.831499e-01 4.251e-06
1.100000 2.350000 6.8773034461e-01 -3.5272688299e-01 7.729096e-01 4.324e-06
1.100000 2.400000 6.8157891678e-01 -3.4238198293e-01 7.627419e-01 4.398e-06
1.100000 2.450000 6.7547458179e-01 -3.3199502658e-01 7.526530e-01 4.472e-06
1.100000 2.500000 6.6943256712e-01 -3.2154663260e-01 7.426521e-01 4.546e-06
1.100000 2.550000 6.6346885938e-01 -3.1101993823e-01 7.327512e-01 4.621e-06
1.100000 2.600000 6.5760005683e-01 -3.0040069306e-01 7.229650e-01 4.695e-06
1.100000 2.650000 6.5184313016e-01 -2.8967735400e-01 7.133109e-01 4.770e-06
1.100000 2.700000 6.4621509075e-01 -2.7884113645e-01 7.038084e-01 4.845e-06
1.100000 2.750000 6.4073258952e-01 -2.6788597881e-01 6.944790e-01 4.921e-06
1.100000 2.800000 6.3541148740e-01 -2.5680839346e-01 6.853454e-01 4.996e-06
1.100000 2.850000 6.3026644253e-01 -2.4560720054e-01 6.764308e-01 5.072e-06
1.100000 2.900000 6.2531055021e-01 -2.3428315802e-01 6.677589e-01 5.148e-06
1.100000 2.950000 6.2055505760e-01 -2.2283850715e-01 6.593524e-01 5.224e-06
1.100000 3.000000 6.1600916732e-01 -2.1127644775e-01 6.512335e-01 5.300e-06
1.100000 3.050000 6.1167994693e-01 -1.9960055298e-01 6.434227e-01 5.377e-06
1.100000 3.100000 6.0757237069e-01 -1.8781413751e-01 6.359389e-01 5.453e-06
1.100000 3.150000 6.0368952385e-01 -1.7591961008e-01 6.287995e-01 5.530e-06
1.100000 3.200000 6.0003299011e-01 -1.6391786181e-01 6.220198e-01 5.606e-06
1.100000 3.250000 5.9660341752e-01 -1.5180775573e-01 6.156145e-01 5.683e-06
1.100000 3.300000 5.9340122718e-01 -1.3958577772e-01 6.095976e-01 5.760e-06
1.100000 3.350000 5.9042740560e-01 -1.2724588766e-01 6.039835e-01 5.838e-06
1.100000 3.400000 5.8768431607e-01 -1.1477957905e-01 5.987881e-01 5.915e-06
1.100000 3.450000 5.8517647548e-01 -1.0217613185e-01 5.940299e-01 5.992e-06
1.100000 3.500000 5.8291126190e-01 -8.9423033868e-02 5.897305e-01 6.070e-06
1.100000 3.550000 5.8089953115e-01 -7.6506549991e-02 5.859160e-01 6.147e-06
1.100000 3.600000 5.7915612197e-01 -6.3412426513e-02 5.826173e-01 6.225e-06
1.100000 3.650000 5.7770022109e-01 -5.0126717793e-02 5.798709e-01 6.303e-06
1.100000 3.700000 5.7655555300e-01 -3.6636710696e-02 5.777184e-01 6.380e-06
1.100000 3.750000 5.7575036289e-01 -2.2931903471e-02 5.762069e-01 6.458e-06
1.100000 3.800000 5.7531717938e-01 -9.0049808518e-03 5.753876e-01 6.536e-06
1.100000 3.850000 5.7529236813e-01 5.1472746522e-03 5.753154e-01 6.614e-06
1.100000 3.900000 5.7571550826e-01 1.9523183081e-02 5.760464e-01 6.693e-06
1.100000 3.950000 5.7662863219e-01 3.4115507812e-02 5.776370e-01 6.771e-06
1.100000 4.000000 5.7807536684e-01 4.8910950144e-02 5.801409e-01 6.849e-06
1.100000 4.050000 5.8010000811e-01 6.3889804613e-02 5.836077e-01 6.928e-06
1.100000 4.100000 5.8274655900e-01 7.9025781818e-02 5.880805e-01 7.006e-06
1.100000 4.150000 5.8605776850e-01 9.4286002939e-02 5.935938e-01 7.085e-06
1.100000 4.200000 5.9007421618e-01 1.0963115754e-01 6.001721e-01 7.163e-06
1.100000 4.250000 5.9483348624e-01 1.2501579412e-01 6.078288e-01 7.242e-06
1.100000 4.300000 6.0036945683e-01 1.4038869079e-01 6.165651e-01 7.320e-06
1.100000 4.350000 6.0671169864e-01 1.5569324495e-01 6.263701e-01 7.399e-06
1.100000 4.400000 6.1388494205e-01 1.7086783391e-01 6.372209e-01 7.478e-06
1.100000 4.450000 6.2190855165e-01 1.8584613101e-01 6.490832e-01 7.557e-06
1.100000 4.500000 6.3079594891e-01 2.0055740081e-01 6.619115e-01 7.636e-06
1.100000 4.550000 6.4055394731e-01 2.1492682643e-01 6.756500e-01 7.715e-06
1.100000 4.600000 6.5118199768e-01 2.2887593192e-01 6.902334e-01 7.794e-06
1.100000 4.650000 6.6267137015e-01 2.4232315436e-01 7.055876e-01 7.873e-06
1.100000 4.700000 6.7500431517e-01 2.5518460266e-01 7.216301e-01 7.952e-06
1.100000 4.750000 6.8815325064e-01 2.6737502491e-01 7.382712e-01 8.031e-06
1.100000 4.800000 7.0208002415e-01 2.7880899750e-01 7.554143e-01 8.110e-06
1.100000 4.850000 7.1673530540e-01 2.8940234373e-01 7.729574e-01 8.189e-06
1.100000 4.900000 7.3205817570e-01 2.9907377846e-01 7.907935e-01 8.269e-06
1.100000 4.950000 7.4797599068e-01 3.0774675326e-01 8.088116e-01 8.348e-06
1.100000 5.000000 7.6440458990e-01 3.1535144605e-01 8.268984e-01 8.427e-06
1.100000 5.050000 7.8124890793e-01 3.2182681082e-01 8.449393e-01 8.507e-06
1.100000 5.100000 7.9840401003e-01 3.2712258773e-01 8.628199e-01 8.586e-06
1.100000 5.150000 8.1575654386e-01 3.3120117588e-01 8.804277e-01 8.666e-06
1.100000 5.200000 8.3318657765e-01 3.3403928534e-01 8.976537e-01 8.745e-06
1.100000 5.250000 8.5056978862e-01 3.3562929860e-01 9.143938e-01 8.825e-06
1.100000 5.300000 8.6777996572e-01 3.3598027495e-01 9.305508e-01 8.904e-06
1.100000 5.350000 8.8469178568e-01 3.3511852187e-01 9.460359e-01 8.984e-06
1.100000 5.400000 9.0118380004e-01 3.3308764474e-01 9.607703e-01 9.063e-06
1.100000 5.450000 9.1714153324e-01 3.2994798450e-01 9.746868e-01 9.143e-06
1.100000 5.500000 9.3246054743e-01 3.2577537256e-01 9.877309e-01 9.223e-06
1.100000 5.550000 9.4704929354e-01 3.2065917574e-01 9.998623e-01 9.302e-06
1.100000 5.600000 9.6083155147e-01 3.1469966257e-01 1.011055e+00 9.382e-06
1.100000 5.650000 9.7374826839e-01 3.0800478405e-01 1.021299e+00 9.462e-06
1.100000 5.700000 9.8575862979e-01 3.0068651826e-01 1.030598e+00 9.542e-06
1.100000 5.750000 9.9684023607e-01 2.9285697595e-01 1.038969e+00 9.621e-06
1.100000 5.800000 1.0069883078e+00 2.8462450480e-01 1.046440e+00 9.701e-06
1.100000 5.850000 1.0162139078e+00 2.7609006122e-01 1.053051e+00 9.781e-06
1.100000 5.900000 1.0245412492e+00 2.6734413386e-01 1.058847e+00 9.861e-06
1.100000 5.950000 1.0320042563e+00 2.5846448801e-01 1.063878e+00 9.941e-06
1.100000 6.000000 1.0386426358e+00 2.4951494552e-01 1.068193e+00 1.002e-05
1.100000 6.050000 1.0444977891e+00 2.4054532027e-01 1.071838e+00 1.010e-05
1.100000 6.100000 1.0496089229e+00 2.3159250977e-01 1.074855e+00 1.018e-05
1.100000 6.150000 1.0540096893e+00 2.2268262396e-01 1.077276e+00 1.026e-05
1.100000 6.200000 1.0577256235e+00 2.1383393734e-01 1.079124e+00 1.034e-05
1.100000 6.250000 1.0607725573e+00 2.0506039440e-01 1.080411e+00 1.042e-05
1.100000 6.300000 1.0631560981e+00 1.9637537819e-01 1.081140e+00 1.050e-05
1.100000 6.350000 1.0648721922e+00 1.8779545477e-01 1.081305e+00 1.058e-05
1.100000 6.400000 1.0659087258e+00 1.7934381788e-01 1.080891e+00 1.066e-05
1.100000 6.450000 1.0662480618e+00 1.7105317102e-01 1.079882e+00 1.074e-05
1.100000 6.500000 1.0658703454e+00 1.6296780443e-01 1.078257e+00 1.082e-05
1.100000 6.550000 1.0647573425e+00 1.5514466292e-01 1.076001e+00 1.090e-05
1.100000 6.600000 1.0628965093e+00 1.4765326739e-01 1.073103e+00 1.098e-05
1.100000 6.650000 1.0602849476e+00 1.4057444805e-01 1.069563e+00 1.106e-05
1.100000 6.700000 1.0569328938e+00 1.3399795901e-01 1.065393e+00 1.114e-05
1.100000 6.750000 1.0528664212e+00 1.2801915574e-01 1.060621e+00 1.122e-05
1.100000 6.800000 1.0481291067e+00 1.2273501180e-01 1.055291e+00 1.130e-05
1.100000 6.850000 1.0427825109e+00 1.1823981804e-01 1.049465e+00 1.138e-05
1.100000 6.900000 1.0369054361e+00 1.1462094120e-01 1.043221e+00 1.146e-05
1.100000 6.950000 1.0305920482e+00 1.1195501473e-01 1.036655e+00 1.154e-05
1.100000 7.000000 1.0239490743e+00 1.1030488898e-01 1.029873e+00 1.162e-05
1.100000 7.050000 1.0170923847e+00 1.0971757861e-01 1.022993e+00 1.170e-05
1.100000 7.100000 1.0101433411e+00 1.1022331623e-01 1.016139e+00 1.178e-05
1.100000 7.150000 1.0032252977e+00 1.1183567056e-01 1.009440e+00 1.186e-05
1.100000 7.200000 9.9646058788e-01 1.1455254332e-01 1.003023e+00 1.194e-05
1.100000 7.250000 9.8996821593e-01 1.1835775404e-01 9.970184e-01 1.202e-05
1.100000 7.300000 9.8386232757e-01 1.2322288034e-01 9.915488e-01 1.210e-05
1.100000 7.350000 9.7825139384e-01 1.2910904922e-01 9.867345e-01 1.219e-05
1.100000 7.400000 9.7323794026e-01 1.3596845655e-01 9.826899e-01 1.227e-05
1.100000 7.450000 9.6891860506e-01 1.4374549958e-01 9.795234e-01 1.235e-05
1.100000 7.500000 9.6538431503e-01 1.5237750951e-01 9.773361e-01 1.243e-05
1.100000 7.550000 9.6272040896e-01 1.6179514809e-01 9.762214e-01 1.251e-05
1.100000 7.600000 9.6100659659e-01 1.7192257693e-01 9.762638e-01 1.259e-05
1.100000 7.650000 9.6031670045e-01 1.8267752530e-01 9.775373e-01 1.267e-05
1.100000 7.700000 9.6071818163e-01 1.9397137817e-01 9.801042e-01 1.275e-05
1.100000 7.750000 9.6227149588e-01 2.0570938706e-01 9.840136e-01 1.283e-05
1.100000 7.800000 9.6502936112e-01 2.1779107202e-01 9.893001e-01 1.291e-05
1.100000 7.850000 9.6903603509e-01 2.3011083854e-01 9.959828e-01 1.299e-05
1.100000 7.900000 9.7432669697e-01 2.4255878410e-01 1.004065e+00 1.307e-05
1.100000 7.950000 9.8092699821e-01 2.5502163007e-01 1.013535e+00 1.315e-05
1.100000 8.000000 9.8885280391e-01 2.6738369706e-01 1.024365e+00 1.323e-05
1.100000 8.050000 9.9811010263e-01 2.7952785188e-01 1.036513e+00 1.331e-05
1.100000 8.100000 1.0086950358e+00 2.9133638479e-01 1.049925e+00 1.339e-05
1.100000 8.150000 1.0205939958e+00 3.0269181134e-01 1.064535e+00 1.347e-05
1.100000 8.200000 1.0337837591e+00 3.1347761804e-01 1.080267e+00 1.355e-05
1.100000 8.250000 1.0482316462e+00 3.2357897625e-01 1.097038e+00 1.363e-05
1.100000 8.300000 1.0638957163e+00 3.3288343784e-01 1.114758e+00 1.371e-05
1.100000 8.350000 1.0807250048e+00 3.4128161185e-01 1.133331e+00 1.379e-05
1.100000 8.400000 1.0986598081e+00 3.4866781404e-01 1.152659e+00 1.388e-05
1.100000 8.450000 1.1176320063e+00 3.5494068508e-01 1.172640e+00 1.396e-05
1.100000 8.500000 1.1375654237e+00 3.6000378072e-01 1.193171e+00 1.404e-05
1.100000 8.550000 1.1583762321e+00 3.6376613858e-01 1.214150e+00 1.412e-05
1.100000 8.600000 1.1799734156e+00 3.6614281261e-01 1.235475e+00 1.420e-05
1.100000 8.650000 1.2022593105e+00 3.6705534427e-01 1.257043e+00 1.428e-05
1.100000 8.700000 1.2251302088e+00 3.6643212030e-01 1.278756e+00 1.436e-05
1.100000 8.750000 1.2484769780e+00 3.6420856805e-01 1.300516e+00 1.444e-05
1.100000 8.800000 1.2721856083e+00 3.6032716771e-01 1.322230e+00 1.452e-05
1.100000 8.850000 1.2961375888e+00 3.5473731157e-01 1.343805e+00 1.460e-05
1.100000 8.900000 1.3202100219e+00 3.4739509749e-01 1.365151e+00 1.468e-05
1.100000 8.950000 1.3442754346e+00 3.3826318841e-01 1.386181e+00 1.476e-05
1.100000 9.000000 1.3682013054e+00 3.2731088846e-01 1.406807e+00 1.484e-05
1.100000 9.050000 1.3918493884e+00 3.1451457703e-01 1.426942e+00 1.492e-05
1.100000 9.100000 1.4150749763e+00 2.9985860856e-01 1.446497e+00 1.500e-05
1.100000 9.150000 1.4377262790e+00 2.8333673583e-01 1.465379e+00 1.508e-05
1.100000 9.200000 1.4596441274e+00 2.6495405147e-01 1.483496e+00 1.517e-05
1.100000 9.250000 1.4806622140e+00 2.4472936777e-01 1.500751e+00 1.525e-05
1.100000 9.300000 1.5006080641e+00 2.2269787318e-01 1.517043e+00 1.533e-05
1.100000 9.350000 1.5193048772e+00 1.9891382487e-01 1.532271e+00 1.541e-05
1.100000 9.400000 1.5365742901e+00 1.7345297795e-01 1.546333e+00 1.549e-05
1.100000 9.450000 1.5522399984e+00 1.4641443270e-01 1.559130e+00 1.557e-05
1.100000 9.500000 1.5661320551e+00 1.1792161107e-01 1.570565e+00 1.565e-05
1.100000 9.550000 1.5780915716e+00 8.8122150389e-02 1.580550e+00 1.573e-05
1.100000 9.600000 1.5879754869e+00 5.7186607757e-02 1.589005e+00 1.581e-05
1.100000 9.650000 1.5956610632e+00 2.5305979770e-02 1.595862e+00 1.589e-05
1.100000 9.700000 1.6010497889e+00 -7.3118598157e-03 1.601066e+00 1.597e-05
1.100000 9.750000 1.6040704149e+00 -4.0446624794e-02 1.604580e+00 1.605e-05
1.100000 9.800000 1.6046809064e+00 -7.3870744206e-02 1.606380e+00 1.613e-05
1.100000 9.850000 1.6028691503e+00 -1.0735486366e-01 1.606460e+00 1.621e-05
1.100000 9.900000 1.5986523289e+00 -1.4067338765e-01 1.604830e+00 1.630e-05
1.100000 9.950000 1.5920749640e+00 -1.7360969954e-01 1.601513e+00 1.638e-05
1.100000 10.000000 1.5832057350e+00 -2.0596068987e-01 1.596546e+00 1.646e-05
1.100000 10.050000 1.5721332964e+00 -2.3754025417e-01 1.589978e+00 1.654e-05
1.100000 10.100000 1.5589614166e+00 -2.6818149200e-01 1.581860e+00 1.662e-05
1.100000 10.150000 1.5438038440e+00 -2.9773744376e-01 1.572252e+00 1.670e-05
1.100000 10.200000 1.5267793465e+00 -3.2608032812e-01 1.561212e+00 1.678e-05
1.100000 10.250000 1.5080073734e+00 -3.5309937796e-01 1.548795e+00 1.686e-05
1.100000 10.300000 1.4876047567e+00 -3.7869750772e-01 1.535050e+00 1.694e-05
1.100000 10.350000 1.4656837948e+00 -4.0278717105e-01 1.520022e+00 1.702e-05
1.100000 10.400000 1.4423519490e+00 -4.2528587758e-01 1.503744e+00 1.710e-05
1.100000 10.450000 1.4177132292e+00 -4.4611191340e-01 1.486246e+00 1.718e-05
1.100000 10.500000 1.3918711588e+00 -4.6518083282e-01 1.467548e+00 1.726e-05
1.100000 10.550000 1.3649330155e+00 -4.8240324220e-01 1.447672e+00 1.735e-05
1.100000 10.600000 1.3370148703e+00 -4.9768427498e-01 1.426639e+00 1.743e-05
1.100000 10.650000 1.3082468289e+00 -5.1092497557e-01 1.404476e+00 1.751e-05
1.100000 10.700000 1.2787778387e+00 -5.2202559758e-01 1.381225e+00 1.759e-05
1.100000 10.750000 1.2487794622e+00 -5.3089061482e-01 1.356943e+00 1.767e-05
1.100000 10.800000 1.2184481179e+00 -5.3743507125e-01 1.331710e+00 1.775e-05
1.100000 10.850000 1.1880054305e+00 -5.4159177241e-01 1.305633e+00 1.783e-05
1.100000 10.900000 1.1576964948e+00 -5.4331874892e-01 1.278850e+00 1.791e-05
1.100000 10.950000 1.1277860197e+00 -5.4260639478e-01 1.251528e+00 1.799e-05
1.100000 11.000000 1.0985524836e+00 -5.3948369646e-01 1.223871e+00 1.807e-05
1.100000 11.050000 1.0702805900e+00 -5.3402302284e-01 1.196111e+00 1.815e-05
1.100000 11.100000 1.0432524513e+00 -5.2634304437e-01 1.168509e+00 1.823e-05
1.100000 11.150000 1.0177380380e+00 -5.1660948896e-01 1.141348e+00 1.832e-05
1.100000 11.200000 9.9398548544e-01 -5.0503361095e-01 1.114929e+00 1.840e-05
1.100000 11.250000 9.7221185277e-01 -4.9186842449e-01 1.089555e+00 1.848e-05
1.100000 11.300000 9.5259486742e-01 -4.7740291130e-01 1.065528e+00 1.856e-05
1.100000 11.350000 9.3526609465e-01 -4.6195453435e-01 1.043132e+00 1.864e-05
1.100000 11.400000 9.2030585255e-01 -4.4586046920e-01 1.022621e+00 1.872e-05
1.100000 11.450000 9.0774007309e-01 -4.2946800677e-01 1.004209e+00 1.880e-05
1.100000 11.500000 8.9753919313e-01 -4.1312459276e-01 9.880529e-01 1.888e-05
1.100000 11.550000 8.8961905088e-01 -3.9716795733e-01 9.742507e-01 1.896e-05
1.100000 11.600000 8.8384366179e-01 -3.8191675292e-01 9.628292e-01 1.904e-05
1.100000 11.650000 8.8002966090e-01 -3.6766205951e-01 9.537440e-01 1.912e-05
1.100000 11.700000 8.7795213438e-01 -3.5466003632e-01 9.468810e-01 1.921e-05
1.100000 11.750000 8.7735153008e-01 -3.4312590975e-01 9.420622e-01 1.929e-05
1.100000 11.800000 8.7794133546e-01 -3.3322940345e-01 9.390542e-01 1.937e-05
1.100000 11.850000 8.7941623110e-01 -3.2509165125e-01 9.375807e-01 1.945e-05
1.100000 11.900000 8.8146045370e-01 -3.1878359146e-01 9.373343e-01 1.953e-05
1.100000 11.950000 8.8375611958e-01 -3.1432581241e-01 9.379902e-01 1.961e-05
1.100000 12.000000 8.8599126642e-01 -3.1168979033e-01 9.392183e-01 1.969e-05
1.100000 12.050000 8.8786737630e-01 -3.1080041949e-01 9.406941e-01 1.977e-05
1.100000 12.100000 8.8910616204e-01 -3.1153968247e-01 9.421076e-01 1.985e-05
1.100000 12.150000 8.8945544312e-01 -3.1375125639e-01 9.431706e-01 1.993e-05
1.100000 12.200000 8.8869400445e-01 -3.1724581898e-01 9.436217e-01 2.001e-05
1.100000 12.250000 8.8663540697e-01 -3.2180681834e-01 9.432295e-01 2.010e-05
1.100000 12.300000 8.8313078271e-01 -3.2719650338e-01 9.417948e-01 2.018e-05
1.100000 12.350000 8.7807068177e-01 -3.3316206356e-01 9.391513e-01 2.026e-05
1.100000 12.400000 8.7138604239e-01 -3.3944177886e-01 9.351654e-01 2.034e-05
1.100000 12.450000 8.6304833526e-01 -3.4577111523e-01 9.297366e-01 2.042e-05
1.100000 12.500000 8.5306890560e-01 -3.5188871304e-01 9.227959e-01 2.050e-05
1.100000 12.550000 8.4149751337e-01 -3.5754220755e-01 9.143055e-01 2.058e-05
1.100000 12.600000 8.2842006058e-01 -3.6249380080e-01 9.042575e-01 2.066e-05
1.100000 12.650000 8.1395549525e-01 -3.6652547826e-01 8.926727e-01 2.074e-05
1.100000 12.700000 7.9825189368e-01 -3.6944373530e-01 8.795992e-01 2.082e-05
1.100000 12.750000 7.8148175046e-01 -3.7108364872e-01 8.651109e-01 2.090e-05
1.100000 12.800000 7.6383655198e-01 -3.7131210389e-01 8.493050e-01 2.099e-05
1.100000 12.850000 7.4552077653e-01 -3.7002998065e-01 8.323001e-01 2.107e-05
1.100000 12.900000 7.2674554421e-01 -3.6717312489e-01 8.142329e-01 2.115e-05
1.100000 12.950000 7.0772221404e-01 -3.6271199643e-01 7.952551e-01 2.123e-05
1.100000 13.000000 6.8865627201e-01 -3.5664998390e-01 7.755299e-01 2.131e-05
1.100000 13.050000 6.6974185384e-01 -3.4902049437e-01 7.552281e-01 2.139e-05
1.100000 13.100000 6.5115719728e-01 -3.3988303572e-01 7.345245e-01 2.147e-05
1.100000 13.150000 6.3306123131e-01 -3.2931858881e-01 7.135946e-01 2.155e-05
1.100000 13.200000 6.1559140516e-01 -3.1742460507e-01 6.926118e-01 2.163e-05
1.100000 13.250000 5.9886275867e-01 -3.0430996560e-01 6.717449e-01 2.171e-05
1.100000 13.300000 5.8296814695e-01 -2.9009021163e-01 6.511560e-01 2.180e-05
1.100000 13.350000 5.6797945963e-01 -2.7488331360e-01 6.310004e-01 2.188e-05
1.100000 13.400000 5.5394961285e-01 -2.5880619067e-01 6.114252e-01 2.196e-05
1.100000 13.450000 5.4091504256e-01 -2.4197212159e-01 5.925703e-01 2.204e-05
1.100000 13.500000 5.2889839643e-01 -2.2448909952e-01 5.745684e-01 2.212e-05
1.100000 13.550000 5.1791112155e-01 -2.0645908167e-01 5.575458e-01 2.220e-05
1.100000 13.600000 5.0795568402e-01 -1.8797798504e-01 5.416223e-01 2.228e-05
1.100000 13.650000 4.9902723296e-01 -1.6913620136e-01 5.269110e-01 2.236e-05
1.100000 13.700000 4.9111462118e-01 -1.5001936308e-01 5.135167e-01 2.244e-05
1.100000 13.750000 4.8420079774e-01 -1.3070909412e-01 5.015329e-01 2.252e-05
1.100000 13.800000 4.7826267572e-01 -1.1128351595e-01 4.910389e-01 2.261e-05
1.100000 13.850000 4.7327064252e-01 -9.1817339178e-02 4.820949e-01 2.269e-05
1.100000 13.900000 4.6918792004e-01 -7.2381440942e-02 4.747382e-01 2.277e-05
1.100000 13.950000 4.6597000159e-01 -5.3041903723e-02 4.689792e-01 2.285e-05
1.100000 14.000000 4.6356439125e-01 -3.3858571869e-02 4.647993e-01 2.293e-05
1.100000 14.050000 4.6191084406e-01 -1.4883265015e-02 4.621506e-01 2.301e-05
1.100000 14.100000 4.6094224421e-01 3.8421365180e-03 4.609583e-01 2.309e-05
1.100000 14.150000 4.6058616296e-01 2.2287469521e-02 4.611251e-01 2.317e-05
1.100000 14.200000 4.6076702145e-01 4.0435660085e-02 4.625379e-01 2.325e-05
1.100000 14.250000 4.6140867120e-01 5.8283473917e-02 4.650752e-01 2.333e-05
1.100000 14.300000 4.6243712868e-01 7.5841530651e-02 4.686150e-01 2.342e-05
1.100000 14.350000 4.6378318136e-01 9.3133595281e-02 4.730420e-01 2.350e-05
1.100000 14.400000 4.6538462656e-01 1.1019527860e-01 4.782529e-01 2.358e-05
1.100000 14.450000 4.6718799639e-01 1.2707235876e-01 4.841611e-01 2.366e-05
1.100000 14.500000 4.6914973515e-01 1.4381896172e-01 4.906989e-01 2.374e-05
1.100000 14.550000 4.7123690072e-01 1.6049581014e-01 4.978184e-01 2.382e-05
1.100000 14.600000 4.7342753729e-01 1.7716868194e-01 5.054922e-01 2.390e-05
1.100000 14.650000 4.7571090284e-01 1.9390713015e-01 5.137128e-01 2.398e-05
1.100000 14.700000 4.7808772849e-01 2.1078342222e-01 5.224917e-01 2.406e-05
1.100000 14.750000 4.8057064238e-01 2.2787157621e-01 5.318586e-01 2.414e-05
1.100000 14.800000 4.8318481334e-01 2.4524631562e-01 5.418610e-01 2.423e-05
1.100000 14.850000 4.8596877191e-01 2.6298174875e-01 5.525623e-01 2.431e-05
1.100000 14.900000 4.8897526604e-01 2.8114960933e-01 5.640407e-01 2.439e-05
1.100000 14.950000 4.9227192986e-01 2.9981697402e-01 5.763869e-01 2.447e-05
1.100000 15.000000 4.9594150931e-01 3.1904348422e-01 5.897005e-01 2.455e-05
1.100000 15.050000 5.0008141140e-01 3.3887821811e-01 6.040860e-01 2.463e-05
1.100000 15.100000 5.0480242037e-01 3.5935645454e-01 6.196471e-01 2.471e-05
1.100000 15.150000 5.1022653435e-01 3.8049661864e-01 6.364816e-01 2.479e-05
1.100000 15.200000 5.1648399069e-01 4.0229769344e-01 6.546748e-01 2.487e-05
1.100000 15.250000 5.2370964241e-01 4.2473733157e-01 6.742949e-01 2.496e-05
1.100000 15.300000 5.3203890664e-01 4.4777082612e-01 6.953877e-01 2.504e-05
1.100000 15.350000 5.4160353165e-01 4.7133102057e-01 7.179745e-01 2.512e-05
1.100000 15.400000 5.5252742886e-01 4.9532916480e-01 7.420496e-01 2.520e-05
1.100000 15.450000 5.6492280114e-01 5.1965666112e-01 7.675811e-01 2.528e-05
1.100000 15.500000 5.7888677012e-01 5.4418758797e-01 7.945124e-01 2.536e-05
1.100000 15.550000 5.9449866358e-01 5.6878184160e-01 8.227645e-01 2.544e-05
1.100000 15.600000 6.1181806663e-01 5.9328870355e-01 8.522399e-01 2.552e-05
1.100000 15.650000 6.3088367601e-01 6.1755063406e-01 8.828267e-01 2.560e-05
1.100000 15.700000 6.5171293866e-01 6.4140711165e-01 9.144030e-01 2.568e-05
1.100000 15.750000 6.7430242050e-01 6.6469837983e-01 9.468409e-01 2.577e-05
1.100000 15.800000 6.9862884733e-01 6.8726900420e-01 9.800107e-01 2.585e-05
1.100000 15.850000 7.2465078124e-01 7.0897116668e-01 1.013784e+00 2.593e-05
1.100000 15.900000 7.5231092255e-01 7.2966761478e-01 1.048039e+00 2.601e-05
1.100000 15.950000 7.8153903624e-01 7.4923414607e-01 1.082661e+00 2.609e-05
1.100000 16.000000 8.1225547481e-01 7.6756145931e-01 1.117546e+00 2.617e-05
1.100000 16.050000 8.4437520562e-01 7.8455616860e-01 1.152605e+00 2.625e-05
1.100000 16.100000 8.7781216251e-01 8.0014077656e-01 1.187762e+00 2.633e-05
1.100000 16.150000 9.1248364959e-01 8.1425244409e-01 1.222961e+00 2.641e-05
1.100000 16.200000 9.4831445077e-01 8.2684047576e-01 1.258160e+00 2.650e-05
1.100000 16.250000 9.8524025273e-01 8.3786254859e-01 1.293334e+00 2.658e-05
1.100000 16.300000 1.0232099802e+00 8.4727983839e-01 1.328473e+00 2.666e-05
1.100000 16.350000 1.0621866730e+00 8.5505133097e-01 1.363581e+00 2.674e-05
1.100000 16.400000 1.1021466099e+00 8.6112773572e-01 1.398667e+00 2.682e-05
1.100000 16.450000 1.1430765096e+00 8.6544553068e-01 1.433743e+00 2.690e-05
1.100000 16.500000 1.1849688099e+00 8.6792173974e-01 1.468822e+00 2.698e-05
1.100000 16.550000 1.2278152299e+00 8.6845005069e-01 1.503907e+00 2.706e-05
1.100000 16.600000 1.2715990257e+00 8.6689881260e-01 1.538986e+00 2.714e-05
1.100000 16.650000 1.3162865241e+00 8.6311130349e-01 1.574030e+00 2.723e-05
1.100000 16.700000 1.3618186295e+00 8.5690845451e-01 1.608988e+00 2.731e-05
1.100000 16.750000 1.4081030240e+00 8.4809398839e-01 1.643781e+00 2.739e-05
1.100000 16.800000 1.4550077349e+00 8.3646171187e-01 1.678307e+00 2.747e-05
1.100000 16.850000 1.5023566266e+00 8.2180452082e-01 1.712436e+00 2.755e-05
1.100000 16.900000 1.5499272195e+00 8.0392454501e-01 1.746015e+00 2.763e-05
1.100000 16.950000 1.5974510640e+00 7.8264378000e-01 1.778871e+00 2.771e-05
1.100000 17.000000 1.6446167080e+00 7.5781452510e-01 1.810814e+00 2.779e-05
1.100000 17.050000 1.6910751126e+00 7.2932896874e-01 1.841645e+00 2.787e-05
1.100000 17.100000 1.7364471996e+00 6.9712733607e-01 1.871159e+00 2.795e-05
1.100000 17.150000 1.7803330732e+00 6.6120413536e-01 1.899152e+00 2.804e-05
1.100000 17.200000 1.8223223677e+00 6.2161219558e-01 1.925425e+00 2.812e-05
1.100000 17.250000 1.8620051368e+00 5.7846435571e-01 1.949791e+00 2.820e-05
1.100000 17.300000 1.8989827215e+00 5.3193282305e-01 1.972077e+00 2.828e-05
1.100000 17.350000 1.9328780893e+00 4.8224634328e-01 1.992129e+00 2.836e-05
1.100000 17.400000 1.9633452142e+00 4.2968541698e-01 2.009814e+00 2.844e-05
1.100000 17.450000 1.9900771405e+00 3.7457586282e-01 2.025022e+00 2.852e-05
1.100000 17.500000 2.0128124484e+00 3.1728108030e-01 2.037666e+00 2.860e-05
1.100000 17.550000 2.0313399179e+00 2.5819341263e-01 2.047683e+00 2.868e-05
1.100000 17.600000 2.0455012821e+00 1.9772504856e-01 2.055035e+00 2.877e-05
1.100000 17.650000 2.0551920743e+00 1.3629891703e-01 2.059707e+00 2.885e-05
1.100000 17.700000 2.0603606936e+00 7.4340006225e-02 2.061701e+00 2.893e-05
1.100000 17.750000 2.0610059226e+00 1.2267473349e-02 2.061042e+00 2.901e-05
1.100000 17.800000 2.0571732065e+00 -4.9512186563e-02 2.057769e+00 2.909e-05
1.100000 17.850000 2.0489500329e+00 -1.1061075455e-01 2.051933e+00 2.917e-05
1.100000 17.900000 2.0364607429e+00 -1.7066262581e-01 2.043599e+00 2.925e-05
1.100000 17.950000 2.0198610684e+00 -2.2932788761e-01 2.032838e+00 2.933e-05
1.100000 18.000000 1.9993326478e+00 -2.8629419907e-01 2.019727e+00 2.941e-05
1.100000 18.050000 1.9750777364e+00 -3.4127756254e-01 2.004346e+00 2.950e-05
1.100000 18.100000 1.9473143027e+00 -3.9402209561e-01 1.986778e+00 2.958e-05
1.100000 18.150000 1.9162716807e+00 -4.4429893379e-01 1.967104e+00 2.966e-05
1.100000 18.200000 1.8821869304e+00 -4.9190441896e-01 1.945404e+00 2.974e-05
1.100000 18.250000 1.8453020362e+00 -5.3665775736e-01 1.921755e+00 2.982e-05
1.100000 18.300000 1.8058620391e+00 -5.7839836121e-01 1.896228e+00 2.990e-05
1.100000 18.350000 1.7641141620e+00 -6.1698311857e-01 1.868895e+00 2.998e-05
1.100000 18.400000 1.7203079276e+00 -6.5228386259e-01 1.839819e+00 3.006e-05
1.100000 18.450000 1.6746962019e+00 -6.8418532688e-01 1.809065e+00 3.014e-05
1.100000 18.500000 1.6275370028e+00 -7.1258386690e-01 1.776697e+00 3.023e-05
1.100000 18.550000 1.5790958272e+00 -7.3738718637e-01 1.742780e+00 3.031e-05
1.100000 18.600000 1.5296481693e+00 -7.5851523058e-01 1.707387e+00 3.039e-05
1.100000 18.650000 1.4794818530e+00 -7.7590230261e-01 1.670596e+00 3.047e-05
1.100000 18.700000 1.4288988018e+00 -7.8950034295e-01 1.632502e+00 3.055e-05
1.100000 18.750000 1.3782158965e+00 -7.9928320898e-01 1.593215e+00 3.063e-05
1.100000 18.800000 1.3277646296e+00 -8.0525171070e-01 1.552865e+00 3.071e-05
1.100000 18.850000 1.2778893256e+00 -8.0743910211e-01 1.511608e+00 3.079e-05
1.100000 18.900000 1.2289437525e+00 -8.0591667950e-01 1.469627e+00 3.087e-05
1.100000 18.950000 1.1812860072e+00 -8.0079908500e-01 1.427136e+00 3.096e-05
1.100000 19.000000 1.1352716381e+00 -7.9224885100e-01 1.384377e+00 3.104e-05
1.100000 19.050000 1.0912450832e+00 -7.8047966373e-01 1.341627e+00 3.112e-05
1.100000 19.100000 1.0495296645e+00 -7.6575779823e-01 1.299191e+00 3.120e-05
1.100000 19.150000 1.0104165692e+00 -7.4840121400e-01 1.257397e+00 3.128e-05
1.100000 19.200000 9.7415343579e-01 -7.2877591582e-01 1.216589e+00 3.136e-05
1.100000 19.250000 9.4093330354e-01 -7.0728937465e-01 1.177121e+00 3.144e-05
1.100000 19.300000 9.1088475862e-01 -6.8438104356e-01 1.139337e+00 3.152e-05
1.100000 19.350000 8.8406408784e-01 -6.6051025870e-01 1.103559e+00 3.160e-05
1.100000 19.400000 8.6045015478e-01 -6.3614205122e-01 1.070071e+00 3.169e-05
1.100000 19.450000 8.3994254505e-01 -6.1173158804e-01 1.039095e+00 3.177e-05
1.100000 19.500000 8.2236331502e-01 -5.8770809269e-01 1.010783e+00 3.185e-05
1.100000 19.550000 8.0746243824e-01 -5.6445916513e-01 9.851953e-01 3.193e-05
1.100000 19.600000 7.9492679483e-01 -5.4231641610e-01 9.622971e-01 3.201e-05
1.100000 19.650000 7.8439231349e-01 -5.2154325827e-01 9.419547e-01 3.209e-05
1.100000 19.700000 7.7545867504e-01 -5.0232555907e-01 9.239411e-01 3.217e-05
1.100000 19.750000 7.6770584125e-01 -4.8476567734e-01 9.079482e-01 3.225e-05
1.100000 19.800000 7.6071159188e-01 -4.6888020362e-01 8.936055e-01 3.233e-05
1.100000 19.850000 7.5406923012e-01 -4.5460152905e-01 8.805015e-01 3.242e-05
1.100000 19.900000 7.4740463243e-01 -4.4178319709e-01 8.682085e-01 3.250e-05
1.100000 19.950000 7.4039185085e-01 -4.3020884510e-01 8.563059e-01 3.258e-05
1.100000 20.000000 7.3276650942e-01 -4.1960440418e-01 8.444019e-01 3.266e-05
1.100000 20.050000 7.2433627700e-01 -4.0965307456e-01 8.321530e-01 3.274e-05
1.100000 20.100000 7.1498776684e-01 -4.0001241933e-01 8.192786e-01 3.282e-05
1.100000 20.150000 7.0468933703e-01 -3.9033272993e-01 8.055723e-01 3.290e-05
1.100000 20.200000 6.9348946605e-01 -3.8027563980e-01 7.909091e-01 3.298e-05
1.100000 20.250000 6.8151065525e-01 -3.6953183788e-01 7.752487e-01 3.307e-05
1.100000 20.300000 6.6893914457e-01 -3.5783669880e-01 7.586347e-01 3.315e-05
1.100000 20.350000 6.5601108260e-01 -3.4498272528e-01 7.411907e-01 3.323e-05
1.100000 20.400000 6.4299612221e-01 -3.3082789774e-01 7.231121e-01 3.331e-05
1.100000 20.450000 6.3017967533e-01 -3.1529933399e-01 7.046560e-01 3.339e-05
1.100000 20.500000 6.1784521861e-01 -2.9839205416e-01 6.861272e-01 3.347e-05
1.100000 20.550000 6.0625806712e-01 -2.8016308463e-01 6.678624e-01 3.355e-05
1.100000 20.600000 5.9565190956e-01 -2.6072157391e-01 6.502130e-01 3.363e-05
1.100000 20.650000 5.8621912763e-01 -2.4021597744e-01 6.335271e-01 3.371e-05
1.100000 20.700000 5.7810552660e-01 -2.1881964180e-01 6.181327e-01 3.380e-05
1.100000 20.750000 5.7140963401e-01 -1.9671623767e-01 6.043230e-01 3.388e-05
1.100000 20.800000 5.6618624394e-01 -1.7408643378e-01 5.923453e-01 3.396e-05
1.100000 20.850000 5.6245346756e-01 -1.5109698546e-01 5.823952e-01 3.404e-05
1.100000 20.900000 5.6020225109e-01 -1.2789307190e-01 5.746157e-01 3.412e-05
1.100000 20.950000 5.5940716891e-01 -1.0459431903e-01 5.691014e-01 3.420e-05
1.100000 21.000000 5.6003728919e-01 -8.1294549276e-02 5.659069e-01 3.428e-05
1.100000 21.050000 5.6206601467e-01 -5.8064951388e-02 5.650573e-01 3.436e-05
1.100000 21.100000 5.6547898859e-01 -3.4960086982e-02 5.665586e-01 3.444e-05
1.100000 21.150000 5.7027939201e-01 -1.2025951839e-02 5.704062e-01 3.453e-05
1.100000 21.200000 5.7649022257e-01 1.0690812455e-02 5.765893e-01 3.461e-05
1.100000 21.250000 5.8415341966e-01 3.3133508906e-02 5.850923e-01 3.469e-05
1.100000 21.300000 5.9332597101e-01 5.5226703689e-02 5.958907e-01 3.477e-05
1.100000 21.350000 6.0407338186e-01 7.6869101341e-02 6.089446e-01 3.485e-05
1.100000 21.400000 6.1646108981e-01 9.7928645957e-02 6.241909e-01 3.493e-05
1.100000 21.450000 6.3054455014e-01 1.1824031648e-01 6.415350e-01 3.501e-05
1.100000 21.500000 6.4635879266e-01 1.3760686416e-01 6.608444e-01 3.509e-05
1.100000 21.550000 6.6390826829e-01 1.5580252164e-01 6.819447e-01 3.517e-05
1.100000 21.600000 6.8315777105e-01 1.7257950681e-01 7.046192e-01 3.526e-05
1.100000 21.650000 7.0402514761e-01 1.8767695497e-01 7.286110e-01 3.534e-05
1.100000 21.700000 7.2637639273e-01 2.0083174026e-01 7.536286e-01 3.542e-05
1.100000 21.750000 7.5002357103e-01 2.1179050145e-01 7.793527e-01 3.550e-05
1.100000 21.800000 7.7472580352e-01 2.2032208357e-01 8.054452e-01 3.558e-05
1.100000 21.850000 8.0019332440e-01 2.2622956764e-01 8.315583e-01 3.566e-05
1.100000 21.900000 8.2609437440e-01 2.2936110019e-01 8.573438e-01 3.574e-05
1.100000 21.950000 8.5206448654e-01 2.2961885128e-01 8.824617e-01 3.582e-05
1.100000 22.000000 8.7771756765e-01 2.2696560600e-01 9.065878e-01 3.591e-05
1.100000 22.050000 9.0265810003e-01 2.2142869752e-01 9.294204e-01 3.599e-05
1.100000 22.100000 9.2649377868e-01 2.1310118867e-01 9.506855e-01 3.607e-05
1.100000 22.150000 9.4884794497e-01 2.0214038109e-01 9.701408e-01 3.615e-05
1.100000 22.200000 9.6937125731e-01 1.8876386761e-01 9.875791e-01 3.623e-05
1.100000 22.250000 9.8775213851e-01 1.7324344509e-01 1.002830e+00 3.631e-05
1.100000 22.300000 1.0037256497e+00 1.5589727499e-01 1.015760e+00 3.639e-05
1.100000 22.350000 1.0170805571e+00 1.3708071693e-01 1.026277e+00 3.647e-05
1.100000 22.400000 1.0276644737e+00 1.1717626448e-01 1.034323e+00 3.655e-05
1.100000 22.450000 1.0353870568e+00 9.6582982877e-02 1.039882e+00 3.664e-05
1.100000 22.500000 1.0402213199e+00 7.5705794387e-02 1.042973e+00 3.672e-05
1.100000 22.550000 1.0422031506e+00 5.4944894687e-02 1.043650e+00 3.680e-05
1.100000 22.600000 1.0414291415e+00 3.4685533783e-02 1.042007e+00 3.688e-05
1.100000 22.650000 1.0380528264e+00 1.5288368858e-02 1.038165e+00 3.696e-05
1.100000 22.700000 1.0322794192e+00 -2.9194046027e-03 1.032284e+00 3.704e-05
1.100000 22.750000 1.0243591640e+00 -1.9651925656e-02 1.024548e+00 3.712e-05
1.100000 22.800000 1.0145794443e+00 -3.4671319826e-02 1.015172e+00 3.720e-05
1.100000 22.850000 1.0032558499e+00 -4.7792914978e-02 1.004394e+00 3.729e-05
1.100000 22.900000 9.9072244760e-01 -5.8888835586e-02 9.924711e-01 3.737e-05
1.100000 22.950000 9.7732154195e-01 -6.7889833335e-02 9.796767e-01 3.745e-05
1.100000 23.000000 9.6339324287e-01 -7.4785261787e-02 9.662916e-01 3.753e-05
1.100000 23.050000 9.4926517631e-01 -7.9621155412e-02 9.525985e-01 3.761e-05
1.100000 23.100000 9.3524269547e-01 -8.2496432097e-02 9.388741e-01 3.769e-05
1.100000 23.150000 9.2159996093e-01 -8.3557309374e-02 9.253801e-01 3.777e-05
1.100000 23.200000 9.0857225453e-01 -8.2990110025e-02 9.123546e-01 3.785e-05
1.100000 23.250000 8.9634985955e-01 -8.1012725831e-02 9.000034e-01 3.793e-05
1.100000 23.300000 8.8507377465e-01 -7.7865094664e-02 8.884923e-01 3.802e-05
1.100000 23.350000 8.7483343536e-01 -7.3799110163e-02 8.779407e-01 3.810e-05
1.100000 23.400000 8.6566650665e-01 -6.9068414666e-02 8.684175e-01 3.818e-05
1.100000 23.450000 8.5756069858e-01 -6.3918523809e-02 8.599395e-01 3.826e-05
1.100000 23.500000 8.5045745371e-01 -5.8577700478e-02 8.524724e-01 3.834e-05
1.100000 23.550000 8.4425726453e-01 -5.3248942653e-02 8.459349e-01 3.842e-05
1.100000 23.600000 8.3882630283e-01 -4.8103376552e-02 8.402044e-01 3.850e-05
1.100000 23.650000 8.3400398668e-01 -4.3275253024e-02 8.351260e-01 3.858e-05
1.100000 23.700000 8.2961108360e-01 -3.8858634193e-02 8.305206e-01 3.866e-05
1.100000 23.750000 8.2545796311e-01 -3.4905740791e-02 8.261957e-01 3.875e-05
1.100000 23.800000 8.2135267214e-01 -3.1426830082e-02 8.219537e-01 3.883e-05
1.100000 23.850000 8.1710860038e-01 -2.8391414556e-02 8.176017e-01 3.891e-05
1.100000 23.900000 8.1255160452e-01 -2.5730627897e-02 8.129589e-01 3.899e-05
1.100000 23.950000 8.0752653337e-01 -2.3340592793e-02 8.078638e-01 3.907e-05
1.100000 24.000000 8.0190311592e-01 -2.1086719009e-02 8.021803e-01 3.915e-05
1.100000 24.050000 7.9558113353e-01 -1.8808920859e-02 7.958034e-01 3.923e-05
1.100000 24.100000 7.8849471621e-01 -1.6327755083e-02 7.886638e-01 3.931e-05
1.100000 24.150000 7.8061551851e-01 -1.3451425525e-02 7.807314e-01 3.940e-05
1.100000 24.200000 7.7195448353e-01 -9.9834876545e-03 7.720190e-01 3.948e-05
1.100000 24.250000 7.6256192341e-01 -5.7309431046e-03 7.625835e-01 3.956e-05
1.100000 24.300000 7.5252573981e-01 -5.1228133957e-04 7.525259e-01 3.964e-05
1.100000 24.350000 7.4196776399e-01 5.8350615607e-03 7.419907e-01 3.972e-05
1.100000 24.400000 7.3103838854e-01 1.3448374011e-02 7.311621e-01 3.980e-05
1.100000 24.450000 7.1990985582e-01 2.2434954588e-02 7.202593e-01 3.988e-05
1.100000 24.500000 7.0876873146e-01 3.2869359832e-02 7.095305e-01 3.996e-05
1.100000 24.550000 6.9780819436e-01 4.4792766367e-02 6.992444e-01 4.004e-05
1.100000 24.600000 6.8722079784e-01 5.8214372718e-02 6.896821e-01 4.013e-05
1.100000 24.650000 6.7719228973e-01 7.3114543608e-02 6.811278e-01 4.021e-05
1.100000 24.700000 6.6789693019e-01 8.9449219959e-02 6.738601e-01 4.029e-05
1.100000 24.750000 6.5949454189e-01 1.0715501411e-01 6.681431e-01 4.037e-05
1.100000 24.800000 6.5212930874e-01 1.2615439763e-01 6.642195e-01 4.045e-05
1.100000 24.850000 6.4593014994e-01 1.4636045980e-01 6.623044e-01 4.053e-05
1.100000 24.900000 6.4101236784e-01 1.6768083851e-01 6.625811e-01 4.061e-05
1.100000 24.950000 6.3748020682e-01 1.9002056107e-01 6.651983e-01 4.069e-05
1.100000 25.000000 6.3542994942e-01 2.1328364788e-01 6.702694e-01 4.078e-05
1.100000 25.050000 6.3495318554e-01 2.3737341487e-01 6.778729e-01 4.086e-05
1.100000 25.100000 6.3613989148e-01 2.6219147223e-01 6.880540e-01 4.094e-05
1.100000 25.150000 6.3908094267e-01 2.8763548386e-01 7.008271e-01 4.102e-05
1.100000 25.200000 6.4386966842e-01 3.1359584688e-01 7.161777e-01 4.110e-05
1.100000 25.250000 6.5060207056e-01 3.3995157975e-01 7.340641e-01 4.118e-05
1.100000 25.300000 6.5937539758e-01 3.6656585463e-01 7.544179e-01 4.126e-05
1.100000 25.350000 6.7028490602e-01 3.9328173997e-01 7.771437e-01 4.134e-05
1.100000 25.400000 6.8341884135e-01 4.1991879640e-01 8.021179e-01 4.142e-05
1.100000 25.450000 6.9885190510e-01 4.4627116477e-01 8.291875e-01 4.151e-05
1.100000 25.500000 7.1663770511e-01 4.7210768926e-01 8.581697e-01 4.159e-05
1.100000 25.550000 7.3680087469e-01 4.9717443795e-01 8.888520e-01 4.167e-05
1.100000 25.600000 7.5932966566e-01 5.2119973680e-01 9.209944e-01 4.175e-05
1.100000 25.650000 7.8416984629e-01 5.4390154964e-01 9.543329e-01 4.183e-05
1.100000 25.700000 8.1122065804e-01 5.6499675002e-01 9.885850e-01 4.191e-05
1.100000 25.750000 8.4033340344e-01 5.8421158006e-01 1.023457e+00 4.199e-05
1.100000 25.800000 8.7131296761e-01 6.0129241809e-01 1.058650e+00 4.207e-05
1.100000 25.850000 9.0392225287e-01 6.1601591455e-01 1.093870e+00 4.216e-05
1.100000 25.900000 9.3788917863e-01 6.2819762266e-01 1.128835e+00 4.224e-05
1.100000 25.950000 9.7291562435e-01 6.3769843658e-01 1.163282e+00 4.232e-05
1.100000 26.000000 1.0086875167e+00 6.4442842307e-01 1.196971e+00 4.240e-05
1.100000 26.050000 1.0448852065e+00 6.4834793821e-01 1.229691e+00 4.248e-05
1.100000 26.100000 1.0811933437e+00 6.4946620779e-01 1.261263e+00 4.256e-05
1.100000 26.150000 1.1173096070e+00 6.4783777440e-01 1.291540e+00 4.264e-05
1.100000 26.200000 1.1529518511e+00 6.4355735794e-01 1.320403e+00 4.272e-05
1.100000 26.250000 1.1878634490e+00 6.3675373574e-01 1.347767e+00 4.281e-05
1.100000 26.300000 1.2218168151e+00 6.2758323494e-01 1.373571e+00 4.289e-05
1.100000 26.350000 1.2546152730e+00 6.1622335575e-01 1.397781e+00 4.297e-05
1.100000 26.400000 1.2860935651e+00 6.0286692366e-01 1.420382e+00 4.305e-05
1.100000 26.450000 1.3161173855e+00 5.8771701648e-01 1.441380e+00 4.313e-05
1.100000 26.500000 1.3445823352e+00 5.7098274779e-01 1.460795e+00 4.321e-05
1.100000 26.550000 1.3714126555e+00 5.5287583777e-01 1.478663e+00 4.329e-05
1.100000 26.600000 1.3965600018e+00 5.3360778950e-01 1.495031e+00 4.337e-05
1.100000 26.650000 1.4200023965e+00 5.1338743144e-01 1.509958e+00 4.345e-05
1.100000 26.700000 1.4417433776e+00 4.9241858699e-01 1.523516e+00 4.354e-05
1.100000 26.750000 1.4618112610e+00 4.7089767793e-01 1.535785e+00 4.362e-05
1.100000 26.800000 1.4802583720e+00 4.4901114013e-01 1.546860e+00 4.370e-05
1.100000 26.850000 1.4971600754e+00 4.2693260817e-01 1.556843e+00 4.378e-05
1.100000 26.900000 1.5126134336e+00 4.0481989935e-01 1.565848e+00 4.386e-05
1.100000 26.950000 1.5267353414e+00 3.8281189317e-01 1.573997e+00 4.394e-05
1.100000 27.000000 1.5396600298e+00 3.6102545923e-01 1.581421e+00 4.402e-05
1.100000 27.050000 1.5515358839e+00 3.3955262974e-01 1.588257e+00 4.410e-05
1.100000 27.100000 1.5625216008e+00 3.1845823361e-01 1.594644e+00 4.419e-05
1.100000 27.150000 1.5727817902e+00 2.9777819719e-01 1.600723e+00 4.427e-05
1.100000 27.200000 1.5824821978e+00 2.7751866976e-01 1.606632e+00 4.435e-05
1.100000 27.250000 1.5917847678e+00 2.5765605947e-01 1.612503e+00 4.443e-05
1.100000 27.300000 1.6008427746e+00 2.3813798603e-01 1.618458e+00 4.451e-05
1.100000 27.350000 1.6097962227e+00 2.1888509135e-01 1.624609e+00 4.459e-05
1.100000 27.400000 1.6187676796e+00 1.9979360867e-01 1.631051e+00 4.467e-05
1.100000 27.450000 1.6278586685e+00 1.8073857039e-01 1.637861e+00 4.475e-05
1.100000 27.500000 1.6371467221e+00 1.6157752110e-01 1.645101e+00 4.483e-05
1.100000 27.550000 1.6466831815e+00 1.4215457997e-01 1.652808e+00 4.492e-05
1.100000 27.600000 1.6564917872e+00 1.2230466413e-01 1.661001e+00 4.500e-05
1.100000 27.650000 1.6665680480e+00 1.0185765529e-01 1.669678e+00 4.508e-05
1.100000 27.700000 1.6768792833e+00 8.0642292895e-02 1.678817e+00 4.516e-05
1.100000 27.750000 1.6873651333e+00 5.8489629039e-02 1.688379e+00 4.524e-05
1.100000 27.800000 1.6979382589e+00 3.5235992579e-02 1.698304e+00 4.532e-05
1.100000 27.850000 1.7084849433e+00 1.0725562982e-02 1.708519e+00 4.540e-05
1.100000 27.900000 1.7188653789e+00 -1.5187188232e-02 1.718932e+00 4.548e-05
1.100000 27.950000 1.7289135835e+00 -4.2634816929e-02 1.729439e+00 4.557e-05
1.100000 28.000000 1.7384371026e+00 -7.1733587263e-02 1.739916e+00 4.565e-05
1.100000 28.050000 1.7472168799e+00 -1.0257919808e-01 1.750226e+00 4.573e-05
1.100000 28.100000 1.7550078591e+00 -1.3524143525e-01 1.760211e+00 4.581e-05
1.100000 28.150000 1.7615409615e+00 -1.6975791586e-01 1.769702e+00 4.589e-05
1.100000 28.200000 1.7665270291e+00 -2.0612741644e-01 1.778512e+00 4.597e-05
1.100000 28.250000 1.7696631012e+00 -2.4430357688e-01 1.786447e+00 4.605e-05
1.100000 28.300000 1.7706410353e+00 -2.8418996610e-01 1.793302e+00 4.613e-05
1.100000 28.350000 1.7691580259e+00 -3.2563751459e-01 1.798877e+00 4.622e-05
1.100000 28.400000 1.7649281156e+00 -3.6844511836e-01 1.802976e+00 4.630e-05
1.100000 28.450000 1.7576934446e+00 -4.1236380339e-01 1.805417e+00 4.638e-05
1.100000 28.500000 1.7472338368e+00 -4.5710427106e-01 1.806037e+00 4.646e-05
1.100000 28.550000 1.7333734586e+00 -5.0234703594e-01 1.804698e+00 4.654e-05
1.100000 28.600000 1.7159836865e+00 -5.4775385308e-01 1.801287e+00 4.662e-05
1.100000 28.650000 1.6949819387e+00 -5.9297883934e-01 1.795714e+00 4.670e-05
1.100000 28.700000 1.6703269192e+00 -6.3767769602e-01 1.787911e+00 4.678e-05
1.100000 28.750000 1.6420113632e+00 -6.8151375047e-01 1.777825e+00 4.686e-05
1.100000 28.800000 1.6100538187e+00 -7.2416008896e-01 1.765412e+00 4.695e-05
1.100000 28.850000 1.5744911709e+00 -7.6529774429e-01 1.750629e+00 4.703e-05
1.100000 28.900000 1.5353734883e+00 -8.0461059613e-01 1.733427e+00 4.711e-05
1.100000 28.950000 1.4927623752e+00 -8.4177821709e-01 1.713747e+00 4.719e-05
1.100000 29.000000 1.4467334293e+00 -8.7646825950e-01 1.691518e+00 4.727e-05
1.100000 29.050000 1.3973827395e+00 -9.0833007597e-01 1.666656e+00 4.735e-05
1.100000 29.100000 1.3448367247e+00 -9.3699109936e-01 1.639066e+00 4.743e-05
1.100000 29.150000 1.2892641092e+00 -9.6205711718e-01 1.608650e+00 4.751e-05
1.100000 29.200000 1.2308885350e+00 -9.8311704180e-01 1.575311e+00 4.760e-05
1.100000 29.250000 1.1700002462e+00 -9.9975220221e-01 1.538962e+00 4.768e-05
1.100000 29.300000 1.1069654314e+00 -1.0115496650e+00 1.499535e+00 4.776e-05
1.100000 29.350000 1.0422321194e+00 -1.0181187085e+00 1.456988e+00 4.784e-05
1.100000 29.400000 9.7633189901e-01 -1.0191093591e+00 1.411314e+00 4.792e-05
1.100000 29.450000 9.0987710734e-01 -1.0142318441e+00 1.362550e+00 4.800e-05
1.100000 29.500000 8.4355342363e-01 -1.0032758746e+00 1.310780e+00 4.808e-05
1.100000 29.550000 7.7810801707e-01 -9.8612878349e-01 1.256146e+00 4.816e-05
1.100000 29.600000 7.1433351655e-01 -9.6279165658e-01 1.198850e+00 4.825e-05
1.100000 29.650000 6.5304814320e-01 -9.3339266825e-01 1.139164e+00 4.833e-05
1.100000 29.700000 5.9507240536e-01 -8.9819685762e-01 1.077436e+00 4.841e-05
1.100000 29.750000 5.4120284092e-01 -8.5761155765e-01 1.014100e+00 4.849e-05
1.100000 29.800000 4.9218343753e-01 -8.1218663978e-01 9.496798e-01 4.857e-05
1.100000 29.850000 4.4867559763e-01 -7.6260869321e-01 8.848061e-01 4.865e-05
1.100000 29.900000 4.1122786010e-01 -7.0968827933e-01 8.202230e-01 4.873e-05
1.100000 29.950000 3.8024703229e-01 -6.5433956418e-01 7.568012e-01 4.881e-05
1.100000 30.000000 3.5597286700e-01 -5.9755201931e-01 6.955466e-01 4.889e-05
1.100000 30.050000 3.3845881935e-01 -5.4035455204e-01 6.376029e-01 4.898e-05
1.100000 30.100000 3.2756157569e-01 -4.8377337090e-01 5.842373e-01 4.906e-05
1.100000 30.150000 3.2294179387e-01 -4.2878600448e-01 5.367950e-01 4.914e-05
1.100000 30.200000 3.2407772089e-01 -3.7627496803e-01 4.965976e-01 4.922e-05
1.100000 30.250000 3.3029206731e-01 -3.2698534342e-01 4.647712e-01 4.930e-05
1.100000 30.300000 3.4079086839e-01 -2.8149074908e-01 4.420130e-01 4.938e-05
1.100000 30.350000 3.5471133358e-01 -2.4017166153e-01 4.283720e-01 4.946e-05
1.100000 30.400000 3.7117422720e-01 -2.0320880147e-01 4.231597e-01 4.954e-05
1.100000 30.450000 3.8933546250e-01 -1.7059248398e-01 4.250693e-01 4.963e-05
1.100000 30.500000 4.0843154179e-01 -1.4214676886e-01 4.324604e-01 4.971e-05
1.100000 30.550000 4.2781427826e-01 -1.1756531844e-01 4.436740e-01 4.979e-05
1.100000 30.600000 4.4697174642e-01 -9.6454435184e-02 4.572605e-01 4.987e-05
1.100000 30.650000 4.6553433702e-01 -7.8378058034e-02 4.720862e-01 4.995e-05
1.100000 30.700000 4.8326677858e-01 -6.2899630162e-02 4.873429e-01 5.003e-05
1.100000 30.750000 5.0004868246e-01 -4.9616624933e-02 5.025042e-01 5.011e-05
1.100000 30.800000 5.1584731726e-01 -3.8184910861e-02 5.172587e-01 5.019e-05
1.100000 30.850000 5.3068679736e-01 -2.8331755678e-02 5.314425e-01 5.028e-05
1.100000 30.900000 5.4461770107e-01 -1.9857820413e-02 5.449796e-01 5.036e-05
1.100000 30.950000 5.5769045312e-01 -1.2629744127e-02 5.578334e-01 5.044e-05
1.100000 31.000000 5.6993481638e-01 -6.5657357110e-03 5.699726e-01 5.052e-05
1.100000 31.050000 5.8134675350e-01 -1.6169451289e-03 5.813490e-01 5.060e-05
1.100000 31.100000 5.9188291608e-01 2.2526553468e-03 5.918872e-01 5.068e-05
1.100000 31.150000 6.0146220813e-01 5.0854766842e-03 6.014837e-01 5.076e-05
1.100000 31.200000 6.0997329404e-01 6.9466921794e-03 6.100128e-01 5.084e-05
1.100000 31.250000 6.1728656786e-01 7.9364276397e-03 6.173376e-01 5.092e-05
1.100000 31.300000 6.2326893226e-01 8.1969451178e-03 6.233228e-01 5.101e-05
1.100000 31.350000 6.2779970842e-01 7.9145078727e-03 6.278496e-01 5.109e-05
1.100000 31.400000 6.3078608099e-01 7.3160665149e-03 6.308285e-01 5.117e-05
1.100000 31.450000 6.3217665263e-01 6.6612992325e-03 6.322117e-01 5.125e-05
1.100000 31.500000 6.3197192759e-01 6.2308648365e-03 6.320026e-01 5.133e-05
1.100000 31.550000 6.3023084765e-01 6.3119760021e-03 6.302625e-01 5.141e-05
1.100000 31.600000 6.2707284963e-01 7.1825623008e-03 6.271140e-01 5.149e-05
1.100000 31.650000 6.2267528131e-01 9.0953629945e-03 6.227417e-01 5.157e-05
1.100000 31.700000 6.1726638282e-01 1.2263266400e-02 6.173882e-01 5.166e-05
1.100000 31.750000 6.1111439376e-01 1.6847095869e-02 6.113466e-01 5.174e-05
1.100000 31.800000 6.0451366135e-01 2.2946832932e-02 6.049490e-01 5.182e-05
1.100000 31.850000 5.9776887457e-01 3.0596971130e-02 5.985514e-01 5.190e-05
1.100000 31.900000 5.9117870231e-01 3.9766325743e-02 5.925147e-01 5.198e-05
1.100000 31.950000 5.8502014074e-01 5.0362218260e-02 5.871839e-01 5.206e-05
1.100000 32.000000 5.7953476285e-01 6.2238559569e-02 5.828672e-01 5.214e-05
1.100000 32.050000 5.7491782194e-01 7.5207028981e-02 5.798160e-01 5.222e-05
1.100000 32.100000 5.7131082931e-01 8.9050335189e-02 5.782093e-01 5.231e-05
1.100000 32.150000 5.6879786343e-01 1.0353647334e-01 5.781443e-01 5.239e-05
1.100000 32.200000 5.6740553351e-01 1.1843295171e-01 5.796339e-01 5.247e-05
1.100000 32.250000 5.6710626187e-01 1.3352011612e-01 5.826123e-01 5.255e-05
1.100000 32.300000 5.6782438590e-01 1.4860290184e-01 5.869475e-01 5.263e-05
1.100000 32.350000 5.6944450575e-01 1.6352054458e-01 5.924576e-01 5.271e-05
1.100000 32.400000 5.7182149329e-01 1.7815395491e-01 5.989313e-01 5.279e-05
1.100000 32.450000 5.7479160281e-01 1.9243059168e-01 6.061476e-01 5.287e-05
1.100000 32.500000 5.7818415870e-01 2.0632676370e-01 6.138955e-01 5.296e-05
1.100000 32.550000 5.8183332531e-01 2.1986735551e-01 6.219901e-01 5.304e-05
1.100000 32.600000 5.8558948043e-01 2.3312302727e-01 6.302867e-01 5.312e-05
1.100000 32.650000 5.8932971602e-01 2.4620499379e-01 6.386912e-01 5.320e-05
1.100000 32.700000 5.9296698206e-01 2.5925755747e-01 6.471664e-01 5.328e-05
1.100000 32.750000 5.9645738467e-01 2.7244866669e-01 6.557360e-01 5.336e-05
1.100000 32.800000 5.9980516829e-01 2.8595889785e-01 6.644838e-01 5.344e-05
1.100000 32.850000 6.0306497772e-01 2.9996940814e-01 6.735496e-01 5.352e-05
1.100000 32.900000 6.0634112759e-01 3.1464955152e-01 6.831207e-01 5.360e-05
1.100000 32.950000 6.0978380810e-01 3.3014495707e-01 6.934205e-01 5.369e-05
1.100000 33.000000 6.1358240776e-01 3.4656689980e-01 7.046928e-01 5.377e-05
1.100000 33.050000 6.1795639904e-01 3.6398372566e-01 7.171850e-01 5.385e-05
1.100000 33.100000 6.2314446456e-01 3.8241492312e-01 7.311294e-01 5.393e-05
1.100000 33.150000 6.2939269700e-01 4.0182818554e-01 7.467269e-01 5.401e-05
1.100000 33.200000 6.3694275958e-01 4.2213952060e-01 7.641321e-01 5.409e-05
1.100000 33.250000 6.4602084006e-01 4.4321618042e-01 7.834434e-01 5.417e-05
1.100000 33.300000 6.5682808397e-01 4.6488194907e-01 8.046977e-01 5.425e-05
1.100000 33.350000 6.6953297894e-01 4.8692416170e-01 8.278705e-01 5.434e-05
1.100000 33.400000 6.8426591587e-01 5.0910175837e-01 8.528801e-01 5.442e-05
1.100000 33.450000 7.0111591034e-01 5.3115369831e-01 8.795952e-01 5.450e-05
1.100000 33.500000 7.2012926452e-01 5.5280716552e-01 9.078447e-01 5.458e-05
1.100000 33.550000 7.4130981511e-01 5.7378516096e-01 9.374271e-01 5.466e-05
1.100000 33.600000 7.6462036192e-01 5.9381326269e-01 9.681211e-01 5.474e-05
1.100000 33.650000 7.8998490217e-01 6.1262550318e-01 9.996930e-01 5.482e-05
1.100000 33.700000 8.1729138312e-01 6.2996942974e-01 1.031904e+00 5.490e-05
1.100000 33.750000 8.4639479356e-01 6.4561046275e-01 1.064517e+00 5.499e-05
1.100000 33.800000 8.7712050439e-01 6.5933565727e-01 1.097298e+00 5.507e-05
1.100000 33.850000 9.0926781615e-01 6.7095693361e-01 1.130023e+00 5.515e-05
1.100000 33.900000 9.4261367697e-01 6.8031380587e-01 1.162475e+00 5.523e-05
1.100000 33.950000 9.7691651723e-01 6.8727562819e-01 1.194451e+00 5.531e-05
1.100000 34.000000 1.0119201364e+00 6.9174340017e-01 1.225762e+00 5.539e-05
1.100000 34.050000 1.0473575956e+00 6.9365120822e-01 1.256228e+00 5.547e-05
1.100000 34.100000 1.0829551185e+00 6.9296740285e-01 1.285689e+00 5.555e-05
1.100000 34.150000 1.1184360725e+00 6.8969560085e-01 1.313994e+00 5.564e-05
1.100000 34.200000 1.1535251590e+00 6.8387554959e-01 1.341009e+00 5.572e-05
1.100000 34.250000 1.1879529764e+00 6.7558380748e-01 1.366618e+00 5.580e-05
1.100000 34.300000 1.2214611074e+00 6.6493409873e-01 1.390721e+00 5.588e-05
1.100000 34.350000 1.2538078300e+00 6.5207711024e-01 1.413237e+00 5.596e-05
1.100000 34.400000 1.2847744696e+00 6.3719942608e-01 1.434109e+00 5.604e-05
1.100000 34.450000 1.3141722883e+00 6.2052124995e-01 1.453305e+00 5.612e-05
1.100000 34.500000 1.3418496675e+00 6.0229255896e-01 1.470822e+00 5.620e-05
1.100000 34.550000 1.3676991786e+00 5.8278737758e-01 1.486688e+00 5.628e-05
1.100000 34.600000 1.3916639766e+00 5.6229597610e-01 1.500968e+00 5.637e-05
1.100000 34.650000 1.4137428301e+00 5.4111499032e-01 1.513762e+00 5.645e-05
1.100000 34.700000 1.4339930525e+00 5.1953571439e-01 1.525206e+00 5.653e-05
1.100000 34.750000 1.4525306651e+00 4.9783109991e-01 1.535474e+00 5.661e-05
1.100000 34.800000 1.4695273040e+00 4.7624224423e-01 1.544771e+00 5.669e-05
1.100000 34.850000 1.4852036616e+00 4.5496531453e-01 1.553327e+00 5.677e-05
1.100000 34.900000 1.4998195758e+00 4.3413989544e-01 1.561389e+00 5.685e-05
1.100000 34.950000 1.5136611896e+00 4.1383966295e-01 1.569214e+00 5.693e-05
1.100000 35.000000 1.5270258371e+00 3.9406610532e-01 1.577053e+00 5.702e-05
1.100000 35.050000 1.5402054592e+00 3.7474578091e-01 1.585140e+00 5.710e-05
1.100000 35.100000 1.5534694023e+00 3.5573137305e-01 1.593679e+00 5.718e-05
1.100000 35.150000 1.5670474430e+00 3.3680660652e-01 1.602834e+00 5.726e-05
1.100000 35.200000 1.5811138443e+00 3.1769494023e-01 1.612715e+00 5.734e-05
1.100000 35.250000 1.5957732111e+00 2.9807183366e-01 1.623373e+00 5.742e-05
1.100000 35.300000 1.6110488964e+00 2.7758027606e-01 1.634787e+00 5.750e-05
1.100000 35.350000 1.6268747078e+00 2.5584913809e-01 1.646870e+00 5.758e-05
1.100000 35.400000 1.6430906468e+00 2.3251373422e-01 1.659461e+00 5.767e-05
1.100000 35.450000 1.6594433650e+00 2.0723776305e-01 1.672334e+00 5.775e-05
1.100000 35.500000 1.6755918791e+00 1.7973553729e-01 1.685204e+00 5.783e-05
1.100000 35.550000 1.6911188387e+00 1.4979316133e-01 1.697740e+00 5.791e-05
1.100000 35.600000 1.7055472578e+00 1.1728712156e-01 1.709575e+00 5.799e-05
1.100000 35.650000 1.7183621321e+00 8.2198689580e-02 1.720327e+00 5.807e-05
1.100000 35.700000 1.7290358142e+00 4.4622660601e-02 1.729612e+00 5.815e-05
1.100000 35.750000 1.7370555016e+00 4.7692891806e-03 1.737062e+00 5.823e-05
1.100000 35.800000 1.7419507934e+00 -3.7041169515e-02 1.742345e+00 5.832e-05
1.100000 35.850000 1.7433190899e+00 -8.0391211578e-02 1.745172e+00 5.840e-05
1.100000 35.900000 1.7408466873e+00 -1.2478528089e-01 1.745313e+00 5.848e-05
1.100000 35.950000 1.7343237720e+00 -1.6967387039e-01 1.742604e+00 5.856e-05
1.100000 36.000000 1.7236521013e+00 -2.1448045355e-01 1.736945e+00 5.864e-05
1.100000 36.050000 1.7088449053e+00 -2.5862887095e-01 1.728305e+00 5.872e-05
1.100000 36.100000 1.6900193499e+00 -3.0156877123e-01 1.716715e+00 5.880e-05
1.100000 36.150000 1.6673826744e+00 -3.4279696242e-01 1.702256e+00 5.888e-05
1.100000 36.200000 1.6412137569e+00 -3.8187303927e-01 1.685055e+00 5.897e-05
1.100000 36.250000 1.6118422806e+00 -4.1842835494e-01 1.665268e+00 5.905e-05
1.100000 36.300000 1.5796278196e+00 -4.5216821236e-01 1.643070e+00 5.913e-05
1.100000 36.350000 1.5449410066e+00 -4.8286795164e-01 1.618643e+00 5.921e-05
1.100000 36.400000 1.5081485103e+00 -5.1036428975e-01 1.592163e+00 5.929e-05
1.100000 36.450000 1.4696028996e+00 -5.3454372616e-01 1.563800e+00 5.937e-05
1.100000 36.500000 1.4296377308e+00 -5.5533000058e-01 1.533706e+00 5.945e-05
1.100000 36.550000 1.3885674588e+00 -5.7267246734e-01 1.502023e+00 5.953e-05
1.100000 36.600000 1.3466911879e+00 -5.8653687930e-01 1.468878e+00 5.961e-05
1.100000 36.650000 1.3042988948e+00 -5.9689954066e-01 1.434393e+00 5.970e-05
1.100000 36.700000 1.2616786190e+00 -6.0374519656e-01 1.398693e+00 5.978e-05
1.100000 36.750000 1.2191232047e+00 -6.0706847675e-01 1.361908e+00 5.986e-05
1.100000 36.800000 1.1769354339e+00 -6.0687827453e-01 1.324190e+00 5.994e-05
1.100000 36.850000 1.1354307524e+00 -6.0320416043e-01 1.285713e+00 6.002e-05
1.100000 36.900000 1.0949371814e+00 -5.9610381124e-01 1.246686e+00 6.010e-05
1.100000 36.950000 1.0557923652e+00 -5.8567045797e-01 1.207356e+00 6.018e-05
1.100000 37.000000 1.0183379931e+00 -5.7203948390e-01 1.168007e+00 6.026e-05
1.100000 37.050000 9.8291202015e-01 -5.5539348409e-01 1.128972e+00 6.035e-05
1.100000 37.100000 9.4983921323e-01 -5.3596528326e-01 1.090621e+00 6.043e-05
1.100000 37.150000 9.1942058683e-01 -5.1403856165e-01 1.053361e+00 6.051e-05
1.100000 37.200000 8.9192230892e-01 -4.8994584742e-01 1.017631e+00 6.059e-05
1.100000 37.250000 8.6756469439e-01 -4.6406371531e-01 9.838819e-01 6.067e-05
1.100000 37.300000 8.4651197222e-01 -4.3680512339e-01 9.525656e-01 6.075e-05
1.100000 37.350000 8.2886360147e-01 -4.0860896700e-01 9.241083e-01 6.083e-05
1.100000 37.400000 8.1464797280e-01 -3.7992715584e-01 8.988860e-01 6.091e-05
1.100000 37.450000 8.0381930723e-01 -3.5120981879e-01 8.771966e-01 6.100e-05
1.100000 37.500000 7.9625840244e-01 -3.2288956076e-01 8.592352e-01 6.108e-05
1.100000 37.550000 7.9177756501e-01 -2.9536596359e-01 8.450756e-01 6.116e-05
1.100000 37.600000 7.9012963228e-01 -2.6899165926e-01 8.346624e-01 6.124e-05
1.100000 37.650000 7.9102049969e-01 -2.4406125469e-01 8.278160e-01 6.132e-05
1.100000 37.700000 7.9412411660e-01 -2.2080413772e-01 8.242497e-01 6.140e-05
1.100000 37.750000 7.9909858182e-01 -1.9938177296e-01 8.235968e-01 6.148e-05
1.100000 37.800000 8.0560182334e-01 -1.7988956858e-01 8.254420e-01 6.156e-05
1.100000 37.850000 8.1330541386e-01 -1.6236284233e-01 8.293536e-01 6.165e-05
1.100000 37.900000 8.2190534842e-01 -1.4678592707e-01 8.349099e-01 6.173e-05
1.100000 37.950000 8.3112905379e-01 -1.3310310722e-01 8.417196e-01 6.181e-05
1.100000 38.000000 8.4073844260e-01 -1.2122992637e-01 8.494338e-01 6.189e-05
1.100000 38.050000 8.5052938455e-01 -1.1106347968e-01 8.577502e-01 6.197e-05
1.100000 38.100000 8.6032844767e-01 -1.0249059131e-01 8.664118e-01 6.205e-05
1.100000 38.150000 8.6998808229e-01 -9.5393228807e-02 8.752023e-01 6.213e-05
1.100000 38.200000 8.7938152506e-01 -8.9651037315e-02 8.839396e-01 6.221e-05
1.100000 38.250000 8.8839857788e-01 -8.5141387729e-02 8.924691e-01 6.230e-05
1.100000 38.300000 8.9694310563e-01 -8.1737729097e-02 9.006598e-01 6.238e-05
1.100000 38.350000 9.0493267091e-01 -7.9307253787e-02 9.084012e-01 6.246e-05
1.100000 38.400000 9.1230027583e-01 -7.7708904176e-02 9.156039e-01 6.254e-05
1.100000 38.450000 9.1899779431e-01 -7.6792596653e-02 9.222007e-01 6.262e-05
1.100000 38.500000 9.2500040887e-01 -7.6400268151e-02 9.281502e-01 6.270e-05
1.100000 38.550000 9.3031123562e-01 -7.6369028694e-02 9.334405e-01 6.278e-05
1.100000 38.600000 9.3496531984e-01 -7.6536390132e-02 9.380927e-01 6.286e-05
1.100000 38.650000 9.3903228358e-01 -7.6747278028e-02 9.421633e-01 6.294e-05
1.100000 38.700000 9.4261706889e-01 -7.6862342418e-02 9.457456e-01 6.303e-05
1.100000 38.750000 9.4585841138e-01 -7.6766968850e-02 9.489685e-01 6.311e-05
1.100000 38.800000 9.4892486797e-01 -7.6380345990e-02 9.519939e-01 6.319e-05
1.100000 38.850000 9.5200838912e-01 -7.5663953472e-02 9.550105e-01 6.327e-05
1.100000 38.900000 9.5531555974e-01 -7.4628871102e-02 9.582261e-01 6.335e-05
1.100000 38.950000 9.5905673608e-01 -7.3341355382e-02 9.618569e-01 6.343e-05
1.100000 39.000000 9.6343339448e-01 -7.1926166062e-02 9.661145e-01 6.351e-05
1.100000 39.050000 9.6862410309e-01 -7.0567152774e-02 9.711912e-01 6.359e-05
1.100000 39.100000 9.7476964835e-01 -6.9504644955e-02 9.772445e-01 6.368e-05
1.100000 39.150000 9.8195799719e-01 -6.9029254181e-02 9.843813e-01 6.376e-05
1.100000 39.200000 9.9020993883e-01 -6.9471823548e-02 9.926440e-01 6.384e-05
1.100000 39.250000 9.9946639371e-01 -7.1189458137e-02 1.001999e+00 6.392e-05
1.100000 39.300000 1.0095784651e+00 -7.4547837724e-02 1.012327e+00 6.400e-05
1.100000 39.350000 1.0203013120e+00 -7.9900322573e-02 1.023425e+00 6.408e-05
1.100000 39.400000 1.0312928261e+00 -8.7564680483e-02 1.035004e+00 6.416e-05
1.100000 39.450000 1.0421179098e+00 -9.7798555327e-02 1.046697e+00 6.424e-05
1.100000 39.500000 1.0522588820e+00 -1.1077504062e-01 1.058074e+00 6.433e-05
1.100000 39.550000 1.0611322098e+00 -1.2655990192e-01 1.068653e+00 6.441e-05
1.100000 39.600000 1.0681113753e+00 -1.4509209768e-01 1.077921e+00 6.449e-05
1.100000 39.650000 1.0725552594e+00 -1.6616926492e-01 1.085351e+00 6.457e-05
1.100000 39.700000 1.0738409615e+00 -1.8943974228e-01 1.090423e+00 6.465e-05
1.100000 39.750000 1.0713995158e+00 -2.1440247839e-01 1.092641e+00 6.473e-05
1.100000 39.800000 1.0647525426e+00 -2.4041580561e-01 1.091557e+00 6.481e-05
1.100000 39.850000 1.0535475406e+00 -2.6671555285e-01 1.086784e+00 6.489e-05
1.100000 39.900000 1.0375893377e+00 -2.9244235289e-01 1.078014e+00 6.498e-05
1.100000 39.950000 1.0168651937e+00 -3.1667730993e-01 1.065035e+00 6.506e-05
1.100000 40.000000 9.9156123221e-01 -3.3848448360e-01 1.047743e+00 6.514e-05
1.100000 40.050000 9.6206825814e-01 -3.5695797205e-01 1.026155e+00 6.522e-05
1.100000 40.100000 9.2897560453e-01 -3.7127079499e-01 1.000419e+00 6.530e-05
1.100000 40.150000 8.9305241660e-01 -3.8072234841e-01 9.708203e-01 6.538e-05
1.100000 40.200000 8.5521669632e-01 -3.8478098669e-01 9.377910e-01 6.546e-05
1.100000 40.250000 8.1649343291e-01 -3.8311834177e-01 9.019097e-01 6.554e-05
1.100000 40.300000 7.7796415301e-01 -3.7563235390e-01 8.639027e-01 6.563e-05
1.100000 40.350000 7.4071113208e-01 -3.6245667627e-01 8.246380e-01 6.571e-05
1.100000 40.400000 7.0576020546e-01 -3.4395509872e-01 7.851131e-01 6.579e-05
1.100000 40.450000 6.7402649910e-01 -3.2070084496e-01 7.464320e-01 6.587e-05
1.100000 40.500000 6.4626738889e-01 -2.9344192604e-01 7.097674e-01 6.595e-05
1.100000 40.550000 6.2304655297e-01 -2.6305504591e-01 6.763024e-01 6.603e-05
1.100000 40.600000 6.0471211060e-01 -2.3049170542e-01 6.471500e-01 6.611e-05
1.100000 40.650000 5.9139060256e-01 -1.9672099076e-01 6.232511e-01 6.619e-05
1.100000 40.700000 5.8299707392e-01 -1.6267393482e-01 6.052672e-01 6.628e-05
1.100000 40.750000 5.7925993264e-01 -1.2919421730e-01 5.934924e-01 6.636e-05
1.100000 40.800000 5.7975777464e-01 -9.6999300021e-02 5.878162e-01 6.644e-05
1.100000 40.850000 5.8396418961e-01 -6.6654936003e-02 5.877559e-01 6.652e-05
1.100000 40.900000 5.9129586564e-01 -3.8564486081e-02 5.925521e-01 6.660e-05
1.100000 40.950000 6.0115919580e-01 -1.2972833780e-02 6.012992e-01 6.668e-05
1.100000 41.000000 6.1299106286e-01 1.0016858791e-02 6.130729e-01 6.676e-05
1.100000 41.050000 6.2629044561e-01 3.0416549183e-02 6.270286e-01 6.684e-05
1.100000 41.100000 6.4063878137e-01 4.8320640584e-02 6.424585e-01 6.693e-05
1.100000 41.150000 6.5570842821e-01 6.3871267045e-02 6.588119e-01 6.701e-05
1.100000 41.200000 6.7125989657e-01 7.7225334965e-02 6.756875e-01 6.709e-05
1.100000 41.250000 6.8712960999e-01 8.8526487779e-02 6.928088e-01 6.717e-05
1.100000 41.300000 7.0321071168e-01 9.7884269061e-02 7.099906e-01 6.725e-05
1.100000 41.350000 7.1942982425e-01 1.0536174754e-01 7.271041e-01 6.733e-05
1.100000 41.400000 7.3572270747e-01 1.1097186446e-01 7.440448e-01 6.741e-05
1.100000 41.450000 7.5201149327e-01 1.1468187429e-01 7.607057e-01 6.749e-05
1.100000 41.500000 7.6818568229e-01 1.1642455060e-01 7.769581e-01 6.757e-05
1.100000 41.550000 7.8408844865e-01 1.1611436606e-01 7.926394e-01 6.766e-05
1.100000 41.600000 7.9950911389e-01 1.1366664117e-01 8.075487e-01 6.774e-05
1.100000 41.650000 8.1418200117e-01 1.0901767018e-01 8.214482e-01 6.782e-05
1.100000 41.700000 8.2779133516e-01 1.0214402555e-01 8.340695e-01 6.790e-05
1.100000 41.750000 8.3998144786e-01 9.3079550210e-02 8.451229e-01 6.798e-05
1.100000 41.800000 8.5037129318e-01 8.1928901708e-02 8.543089e-01 6.806e-05
1.100000 41.850000 8.5857214429e-01 6.8876862260e-02 8.613305e-01 6.814e-05
1.100000 41.900000 8.6420731389e-01 5.4192936372e-02 8.659048e-01 6.822e-05
1.100000 41.950000 8.6693276135e-01 3.8231010372e-02 8.677753e-01 6.831e-05
1.100000 42.000000 8.6645749803e-01 2.1424046635e-02 8.667223e-01 6.839e-05
1.100000 42.050000 8.6256274736e-01 4.2739438255e-03 8.625733e-01 6.847e-05
1.100000 42.100000 8.5511884303e-01 -1.2663163304e-02 8.552126e-01 6.855e-05
1.100000 42.150000 8.4409885394e-01 -2.8795735209e-02 8.445899e-01 6.863e-05
1.100000 42.200000 8.2958792699e-01 -4.3519160421e-02 8.307286e-01 6.871e-05
1.100000 42.250000 8.1178737343e-01 -5.6240695619e-02 8.137332e-01 6.879e-05
1.100000 42.300000 7.9101264508e-01 -6.6405792859e-02 7.937951e-01 6.887e-05
1.100000 42.350000 7.6768460651e-01 -7.3524244824e-02 7.711974e-01 6.896e-05
1.100000 42.400000 7.4231393725e-01 -7.7194277530e-02 7.463169e-01 6.904e-05
1.100000 42.450000 7.1547908741e-01 -7.7122555681e-02 7.196237e-01 6.912e-05
1.100000 42.500000 6.8779890015e-01 -7.3138122099e-02 6.916766e-01 6.920e-05
1.100000 42.550000 6.5990170695e-01 -6.5198619768e-02 6.631147e-01 6.928e-05
1.100000 42.600000 6.3239327729e-01 -5.3387741702e-02 6.346428e-01 6.936e-05
1.100000 42.650000 6.0582635228e-01 -3.7903664295e-02 6.070109e-01 6.944e-05
1.100000 42.700000 5.8067453485e-01 -1.9039144113e-02 5.809866e-01 6.952e-05
1.100000 42.750000 5.5731301718e-01 2.8451270148e-03 5.573203e-01 6.961e-05
1.100000 42.800000 5.3600801761e-01 2.7351533617e-02 5.367054e-01 6.969e-05
1.100000 42.850000 5.1691594079e-01 5.4078003728e-02 5.197370e-01 6.977e-05
1.100000 42.900000 5.0009226506e-01 8.2648807301e-02 5.068758e-01 6.985e-05
1.100000 42.950000 4.8550912542e-01 1.1274071084e-01 4.984271e-01 6.993e-05
1.100000 43.000000 4.7307963173e-01 1.4410201562e-01 4.945399e-01 7.001e-05
1.100000 43.050000 4.6268626479e-01 1.7656280258e-01 4.952303e-01 7.009e-05
1.100000 43.100000 4.5421031973e-01 2.1003568958e-01 5.004218e-01 7.017e-05
1.100000 43.150000 4.4755935993e-01 2.4450744193e-01 5.099934e-01 7.026e-05
1.100000 43.200000 4.4268998873e-01 2.8002272439e-01 5.238198e-01 7.034e-05
1.100000 43.250000 4.3962387150e-01 3.1666202915e-01 5.417970e-01 7.042e-05
1.100000 43.300000 4.3845574289e-01 3.5451628666e-01 5.638486e-01 7.050e-05
1.100000 43.350000 4.3935300332e-01 3.9366084414e-01 5.899152e-01 7.058e-05
1.100000 43.400000 4.4254734669e-01 4.3413139876e-01 6.199340e-01 7.066e-05
1.100000 43.450000 4.4831959695e-01 4.7590414106e-01 6.538159e-01 7.074e-05
1.100000 43.500000 4.5697951456e-01 5.1888185110e-01 6.914251e-01 7.082e-05
1.100000 43.550000 4.6884273308e-01 5.6288704405e-01 7.325676e-01 7.091e-05
1.100000 43.600000 4.8420717493e-01 6.0766253850e-01 7.769880e-01 7.099e-05
1.100000 43.650000 5.0333125822e-01 6.5287907769e-01 8.243746e-01 7.107e-05
1.100000 43.700000 5.2641594222e-01 6.9814894110e-01 8.743716e-01 7.115e-05
1.100000 43.750000 5.5359219109e-01 7.4304391109e-01 9.265951e-01 7.123e-05
1.100000 43.800000 5.8491481147e-01 7.8711557039e-01 9.806509e-01 7.131e-05
1.100000 43.850000 6.2036290994e-01 8.2991574059e-01 1.036152e+00 7.139e-05
1.100000 43.900000 6.5984649888e-01 8.7101494412e-01 1.092733e+00 7.147e-05
1.100000 43.950000 7.0321812959e-01 9.1001706906e-01 1.150064e+00 7.156e-05
1.100000 44.000000 7.5028791477e-01 9.4656890325e-01 1.207860e+00 7.164e-05
1.100000 44.050000 8.0083997251e-01 9.8036383359e-01 1.265882e+00 7.172e-05
1.100000 44.100000 8.5464821980e-01 1.0111397131e+00 1.323944e+00 7.180e-05
1.100000 44.150000 9.1148958817e-01 1.0386716055e+00 1.381902e+00 7.188e-05
1.100000 44.200000 9.7115312272e-01 1.0627607339e+00 1.439652e+00 7.196e-05
1.100000 44.250000 1.0334440149e+00 1.0832213938e+00 1.497122e+00 7.204e-05
1.100000 44.300000 1.0981823271e+00 1.0998677716e+00 1.554257e+00 7.212e-05
1.100000 44.350000 1.1651968775e+00 1.1125025041e+00 1.611008e+00 7.221e-05
1.100000 44.400000 1.2343153461e+00 1.1209084495e+00 1.667324e+00 7.229e-05
1.100000 44.450000 1.3053520432e+00 1.1248445959e+00 1.723142e+00 7.237e-05
1.100000 44.500000 1.3780949002e+00 1.1240464282e+00 1.778377e+00 7.245e-05
1.100000 44.550000 1.4522931216e+00 1.1182305197e+00 1.832920e+00 7.253e-05
1.100000 44.600000 1.5276466371e+00 1.1071027103e+00 1.886632e+00 7.261e-05
1.100000 44.650000 1.6037981162e+00 1.0903690115e+00 1.939349e+00 7.269e-05
1.100000 44.700000 1.6803279421e+00 1.0677483358e+00 1.990876e+00 7.277e-05
1.100000 44.750000 1.7567522525e+00 1.0389862306e+00 2.040998e+00 7.285e-05
1.100000 44.800000 1.8325239807e+00 1.0038689446e+00 2.089473e+00 7.294e-05
1.100000 44.850000 1.9070367538e+00 9.6223730435e-01 2.136045e+00 7.302e-05
1.100000 44.900000 1.9796315040e+00 9.1399998171e-01 2.180444e+00 7.310e-05
1.100000 44.950000 2.0496056823e+00 8.5914577473e-01 2.222389e+00 7.318e-05
1.100000 45.000000 2.1162249794e+00 7.9775450392e-01 2.261597e+00 7.326e-05
1.100000 45.050000 2.1787374328e+00 7.3000606356e-01 2.297783e+00 7.334e-05
1.100000 45.100000 2.2363897113e+00 6.5618710358e-01 2.330670e+00 7.342e-05
1.100000 45.150000 2.2884452198e+00 5.7669478474e-01 2.359991e+00 7.350e-05
1.100000 45.200000 2.3342034885e+00 4.9203708142e-01 2.385499e+00 7.359e-05
1.100000 45.250000 2.3730201284e+00 4.0282921245e-01 2.406968e+00 7.367e-05
1.100000 45.300000 2.4043264925e+00 3.0978595581e-01 2.424202e+00 7.375e-05
1.100000 45.350000 2.4276480962e+00 2.1370982280e-01 2.437037e+00 7.383e-05
1.100000 45.400000 2.4426208320e+00 1.1547530473e-01 2.445349e+00 7.391e-05
1.100000 45.450000 2.4490040540e+00 1.6009639134e-02 2.449056e+00 7.399e-05
1.100000 45.500000 2.4466896982e+00 -8.3729235833e-02 2.448122e+00 7.407e-05
1.100000 45.550000 2.4357067328e+00 -1.8277665972e-01 2.442555e+00 7.415e-05
1.100000 45.600000 2.4162204215e+00 -2.8018608159e-01 2.432411e+00 7.424e-05
1.100000 45.650000 2.3885261264e+00 -3.7505348814e-01 2.417793e+00 7.432e-05
1.100000 45.700000 2.3530377045e+00 -4.6654004230e-01 2.398843e+00 7.440e-05
1.100000 45.750000 2.3102709471e+00 -5.5389150706e-01 2.375741e+00 7.448e-05
1.100000 45.800000 2.2608229488e+00 -6.3645311858e-01 2.348700e+00 7.456e-05
1.100000 45.850000 2.2053487194e+00 -7.1367881647e-01 2.317952e+00 7.464e-05
1.100000 45.900000 2.1445367134e+00 -7.8513413944e-01 2.283741e+00 7.472e-05
1.100000 45.950000 2.0790851786e+00 -8.5049262752e-01 2.246315e+00 7.480e-05
1.100000 46.000000 2.0096812691e+00 -9.0952619229e-01 2.205914e+00 7.489e-05
1.100000 46.050000 1.9369847017e+00 -9.6209055849e-01 2.162759e+00 7.497e-05
1.100000 46.100000 1.8616173353e+00 -1.0081074673e+00 2.117050e+00 7.505e-05
1.100000 46.150000 1.7841594384e+00 -1.0475457762e+00 2.068956e+00 7.513e-05
1.100000 46.200000 1.7051526400e+00 -1.0804038072e+00 2.018618e+00 7.521e-05
1.100000 46.250000 1.6251087072e+00 -1.1066952153e+00 1.966152e+00 7.529e-05
1.100000 46.300000 1.5445224978e+00 -1.1264402428e+00 1.911653e+00 7.537e-05
1.100000 46.350000 1.4638868263e+00 -1.1396635216e+00 1.855208e+00 7.545e-05
1.100000 46.400000 1.3837066825e+00 -1.1463986777e+00 1.796907e+00 7.554e-05
1.100000 46.450000 1.3045103159e+00 -1.1466990238e+00 1.736855e+00 7.562e-05
1.100000 46.500000 1.2268551515e+00 -1.1406527691e+00 1.675190e+00 7.570e-05
1.100000 46.550000 1.1513272302e+00 -1.1284005620e+00 1.612092e+00 7.578e-05
1.100000 46.600000 1.0785337629e+00 -1.1101529173e+00 1.547797e+00 7.586e-05
1.100000 46.650000 1.0090892598e+00 -1.0862051602e+00 1.482600e+00 7.594e-05
1.100000 46.700000 9.4359644149e-01 -1.0569479071e+00 1.416867e+00 7.602e-05
1.100000 46.750000 8.8262364729e-01 -1.0228716804e+00 1.351033e+00 7.610e-05
1.100000 46.800000 8.2668070454e-01 -9.8456491740e-01 1.285601e+00 7.619e-05
1.100000 46.850000 7.7619524166e-01 -9.4270526627e-01 1.221136e+00 7.627e-05
1.100000 46.900000 7.3149126117e-01 -8.9804460349e-01 1.158259e+00 7.635e-05
1.100000 46.950000 6.9277151961e-01 -8.5138861595e-01 1.097632e+00 7.643e-05
1.100000 47.000000 6.6010494893e-01 -8.0357207830e-01 1.039936e+00 7.651e-05
1.100000 47.050000 6.3342004430e-01 -7.5543114810e-01 9.858485e-01 7.659e-05
1.100000 47.100000 6.1250485131e-01 -7.0777414230e-01 9.360056e-01 7.667e-05
1.100000 47.150000 5.9701389398e-01 -6.6135238195e-01 8.909616e-01 7.675e-05
1.100000 47.200000 5.8648205753e-01 -6.1683280748e-01 8.511427e-01 7.684e-05
1.100000 47.250000 5.8034503597e-01 -5.7477414825e-01 8.168021e-01 7.692e-05
1.100000 47.300000 5.7796545945e-01 -5.3560841846e-01 7.879851e-01 7.700e-05
1.100000 47.350000 5.7866325556e-01 -4.9962933326e-01 7.645133e-01 7.708e-05
1.100000 47.400000 5.8174824995e-01 -4.6698883683e-01 7.459957e-01 7.716e-05
1.100000 47.450000 5.8655258770e-01 -4.3770229573e-01 7.318656e-01 7.724e-05
1.100000 47.500000 5.9246037463e-01 -4.1166209067e-01 7.214395e-01 7.732e-05
1.100000 47.550000 5.9893208206e-01 -3.8865845099e-01 7.139853e-01 7.740e-05
1.100000 47.600000 6.0552174765e-01 -3.6840557028e-01 7.087872e-01 7.749e-05
1.100000 47.650000 6.1188578373e-01 -3.5057046512e-01 7.051977e-01 7.757e-05
1.100000 47.700000 6.1778315155e-01 -3.3480179723e-01 7.026722e-01 7.765e-05
1.100000 47.750000 6.2306762352e-01 -3.2075601229e-01 7.007836e-01 7.773e-05
1.100000 47.800000 6.2767368214e-01 -3.0811862438e-01 6.992220e-01 7.781e-05
1.100000 47.850000 6.3159817747e-01 -2.9661920271e-01 6.977816e-01 7.789e-05
1.100000 47.900000 6.3488011578e-01 -2.8603947234e-01 6.963414e-01 7.797e-05
1.100000 47.950000 6.3758087126e-01 -2.7621478650e-01 6.948410e-01 7.805e-05
1.100000 48.000000 6.3976674243e-01 -2.6702994237e-01 6.932579e-01 7.814e-05
1.100000 48.050000 6.4149520171e-01 -2.5841080143e-01 6.915868e-01 7.822e-05
1.100000 48.100000 6.4280552193e-01 -2.5031339191e-01 6.898230e-01 7.830e-05
1.100000 48.150000 6.4371382714e-01 -2.4271211826e-01 6.879511e-01 7.838e-05
1.100000 48.200000 6.4421210925e-01 -2.3558843415e-01 6.859382e-01 7.846e-05
1.100000 48.250000 6.4427043961e-01 -2.2892094309e-01 6.837318e-01 7.854e-05
1.100000 48.300000 6.4384149668e-01 -2.2267747870e-01 6.812614e-01 7.862e-05
1.100000 48.350000 6.4286658844e-01 -2.1680937319e-01 6.784422e-01 7.870e-05
1.100000 48.400000 6.4128249763e-01 -2.1124789885e-01 6.751807e-01 7.879e-05
1.100000 48.450000 6.3902864079e-01 -2.0590276617e-01 6.713818e-01 7.887e-05
1.100000 48.500000 6.3605414943e-01 -2.0066254530e-01 6.669560e-01 7.895e-05
1.100000 48.550000 6.3232453198e-01 -1.9539689144e-01 6.618265e-01 7.903e-05
1.100000 48.600000 6.2782757058e-01 -1.8996044725e-01 6.559363e-01 7.911e-05
1.100000 48.650000 6.2257808595e-01 -1.8419824191e-01 6.492553e-01 7.919e-05
1.100000 48.700000 6.1662120417e-01 -1.7795230706e-01 6.417856e-01 7.927e-05
1.100000 48.750000 6.1003381124e-01 -1.7106910942e-01 6.335660e-01 7.935e-05
1.100000 48.800000 6.0292399252e-01 -1.6340729033e-01 6.246753e-01 7.944e-05
1.100000 48.850000 5.9542841451e-01 -1.5484513628e-01 6.152333e-01 7.952e-05
1.100000 48.900000 5.8770779316e-01 -1.4528720144e-01 6.053997e-01 7.960e-05
1.100000 48.950000 5.7994077546e-01 -1.3466957328e-01 5.953715e-01 7.968e-05
1.100000 49.000000 5.7231670821e-01 -1.2296340931e-01 5.853772e-01 7.976e-05
1.100000 49.050000 5.6502785135e-01 -1.1017655752e-01 5.756695e-01 7.984e-05
1.100000 49.100000 5.5826159684e-01 -9.6353273805e-02 5.665156e-01 7.992e-05
1.100000 49.150000 5.5219317711e-01 -8.1572227375e-02 5.581858e-01 8.000e-05
1.100000 49.200000 5.4697920979e-01 -6.5943104874e-02 5.509399e-01 8.008e-05
1.100000 49.250000 5.4275226525e-01 -4.9602164810e-02 5.450141e-01 8.017e-05
1.100000 49.300000 5.3961650315e-01 -3.2707058642e-02 5.406068e-01 8.025e-05
1.100000 49.350000 5.3764433778e-01 -1.5431149240e-02 5.378657e-01 8.033e-05
1.100000 49.400000 5.3687407280e-01 2.0425389739e-03 5.368780e-01 8.041e-05
1.100000 49.450000 5.3730848257e-01 1.9527673382e-02 5.376632e-01 8.049e-05
1.100000 49.500000 5.3891437951e-01 3.6841225713e-02 5.401722e-01 8.057e-05
1.100000 49.550000 5.4162326330e-01 5.3810270443e-02 5.442897e-01 8.065e-05
1.100000 49.600000 5.4533317222e-01 7.0278834222e-02 5.498431e-01 8.073e-05
1.100000 49.650000 5.4991184410e-01 8.6114590827e-02 5.566137e-01 8.082e-05
1.100000 49.700000 5.5520124712e-01 1.0121513571e-01 5.643518e-01 8.090e-05
1.100000 49.750000 5.6102347260e-01 1.1551353385e-01 5.727920e-01 8.098e-05
1.100000 49.800000 5.6718790118e-01 1.2898281659e-01 5.816689e-01 8.106e-05
1.100000 49.850000 5.7349946649e-01 1.4163910856e-01 5.907311e-01 8.114e-05
1.100000 49.900000 5.7976775128e-01 1.5354309577e-01 5.997551e-01 8.122e-05
1.100000 49.950000 5.8581656777e-01 1.6479960528e-01 6.085556e-01 8.130e-05
1.100000 50.000000 5.9149360860e-01 1.7555515394e-01 6.169962e-01 8.138e-05
1.100000 50.050000 5.9667972014e-01 1.8599343044e-01 6.249962e-01 8.147e-05
1.100000 50.100000 6.0129735216e-01 1.9632878518e-01 6.325373e-01 8.155e-05
1.100000 50.150000 6.0531777268e-01 2.0679789907e-01 6.396679e-01 8.163e-05
1.100000 50.200000 6.0876668868e-01 2.1764987432e-01 6.465047e-01 8.171e-05
1.100000 50.250000 6.1172796689e-01 2.2913503902e-01 6.532335e-01 8.179e-05
1.100000 50.300000 6.1434519199e-01 2.4149279584e-01 6.601051e-01 8.187e-05
1.100000 50.350000 6.1682083578e-01 2.5493888661e-01 6.674292e-01 8.195e-05
1.100000 50.400000 6.1941285020e-01 2.6965249868e-01 6.755625e-01 8.203e-05
1.100000 50.450000 6.2242855493e-01 2.8576370218e-01 6.848928e-01 8.212e-05
1.100000 50.500000 6.2621577407e-01 3.0334176911e-01 6.958178e-01 8.220e-05
1.100000 50.550000 6.3115128583e-01 3.2238497118e-01 7.087200e-01 8.228e-05
1.100000 50.600000 6.3762677745e-01 3.4281247749e-01 7.239394e-01 8.236e-05
1.100000 50.650000 6.4603263771e-01 3.6445897154e-01 7.417469e-01 8.244e-05
1.100000 50.700000 6.5674007252e-01 3.8707258133e-01 7.623206e-01 8.252e-05
1.100000 50.750000 6.7008219692e-01 4.1031665823e-01 7.857289e-01 8.260e-05
1.100000 50.800000 6.8633494016e-01 4.3377583538e-01 8.119219e-01 8.268e-05
1.100000 50.850000 7.0569878522e-01 4.5696662163e-01 8.407314e-01 8.277e-05
1.100000 50.900000 7.2828251957e-01 4.7935252733e-01 8.718797e-01 8.285e-05
1.100000 50.950000 7.5409025584e-01 5.0036337434e-01 9.049948e-01 8.293e-05
1.100000 51.000000 7.8301294555e-01 5.1941804062e-01 9.396299e-01 8.301e-05
1.100000 51.050000 8.1482542501e-01 5.3594947931e-01 9.752858e-01 8.309e-05
1.100000 51.100000 8.4918969385e-01 5.4943049343e-01 1.011433e+00 8.317e-05
1.100000 51.150000 8.8566465399e-01 5.5939850419e-01 1.047535e+00 8.325e-05
1.100000 51.200000 9.2372197402e-01 5.6547747141e-01 1.083064e+00 8.333e-05
1.100000 51.250000 9.6276715413e-01 5.6739524357e-01 1.117523e+00 8.342e-05
1.100000 51.300000 1.0021643199e+00 5.6499494116e-01 1.150458e+00 8.350e-05
1.100000 51.350000 1.0412628505e+00 5.5823949422e-01 1.181465e+00 8.358e-05
1.100000 51.400000 1.0794237185e+00 5.4720911783e-01 1.210204e+00 8.366e-05
1.100000 51.450000 1.1160434453e+00 5.3209223547e-01 1.236396e+00 8.374e-05
1.100000 51.500000 1.1505738723e+00 5.1317104725e-01 1.259827e+00 8.382e-05
1.100000 51.550000 1.1825364970e+00 4.9080347071e-01 1.280344e+00 8.390e-05
1.100000 51.600000 1.2115308268e+00 4.6540346337e-01 1.297847e+00 8.398e-05
1.100000 51.650000 1.2372369598e+00 4.3742171599e-01 1.312285e+00 8.407e-05
1.100000 51.700000 1.2594132594e+00 4.0732839896e-01 1.323646e+00 8.415e-05
1.100000 51.750000 1.2778904515e+00 3.7559912363e-01 1.331945e+00 8.423e-05
1.100000 51.800000 1.2925636708e+00 3.4270466204e-01 1.337224e+00 8.431e-05
1.100000 51.850000 1.3033839230e+00 3.0910437343e-01 1.339535e+00 8.439e-05
1.100000 51.900000 1.3103501650e+00 2.7524281420e-01 1.338946e+00 8.447e-05
1.100000 51.950000 1.3135028234e+00 2.4154871459e-01 1.335528e+00 8.455e-05
1.100000 52.000000 1.3129191631e+00 2.0843539862e-01 1.329362e+00 8.463e-05
1.100000 52.050000 1.3087105564e+00 1.7630177480e-01 1.320532e+00 8.472e-05
1.100000 52.100000 1.3010214370e+00 1.4553318065e-01 1.309136e+00 8.480e-05
1.100000 52.150000 1.2900295654e+00 1.1650156822e-01 1.295279e+00 8.488e-05
1.100000 52.200000 1.2759471764e+00 8.9564715254e-02 1.279087e+00 8.496e-05
1.100000 52.250000 1.2590226000e+00 6.5064301078e-02 1.260703e+00 8.504e-05
1.100000 52.300000 1.2395419863e+00 4.3322778845e-02 1.240299e+00 8.512e-05
1.100000 52.350000 1.2178308056e+00 2.4639014681e-02 1.218080e+00 8.520e-05
1.100000 52.400000 1.1942547807e+00 9.2826805840e-03 1.194291e+00 8.528e-05
1.100000 52.450000 1.1692198562e+00 -2.5125742298e-03 1.169223e+00 8.537e-05
1.100000 52.500000 1.1431707297e+00 -1.0557048742e-02 1.143219e+00 8.545e-05
1.100000 52.550000 1.1165874285e+00 -1.4713708621e-02 1.116684e+00 8.553e-05
1.100000 52.600000 1.0899794550e+00 -1.4907156491e-02 1.090081e+00 8.561e-05
1.100000 52.650000 1.0638771959e+00 -1.1132072282e-02 1.063935e+00 8.569e-05
1.100000 52.700000 1.0388205880e+00 -3.4601741133e-03 1.038826e+00 8.577e-05
1.100000 52.750000 1.0153454146e+00 7.9552769384e-03 1.015377e+00 8.585e-05
1.100000 52.800000 9.9396799126e-01 2.2878255455e-02 9.942313e-01 8.593e-05
1.100000 52.850000 9.7516930035e-01 4.0992546199e-02 9.760305e-01 8.602e-05
1.100000 52.900000 9.5937977808e-01 6.1908202886e-02 9.613752e-01 8.610e-05
1.100000 52.950000 9.4696591007e-01 8.5171530285e-02 9.507884e-01 8.618e-05
1.100000 53.000000 9.3821956256e-01 1.1027784378e-01 9.446783e-01 8.626e-05
1.100000 53.050000 9.3335061663e-01 1.3668601253e-01 9.433061e-01 8.634e-05
1.100000 53.100000 9.3248305821e-01 1.6383372173e-01 9.467661e-01 8.642e-05
1.100000 53.150000 9.3565429133e-01 1.9115249826e-01 9.549807e-01 8.650e-05
1.100000 53.200000 9.4281716316e-01 2.1808179580e-01 9.677106e-01 8.658e-05
1.100000 53.250000 9.5384406770e-01 2.4408176334e-01 9.845783e-01 8.667e-05
1.100000 53.300000 9.6853254633e-01 2.6864463980e-01 1.005100e+00 8.675e-05
1.100000 53.350000 9.8661199909e-01 2.9130494248e-01 1.028719e+00 8.683e-05
1.100000 53.400000 1.0077513921e+00 3.1164868699e-01 1.054840e+00 8.691e-05
1.100000 53.450000 1.0315680998e+00 3.2932177130e-01 1.082860e+00 8.699e-05
1.100000 53.500000 1.0576381609e+00 3.4403741160e-01 1.112187e+00 8.707e-05
1.100000 53.550000 1.0855081918e+00 3.5558221237e-01 1.142264e+00 8.715e-05
1.100000 53.600000 1.1147089747e+00 3.6382019497e-01 1.172579e+00 8.723e-05
1.100000 53.650000 1.1447703676e+00 3.6869399740e-01 1.202678e+00 8.732e-05
1.100000 53.700000 1.1752367681e+00 3.7022255544e-01 1.232171e+00 8.740e-05
1.100000 53.750000 1.2056820044e+00 3.6849488840e-01 1.260737e+00 8.748e-05
1.100000 53.800000 1.2357223447e+00 3.6366008769e-01 1.288122e+00 8.756e-05
1.100000 53.850000 1.2650263563e+00 3.5591414875e-01 1.314141e+00 8.764e-05
1.100000 53.900000 1.2933206365e+00 3.4548478105e-01 1.338670e+00 8.772e-05
1.100000 53.950000 1.3203909175e+00 3.3261567139e-01 1.361641e+00 8.780e-05
1.100000 54.000000 1.3460786519e+00 3.1755178682e-01 1.383028e+00 8.788e-05
1.100000 54.050000 1.3702737848e+00 3.0052715351e-01 1.402842e+00 8.797e-05
1.100000 54.100000 1.3929049108e+00 2.8175615924e-01 1.421116e+00 8.805e-05
1.100000 54.150000 1.4139283007e+00 2.6142886651e-01 1.437894e+00 8.813e-05
1.100000 54.200000 1.4333173037e+00 2.3971020028e-01 1.453224e+00 8.821e-05
1.100000 54.250000 1.4510533927e+00 2.1674230950e-01 1.467151e+00 8.829e-05
1.100000 54.300000 1.4671196668e+00 1.9264900786e-01 1.479714e+00 8.837e-05
1.100000 54.350000 1.4814970731e+00 1.6754104862e-01 1.490941e+00 8.845e-05
1.100000 54.400000 1.4941630698e+00 1.4152109541e-01 1.500850e+00 8.853e-05
1.100000 54.450000 1.5050920436e+00 1.1468756972e-01 1.509455e+00 8.862e-05
1.100000 54.500000 1.5142565904e+00 8.7136995691e-02 1.516762e+00 8.870e-05
1.100000 54.550000 1.5216287812e+00 5.8964915000e-02 1.522771e+00 8.878e-05
1.100000 54.600000 1.5271807446e+00 3.0265812652e-02 1.527481e+00 8.886e-05
1.100000 54.650000 1.5308842159e+00 1.1327141516e-03 1.530885e+00 8.894e-05
1.100000 54.700000 1.5327090749e+00 -2.8342838196e-02 1.532971e+00 8.902e-05
1.100000 54.750000 1.5326212219e+00 -5.8069835988e-02 1.533721e+00 8.910e-05
1.100000 54.800000 1.5305803815e+00 -8.7955527505e-02 1.533106e+00 8.918e-05
1.100000 54.850000 1.5265385305e+00 -1.1790176958e-01 1.531085e+00 8.927e-05
1.100000 54.900000 1.5204396077e+00 -1.4780028975e-01 1.527606e+00 8.935e-05
1.100000 54.950000 1.5122209840e+00 -1.7752741246e-01 1.522606e+00 8.943e-05
1.100000 55.000000 1.5018168932e+00 -2.0693896659e-01 1.516007e+00 8.951e-05
1.100000 55.050000 1.4891636983e+00 -2.3586610900e-01 1.507727e+00 8.959e-05
1.100000 55.100000 1.4742065868e+00 -2.6411266754e-01 1.497678e+00 8.967e-05
1.100000 55.150000 1.4569071040e+00 -2.9145436448e-01 1.485774e+00 8.975e-05
1.100000 55.200000 1.4372508986e+00 -3.1764000051e-01 1.471933e+00 8.983e-05
1.100000 55.250000 1.4152551608e+00 -3.4239444260e-01 1.456084e+00 8.991e-05
1.100000 55.300000 1.3909754233e+00 -3.6542313412e-01 1.438175e+00 9.000e-05
1.100000 55.350000 1.3645115988e+00 -3.8641785750e-01 1.418172e+00 9.008e-05
1.100000 55.400000 1.3360132542e+00 -4.0506360471e-01 1.396069e+00 9.016e-05
1.100000 55.450000 1.3056841275e+00 -4.2104658418e-01 1.371893e+00 9.024e-05
1.100000 55.500000 1.2737857697e+00 -4.3406353287e-01 1.345712e+00 9.032e-05
1.100000 55.550000 1.2406399711e+00 -4.4383253849e-01 1.317640e+00 9.040e-05
1.100000 55.600000 1.2066293949e+00 -4.5010546682e-01 1.287847e+00 9.048e-05
1.100000 55.650000 1.1721956500e+00 -4.5268183256e-01 1.256568e+00 9.056e-05
1.100000 55.700000 1.1378339802e+00 -4.5142358263e-01 1.224112e+00 9.065e-05
1.100000 55.750000 1.1040838686e+00 -4.4626984607e-01 1.190864e+00 9.073e-05
1.100000 55.800000 1.0715151814e+00 -4.3725032907e-01 1.157295e+00 9.081e-05
1.100000 55.850000 1.0407099826e+00 -4.2449579317e-01 1.123955e+00 9.089e-05
1.100000 55.900000 1.0122407817e+00 -4.0824403638e-01 1.091464e+00 9.097e-05
1.100000 55.950000 9.8664662391e-01 -3.8884005934e-01 1.060504e+00 9.105e-05
1.100000 56.000000 9.6440896115e-01 -3.6672964911e-01 1.031783e+00 9.113e-05
1.100000 56.050000 9.4592952453e-01 -3.4244639012e-01 1.006008e+00 9.121e-05
1.100000 56.100000 9.3151234053e-01 -3.1659298788e-01 9.838427e-01 9.130e-05
1.100000 56.150000 9.2135157934e-01 -2.8981859218e-01 9.658590e-01 9.138e-05
1.100000 56.200000 9.1552614280e-01 -2.6279435706e-01 9.524962e-01 9.146e-05
1.100000 56.250000 9.1400093920e-01 -2.3618964105e-01 9.440250e-01 9.154e-05
1.100000 56.300000 9.1663384621e-01 -2.1065098420e-01 9.405272e-01 9.162e-05
1.100000 56.350000 9.2318662901e-01 -1.8678534732e-01 9.418929e-01 9.170e-05
1.100000 56.400000 9.3333771016e-01 -1.6514820039e-01 9.478361e-01 9.178e-05
1.100000 56.450000 9.4669475133e-01 -1.4623609348e-01 9.579227e-01 9.186e-05
1.100000 56.500000 9.6280547809e-01 -1.3048253219e-01 9.716070e-01 9.195e-05
1.100000 56.550000 9.8116594717e-01 -1.1825547440e-01 9.882667e-01 9.203e-05
1.100000 56.600000 1.0012263537e+00 -1.0985465833e-01 1.007235e+00 9.211e-05
1.100000 56.650000 1.0223953151e+00 -1.0550727332e-01 1.027825e+00 9.219e-05
1.100000 56.700000 1.0440441816e+00 -1.0536112298e-01 1.049347e+00 9.227e-05
1.100000 56.750000 1.0655131935e+00 -1.0947527132e-01 1.071122e+00 9.235e-05
1.100000 56.800000 1.0861211838e+00 -1.1780903988e-01 1.092492e+00 9.243e-05
1.100000 56.850000 1.1051800385e+00 -1.3021097159e-01 1.112824e+00 9.251e-05
1.100000 56.900000 1.1220143712e+00 -1.4640986194e-01 1.131526e+00 9.260e-05
1.100000 56.950000 1.1359859697e+00 -1.6601009902e-01 1.148052e+00 9.268e-05
1.100000 57.000000 1.1465216813e+00 -1.8849333257e-01 1.161913e+00 9.276e-05
1.100000 57.050000 1.1531426534e+00 -2.1322794578e-01 1.172691e+00 9.284e-05
1.100000 57.100000 1.1554923414e+00 -2.3948701176e-01 1.180049e+00 9.292e-05
1.100000 57.150000 1.1533604963e+00 -2.6647448359e-01 1.183744e+00 9.300e-05
1.100000 57.200000 1.1467004949e+00 -2.9335840967e-01 1.183631e+00 9.308e-05
1.100000 57.250000 1.1356378390e+00 -3.1930910018e-01 1.179674e+00 9.316e-05
1.100000 57.300000 1.1204684052e+00 -3.4353950705e-01 1.171951e+00 9.325e-05
1.100000 57.350000 1.1016459714e+00 -3.6534470632e-01 1.160647e+00 9.333e-05
1.100000 57.400000 1.0797595714e+00 -3.8413734677e-01 1.146055e+00 9.341e-05
1.100000 57.450000 1.0555021991e+00 -3.9947625758e-01 1.128568e+00 9.349e-05
1.100000 57.500000 1.0296331739e+00 -4.1108604370e-01 1.108664e+00 9.357e-05
1.100000 57.550000 1.0029369887e+00 -4.1886634430e-01 1.086891e+00 9.365e-05
1.100000 57.600000 9.7618165006e-01 -4.2289036110e-01 1.063845e+00 9.373e-05
1.100000 57.650000 9.5007940126e-01 -4.2339315899e-01 1.040150e+00 9.381e-05
1.100000 57.700000 9.2525234246e-01 -4.2075100343e-01 1.016427e+00 9.390e-05
1.100000 57.750000 9.0220491885e-01 -4.1545357486e-01 9.932650e-01 9.398e-05
1.100000 57.800000 8.8130460025e-01 -4.0807127013e-01 9.711951e-01 9.406e-05
1.100000 57.850000 8.6277139532e-01 -3.9921997015e-01 9.506582e-01 9.414e-05
1.100000 57.900000 8.4667617135e-01 -3.8952563121e-01 9.319822e-01 9.422e-05
1.100000 57.950000 8.3294713087e-01 -3.7959085529e-01 9.153634e-01 9.430e-05
1.100000 58.000000 8.2138327723e-01 -3.6996522693e-01 9.008578e-01 9.438e-05
1.100000 58.050000 8.1167333585e-01 -3.6112070411e-01 8.883815e-01 9.446e-05
1.100000 58.100000 8.0341843215e-01 -3.5343277772e-01 8.777220e-01 9.455e-05
1.100000 58.150000 7.9615687946e-01 -3.4716755441e-01 8.685569e-01 9.463e-05
1.100000 58.200000 7.8938967645e-01 -3.4247446200e-01 8.604794e-01 9.471e-05
1.100000 58.250000 7.8260568365e-01 -3.3938400082e-01 8.530259e-01 9.479e-05
1.100000 58.300000 7.7530584247e-01 -3.3780989925e-01 8.457037e-01 9.487e-05
1.100000 58.350000 7.6702611204e-01 -3.3755515518e-01 8.380170e-01 9.495e-05
1.100000 58.400000 7.5735894977e-01 -3.3832168537e-01 8.294903e-01 9.503e-05
1.100000 58.450000 7.4597311577e-01 -3.3972355817e-01 8.196877e-01 9.511e-05
1.100000 58.500000 7.3263136066e-01 -3.4130394634e-01 8.082308e-01 9.520e-05
1.100000 58.550000 7.1720523107e-01 -3.4255592213e-01 7.948131e-01 9.528e-05
1.100000 58.600000 6.9968589994e-01 -3.4294698309e-01 7.792131e-01 9.536e-05
1.100000 58.650000 6.8018971518e-01 -3.4194675884e-01 7.613052e-01 9.544e-05
1.100000 58.700000 6.5895715989e-01 -3.3905676753e-01 7.410695e-01 9.552e-05
1.100000 58.750000 6.3634419603e-01 -3.3384047734e-01 7.185982e-01 9.560e-05
1.100000 58.800000 6.1280553051e-01 -3.2595141428e-01 6.941001e-01 9.568e-05
1.100000 58.850000 5.8887014802e-01 -3.1515677464e-01 6.679011e-01 9.576e-05
1.100000 58.900000 5.6511038771e-01 -3.0135404988e-01 6.404405e-01 9.585e-05
1.100000 58.950000 5.4210675538e-01 -2.8457859965e-01 6.122620e-01 9.593e-05
1.100000 59.000000 5.2041139762e-01 -2.6500089351e-01 5.839979e-01 9.601e-05
1.100000 59.050000 5.0051358060e-01 -2.4291319727e-01 5.563458e-01 9.609e-05
1.100000 59.100000 4.8281051912e-01 -2.1870666472e-01 5.300364e-01 9.617e-05
1.100000 59.150000 4.6758645787e-01 -1.9284094328e-01 5.057912e-01 9.625e-05
1.100000 59.200000 4.5500205028e-01 -1.6580934095e-01 4.842722e-01 9.633e-05
1.100000 59.250000 4.4509490934e-01 -1.3810318172e-01 4.660279e-01 9.641e-05
1.100000 59.300000 4.3779086908e-01 -1.1017909058e-01 4.514424e-01 9.650e-05
1.100000 59.350000 4.3292418608e-01 -8.2432551904e-02 4.407023e-01 9.658e-05
1.100000 59.400000 4.3026382878e-01 -5.5180208950e-02 4.337878e-01 9.666e-05
1.100000 59.450000 4.2954233262e-01 -2.8652135539e-02 4.304969e-01 9.674e-05
1.100000 59.500000 4.3048356643e-01 -2.9939053109e-03 4.304940e-01 9.682e-05
1.100000 59.550000 4.3282619166e-01 2.1723050636e-02 4.333710e-01 9.690e-05
1.100000 59.600000 4.3634052313e-01 4.5485334408e-02 4.387049e-01 9.698e-05
1.100000 59.650000 4.4083773629e-01 6.8318796463e-02 4.461002e-01 9.706e-05
1.100000 59.700000 4.4617166679e-01 9.0270124793e-02 4.552119e-01 9.715e-05
1.100000 59.750000 4.5223456159e-01 1.1139130819e-01 4.657511e-01 9.723e-05
1.100000 59.800000 4.5894886734e-01 1.3172855365e-01 4.774793e-01 9.731e-05
1.100000 59.850000 4.6625738090e-01 1.5131616692e-01 4.901964e-01 9.739e-05
1.100000 59.900000 4.7411384823e-01 1.7017491425e-01 5.037295e-01 9.747e-05
1.100000 59.950000 4.8247549326e-01 1.8831366211e-01 5.179234e-01 9.755e-05
1.100000 60.000000 4.9129815967e-01 2.0573275133e-01 5.326348e-01 9.763e-05
