# X=3e+07 rho=0.8 C(X)=18 Cmax=300 mode=h
# sigma t Re Im |F| tailbound
0.600000 60.000000 2.9443142755e-01 3.4803306918e-01 4.558694e-01 9.798e-01
0.602000 60.000000 2.9537563715e-01 3.4705260602e-01 4.557327e-01 9.435e-01
0.604000 60.000000 2.9631788451e-01 3.4608048069e-01 4.556051e-01 9.085e-01
0.606000 60.000000 2.9725818089e-01 3.4511653238e-01 4.554864e-01 8.749e-01
0.608000 60.000000 2.9819653754e-01 3.4416060375e-01 4.553764e-01 8.425e-01
0.610000 60.000000 2.9913296568e-01 3.4321254088e-01 4.552751e-01 8.113e-01
0.612000 60.000000 3.0006747656e-01 3.4227219319e-01 4.551821e-01 7.813e-01
0.614000 60.000000 3.0100008140e-01 3.4133941338e-01 4.550974e-01 7.524e-01
0.616000 60.000000 3.0193079140e-01 3.4041405739e-01 4.550208e-01 7.246e-01
0.618000 60.000000 3.0285961777e-01 3.3949598427e-01 4.549522e-01 6.978e-01
0.620000 60.000000 3.0378657170e-01 3.3858505619e-01 4.548913e-01 6.720e-01
0.622000 60.000000 3.0471166436e-01 3.3768113833e-01 4.548382e-01 6.472e-01
0.624000 60.000000 3.0563490693e-01 3.3678409884e-01 4.547925e-01 6.232e-01
0.626000 60.000000 3.0655631054e-01 3.3589380877e-01 4.547542e-01 6.002e-01
0.628000 60.000000 3.0747588633e-01 3.3501014202e-01 4.547232e-01 5.781e-01
0.630000 60.000000 3.0839364543e-01 3.3413297529e-01 4.546993e-01 5.567e-01
0.632000 60.000000 3.0930959893e-01 3.3326218797e-01 4.546824e-01 5.362e-01
0.634000 60.000000 3.1022375792e-01 3.3239766217e-01 4.546724e-01 5.164e-01
0.636000 60.000000 3.1113613346e-01 3.3153928259e-01 4.546691e-01 4.974e-01
0.638000 60.000000 3.1204673659e-01 3.3068693653e-01 4.546724e-01 4.790e-01
0.640000 60.000000 3.1295557832e-01 3.2984051376e-01 4.546823e-01 4.614e-01
0.642000 60.000000 3.1386266967e-01 3.2899990656e-01 4.546985e-01 4.444e-01
0.644000 60.000000 3.1476802159e-01 3.2816500958e-01 4.547210e-01 4.280e-01
0.646000 60.000000 3.1567164504e-01 3.2733571985e-01 4.547497e-01 4.122e-01
0.648000 60.000000 3.1657355092e-01 3.2651193673e-01 4.547844e-01 3.970e-01
0.650000 60.000000 3.1747375013e-01 3.2569356181e-01 4.548251e-01 3.824e-01
0.652000 60.000000 3.1837225353e-01 3.2488049893e-01 4.548717e-01 3.683e-01
0.654000 60.000000 3.1926907194e-01 3.2407265407e-01 4.549240e-01 3.548e-01
0.656000 60.000000 3.2016421616e-01 3.2326993538e-01 4.549820e-01 3.417e-01
0.658000 60.000000 3.2105769695e-01 3.2247225304e-01 4.550455e-01 3.292e-01
0.660000 60.000000 3.2194952503e-01 3.2167951932e-01 4.551145e-01 3.171e-01
0.662000 60.000000 3.2283971109e-01 3.2089164844e-01 4.551889e-01 3.054e-01
0.664000 60.000000 3.2372826579e-01 3.2010855659e-01 4.552686e-01 2.942e-01
0.666000 60.000000 3.2461519972e-01 3.1933016190e-01 4.553535e-01 2.834e-01
0.668000 60.000000 3.2550052348e-01 3.1855638432e-01 4.554435e-01 2.730e-01
0.670000 60.000000 3.2638424758e-01 3.1778714567e-01 4.555385e-01 2.629e-01
0.672000 60.000000 3.2726638251e-01 3.1702236955e-01 4.556385e-01 2.533e-01
0.674000 60.000000 3.2814693872e-01 3.1626198132e-01 4.557434e-01 2.440e-01
0.676000 60.000000 3.2902592659e-01 3.1550590805e-01 4.558531e-01 2.350e-01
0.678000 60.000000 3.2990335649e-01 3.1475407850e-01 4.559675e-01 2.264e-01
0.680000 60.000000 3.3077923872e-01 3.1400642306e-01 4.560865e-01 2.181e-01
0.682000 60.000000 3.3165358352e-01 3.1326287375e-01 4.562102e-01 2.101e-01
0.684000 60.000000 3.3252640111e-01 3.1252336414e-01 4.563383e-01 2.024e-01
0.686000 60.000000 3.3339770164e-01 3.1178782936e-01 4.564709e-01 1.950e-01
0.688000 60.000000 3.3426749521e-01 3.1105620604e-01 4.566078e-01 1.878e-01
0.690000 60.000000 3.3513579188e-01 3.1032843229e-01 4.567491e-01 1.809e-01
0.692000 60.000000 3.3600260162e-01 3.0960444765e-01 4.568946e-01 1.743e-01
0.694000 60.000000 3.3686793440e-01 3.0888419308e-01 4.570443e-01 1.679e-01
0.696000 60.000000 3.3773180009e-01 3.0816761093e-01 4.571980e-01 1.618e-01
0.698000 60.000000 3.3859420851e-01 3.0745464488e-01 4.573559e-01 1.559e-01
0.700000 60.000000 3.3945516944e-01 3.0674523994e-01 4.575177e-01 1.501e-01
0.702000 60.000000 3.4031469260e-01 3.0603934241e-01 4.576835e-01 1.447e-01
0.704000 60.000000 3.4117278763e-01 3.0533689987e-01 4.578531e-01 1.394e-01
0.706000 60.000000 3.4202946412e-01 3.0463786110e-01 4.580266e-01 1.343e-01
0.708000 60.000000 3.4288473161e-01 3.0394217612e-01 4.582039e-01 1.294e-01
0.710000 60.000000 3.4373859956e-01 3.0324979612e-01 4.583848e-01 1.246e-01
0.712000 60.000000 3.4459107739e-01 3.0256067344e-01 4.585695e-01 1.201e-01
0.714000 60.000000 3.4544217443e-01 3.0187476156e-01 4.587577e-01 1.157e-01
0.716000 60.000000 3.4629189996e-01 3.0119201504e-01 4.589496e-01 1.115e-01
0.718000 60.000000 3.4714026321e-01 3.0051238956e-01 4.591449e-01 1.074e-01
0.720000 60.000000 3.4798727331e-01 2.9983584181e-01 4.593437e-01 1.035e-01
0.722000 60.000000 3.4883293936e-01 2.9916232955e-01 4.595460e-01 9.968e-02
0.724000 60.000000 3.4967727037e-01 2.9849181151e-01 4.597516e-01 9.604e-02
0.726000 60.000000 3.5052027530e-01 2.9782424745e-01 4.599606e-01 9.253e-02
0.728000 60.000000 3.5136196302e-01 2.9715959805e-01 4.601729e-01 8.915e-02
0.730000 60.000000 3.5220234236e-01 2.9649782495e-01 4.603884e-01 8.590e-02
0.732000 60.000000 3.5304142206e-01 2.9583889072e-01 4.606071e-01 8.277e-02
0.734000 60.000000 3.5387921080e-01 2.9518275881e-01 4.608290e-01 7.975e-02
0.736000 60.000000 3.5471571718e-01 2.9452939355e-01 4.610540e-01 7.684e-02
0.738000 60.000000 3.5555094976e-01 2.9387876015e-01 4.612821e-01 7.404e-02
0.740000 60.000000 3.5638491700e-01 2.9323082462e-01 4.615133e-01 7.134e-02
0.742000 60.000000 3.5721762730e-01 2.9258555383e-01 4.617475e-01 6.874e-02
0.744000 60.000000 3.5804908899e-01 2.9194291541e-01 4.619846e-01 6.623e-02
0.746000 60.000000 3.5887931032e-01 2.9130287781e-01 4.622248e-01 6.382e-02
0.748000 60.000000 3.5970829950e-01 2.9066541021e-01 4.624678e-01 6.150e-02
0.750000 60.000000 3.6053606462e-01 2.9003048256e-01 4.627137e-01 5.926e-02
0.752000 60.000000 3.6136261374e-01 2.8939806552e-01 4.629624e-01 5.710e-02
0.754000 60.000000 3.6218795484e-01 2.8876813047e-01 4.632139e-01 5.502e-02
0.756000 60.000000 3.6301209580e-01 2.8814064948e-01 4.634682e-01 5.302e-02
0.758000 60.000000 3.6383504447e-01 2.8751559530e-01 4.637253e-01 5.109e-02
0.760000 60.000000 3.6465680859e-01 2.8689294135e-01 4.639851e-01 4.923e-02
0.762000 60.000000 3.6547739586e-01 2.8627266167e-01 4.642475e-01 4.744e-02
0.764000 60.000000 3.6629681388e-01 2.8565473097e-01 4.645126e-01 4.571e-02
0.766000 60.000000 3.6711507019e-01 2.8503912453e-01 4.647804e-01 4.405e-02
0.768000 60.000000 3.6793217227e-01 2.8442581828e-01 4.650507e-01 4.245e-02
0.770000 60.000000 3.6874812750e-01 2.8381478869e-01 4.653236e-01 4.090e-02
0.772000 60.000000 3.6956294321e-01 2.8320601284e-01 4.655990e-01 3.942e-02
0.774000 60.000000 3.7037662664e-01 2.8259946834e-01 4.658769e-01 3.798e-02
0.776000 60.000000 3.7118918499e-01 2.8199513336e-01 4.661573e-01 3.660e-02
0.778000 60.000000 3.7200062534e-01 2.8139298661e-01 4.664402e-01 3.527e-02
0.780000 60.000000 3.7281095473e-01 2.8079300729e-01 4.667255e-01 3.399e-02
0.782000 60.000000 3.7362018013e-01 2.8019517513e-01 4.670132e-01 3.276e-02
0.784000 60.000000 3.7442830842e-01 2.7959947036e-01 4.673034e-01 3.157e-02
0.786000 60.000000 3.7523534642e-01 2.7900587367e-01 4.675958e-01 3.042e-02
0.788000 60.000000 3.7604130086e-01 2.7841436623e-01 4.678906e-01 2.932e-02
0.790000 60.000000 3.7684617843e-01 2.7782492968e-01 4.681877e-01 2.826e-02
0.792000 60.000000 3.7764998572e-01 2.7723754607e-01 4.684871e-01 2.723e-02
0.794000 60.000000 3.7845272927e-01 2.7665219793e-01 4.687888e-01 2.624e-02
0.796000 60.000000 3.7925441552e-01 2.7606886819e-01 4.690927e-01 2.529e-02
0.798000 60.000000 3.8005505087e-01 2.7548754020e-01 4.693988e-01 2.437e-02
0.800000 60.000000 3.8085464164e-01 2.7490819772e-01 4.697071e-01 2.349e-02
0.802000 60.000000 3.8165319406e-01 2.7433082488e-01 4.700176e-01 2.264e-02
0.804000 60.000000 3.8245071432e-01 2.7375540623e-01 4.703303e-01 2.182e-02
0.806000 60.000000 3.8324720851e-01 2.7318192666e-01 4.706451e-01 2.103e-02
0.808000 60.000000 3.8404268268e-01 2.7261037144e-01 4.709620e-01 2.026e-02
0.810000 60.000000 3.8483714279e-01 2.7204072621e-01 4.712810e-01 1.953e-02
0.812000 60.000000 3.8563059473e-01 2.7147297692e-01 4.716021e-01 1.882e-02
0.814000 60.000000 3.8642304433e-01 2.7090710989e-01 4.719252e-01 1.814e-02
0.816000 60.000000 3.8721449735e-01 2.7034311175e-01 4.722504e-01 1.748e-02
0.818000 60.000000 3.8800495948e-01 2.6978096946e-01 4.725776e-01 1.685e-02
0.820000 60.000000 3.8879443634e-01 2.6922067028e-01 4.729068e-01 1.624e-02
0.822000 60.000000 3.8958293349e-01 2.6866220178e-01 4.732380e-01 1.565e-02
0.824000 60.000000 3.9037045642e-01 2.6810555183e-01 4.735712e-01 1.509e-02
0.826000 60.000000 3.9115701054e-01 2.6755070858e-01 4.739063e-01 1.454e-02
0.828000 60.000000 3.9194260120e-01 2.6699766047e-01 4.742433e-01 1.401e-02
0.830000 60.000000 3.9272723370e-01 2.6644639619e-01 4.745823e-01 1.351e-02
0.832000 60.000000 3.9351091326e-01 2.6589690472e-01 4.749232e-01 1.302e-02
0.834000 60.000000 3.9429364502e-01 2.6534917528e-01 4.752659e-01 1.255e-02
0.836000 60.000000 3.9507543409e-01 2.6480319737e-01 4.756105e-01 1.209e-02
0.838000 60.000000 3.9585628549e-01 2.6425896069e-01 4.759569e-01 1.166e-02
0.840000 60.000000 3.9663620418e-01 2.6371645521e-01 4.763052e-01 1.124e-02
0.842000 60.000000 3.9741519506e-01 2.6317567113e-01 4.766553e-01 1.083e-02
0.844000 60.000000 3.9819326297e-01 2.6263659887e-01 4.770072e-01 1.044e-02
0.846000 60.000000 3.9897041266e-01 2.6209922905e-01 4.773609e-01 1.006e-02
0.848000 60.000000 3.9974664887e-01 2.6156355253e-01 4.777163e-01 9.698e-03
0.850000 60.000000 4.0052197623e-01 2.6102956037e-01 4.780735e-01 9.348e-03
0.852000 60.000000 4.0129639932e-01 2.6049724381e-01 4.784325e-01 9.010e-03
0.854000 60.000000 4.0206992267e-01 2.5996659433e-01 4.787931e-01 8.685e-03
0.856000 60.000000 4.0284255076e-01 2.5943760354e-01 4.791555e-01 8.371e-03
0.858000 60.000000 4.0361428797e-01 2.5891026329e-01 4.795196e-01 8.069e-03
0.860000 60.000000 4.0438513865e-01 2.5838456558e-01 4.798853e-01 7.778e-03
0.862000 60.000000 4.0515510708e-01 2.5786050259e-01 4.802527e-01 7.497e-03
0.864000 60.000000 4.0592419750e-01 2.5733806667e-01 4.806218e-01 7.227e-03
0.866000 60.000000 4.0669241407e-01 2.5681725033e-01 4.809925e-01 6.966e-03
0.868000 60.000000 4.0745976089e-01 2.5629804625e-01 4.813649e-01 6.715e-03
0.870000 60.000000 4.0822624202e-01 2.5578044725e-01 4.817388e-01 6.473e-03
0.872000 60.000000 4.0899186145e-01 2.5526444630e-01 4.821144e-01 6.239e-03
0.874000 60.000000 4.0975662312e-01 2.5475003655e-01 4.824915e-01 6.014e-03
0.876000 60.000000 4.1052053091e-01 2.5423721124e-01 4.828702e-01 5.797e-03
0.878000 60.000000 4.1128358865e-01 2.5372596378e-01 4.832505e-01 5.588e-03
0.880000 60.000000 4.1204580011e-01 2.5321628772e-01 4.836323e-01 5.387e-03
0.882000 60.000000 4.1280716900e-01 2.5270817670e-01 4.840157e-01 5.193e-03
0.884000 60.000000 4.1356769898e-01 2.5220162453e-01 4.844006e-01 5.006e-03
0.886000 60.000000 4.1432739368e-01 2.5169662511e-01 4.847869e-01 4.825e-03
0.888000 60.000000 4.1508625663e-01 2.5119317248e-01 4.851748e-01 4.652e-03
0.890000 60.000000 4.1584429135e-01 2.5069126077e-01 4.855642e-01 4.484e-03
0.892000 60.000000 4.1660150129e-01 2.5019088424e-01 4.859550e-01 4.323e-03
0.894000 60.000000 4.1735788984e-01 2.4969203725e-01 4.863473e-01 4.167e-03
0.896000 60.000000 4.1811346035e-01 2.4919471427e-01 4.867411e-01 4.017e-03
0.898000 60.000000 4.1886821613e-01 2.4869890985e-01 4.871363e-01 3.872e-03
0.900000 60.000000 4.1962216041e-01 2.4820461866e-01 4.875329e-01 3.733e-03
0.902000 60.000000 4.2037529640e-01 2.4771183546e-01 4.879309e-01 3.599e-03
0.904000 60.000000 4.2112762725e-01 2.4722055509e-01 4.883303e-01 3.469e-03
0.906000 60.000000 4.2187915605e-01 2.4673077248e-01 4.887311e-01 3.344e-03
0.908000 60.000000 4.2262988586e-01 2.4624248265e-01 4.891333e-01 3.224e-03
0.910000 60.000000 4.2337981969e-01 2.4575568071e-01 4.895368e-01 3.108e-03
0.912000 60.000000 4.2412896048e-01 2.4527036183e-01 4.899418e-01 2.996e-03
0.914000 60.000000 4.2487731116e-01 2.4478652128e-01 4.903480e-01 2.889e-03
0.916000 60.000000 4.2562487458e-01 2.4430415438e-01 4.907556e-01 2.785e-03
0.918000 60.000000 4.2637165356e-01 2.4382325654e-01 4.911645e-01 2.685e-03
0.920000 60.000000 4.2711765088e-01 2.4334382323e-01 4.915747e-01 2.588e-03
0.922000 60.000000 4.2786286927e-01 2.4286584998e-01 4.919862e-01 2.495e-03
0.924000 60.000000 4.2860731142e-01 2.4238933241e-01 4.923990e-01 2.405e-03
0.926000 60.000000 4.2935097995e-01 2.4191426617e-01 4.928131e-01 2.319e-03
0.928000 60.000000 4.3009387748e-01 2.4144064699e-01 4.932285e-01 2.236e-03
0.930000 60.000000 4.3083600656e-01 2.4096847066e-01 4.936451e-01 2.155e-03
0.932000 60.000000 4.3157736969e-01 2.4049773301e-01 4.940629e-01 2.078e-03
0.934000 60.000000 4.3231796936e-01 2.4002842994e-01 4.944820e-01 2.003e-03
0.936000 60.000000 4.3305780799e-01 2.3956055738e-01 4.949023e-01 1.931e-03
0.938000 60.000000 4.3379688797e-01 2.3909411134e-01 4.953239e-01 1.862e-03
0.940000 60.000000 4.3453521165e-01 2.3862908784e-01 4.957466e-01 1.795e-03
0.942000 60.000000 4.3527278135e-01 2.3816548298e-01 4.961705e-01 1.731e-03
0.944000 60.000000 4.3600959932e-01 2.3770329289e-01 4.965956e-01 1.669e-03
0.946000 60.000000 4.3674566780e-01 2.3724251374e-01 4.970219e-01 1.609e-03
0.948000 60.000000 4.3748098898e-01 2.3678314174e-01 4.974494e-01 1.551e-03
0.950000 60.000000 4.3821556502e-01 2.3632517315e-01 4.978780e-01 1.495e-03
0.952000 60.000000 4.3894939804e-01 2.3586860425e-01 4.983077e-01 1.442e-03
0.954000 60.000000 4.3968249011e-01 2.3541343137e-01 4.987386e-01 1.390e-03
0.956000 60.000000 4.4041484327e-01 2.3495965087e-01 4.991706e-01 1.340e-03
0.958000 60.000000 4.4114645954e-01 2.3450725914e-01 4.996037e-01 1.292e-03
0.960000 60.000000 4.4187734089e-01 2.3405625261e-01 5.000379e-01 1.246e-03
0.962000 60.000000 4.4260748925e-01 2.3360662773e-01 5.004732e-01 1.201e-03
0.964000 60.000000 4.4333690652e-01 2.3315838098e-01 5.009096e-01 1.158e-03
0.966000 60.000000 4.4406559458e-01 2.3271150887e-01 5.013471e-01 1.117e-03
0.968000 60.000000 4.4479355524e-01 2.3226600794e-01 5.017856e-01 1.077e-03
0.970000 60.000000 4.4552079033e-01 2.3182187475e-01 5.022252e-01 1.038e-03
0.972000 60.000000 4.4624730159e-01 2.3137910589e-01 5.026658e-01 1.001e-03
0.974000 60.000000 4.4697309077e-01 2.3093769795e-01 5.031075e-01 9.649e-04
0.976000 60.000000 4.4769815956e-01 2.3049764758e-01 5.035502e-01 9.303e-04
0.978000 60.000000 4.4842250964e-01 2.3005895142e-01 5.039939e-01 8.970e-04
0.980000 60.000000 4.4914614265e-01 2.2962160613e-01 5.044386e-01 8.649e-04
0.982000 60.000000 4.4986906019e-01 2.2918560841e-01 5.048844e-01 8.339e-04
0.984000 60.000000 4.5059126384e-01 2.2875095495e-01 5.053311e-01 8.040e-04
0.986000 60.000000 4.5131275515e-01 2.2831764249e-01 5.057788e-01 7.752e-04
0.988000 60.000000 4.5203353563e-01 2.2788566775e-01 5.062274e-01 7.475e-04
0.990000 60.000000 4.5275360678e-01 2.2745502748e-01 5.066770e-01 7.207e-04
0.992000 60.000000 4.5347297006e-01 2.2702571846e-01 5.071276e-01 6.949e-04
0.994000 60.000000 4.5419162689e-01 2.2659773745e-01 5.075791e-01 6.701e-04
0.996000 60.000000 4.5490957868e-01 2.2617108125e-01 5.080316e-01 6.461e-04
0.998000 60.000000 4.5562682680e-01 2.2574574666e-01 5.084850e-01 6.230e-04
1.000000 60.000000 4.5634337260e-01 2.2532173048e-01 5.089392e-01 6.007e-04
1.002000 60.000000 4.5705921741e-01 2.2489902954e-01 5.093944e-01 5.792e-04
1.004000 60.000000 4.5777436251e-01 2.2447764067e-01 5.098505e-01 5.585e-04
1.006000 60.000000 4.5848880919e-01 2.2405756070e-01 5.103075e-01 5.385e-04
1.008000 60.000000 4.5920255867e-01 2.2363878649e-01 5.107654e-01 5.192e-04
1.010000 60.000000 4.5991561218e-01 2.2322131488e-01 5.112241e-01 5.007e-04
1.012000 60.000000 4.6062797091e-01 2.2280514274e-01 5.116837e-01 4.828e-04
1.014000 60.000000 4.6133963603e-01 2.2239026692e-01 5.121442e-01 4.655e-04
1.016000 60.000000 4.6205060868e-01 2.2197668431e-01 5.126055e-01 4.489e-04
1.018000 60.000000 4.6276088998e-01 2.2156439177e-01 5.130677e-01 4.328e-04
1.020000 60.000000 4.6347048103e-01 2.2115338619e-01 5.135306e-01 4.174e-04
1.022000 60.000000 4.6417938290e-01 2.2074366445e-01 5.139944e-01 4.024e-04
1.024000 60.000000 4.6488759664e-01 2.2033522344e-01 5.144590e-01 3.881e-04
1.026000 60.000000 4.6559512328e-01 2.1992806005e-01 5.149244e-01 3.742e-04
1.028000 60.000000 4.6630196382e-01 2.1952217116e-01 5.153906e-01 3.608e-04
1.030000 60.000000 4.6700811926e-01 2.1911755368e-01 5.158576e-01 3.479e-04
1.032000 60.000000 4.6771359054e-01 2.1871420450e-01 5.163254e-01 3.355e-04
1.034000 60.000000 4.6841837862e-01 2.1831212052e-01 5.167939e-01 3.235e-04
1.036000 60.000000 4.6912248441e-01 2.1791129863e-01 5.172632e-01 3.120e-04
1.038000 60.000000 4.6982590882e-01 2.1751173573e-01 5.177333e-01 3.008e-04
1.040000 60.000000 4.7052865271e-01 2.1711342872e-01 5.182041e-01 2.901e-04
1.042000 60.000000 4.7123071696e-01 2.1671637450e-01 5.186756e-01 2.797e-04
1.044000 60.000000 4.7193210241e-01 2.1632056997e-01 5.191479e-01 2.698e-04
1.046000 60.000000 4.7263280987e-01 2.1592601202e-01 5.196208e-01 2.601e-04
1.048000 60.000000 4.7333284014e-01 2.1553269755e-01 5.200945e-01 2.508e-04
1.050000 60.000000 4.7403219402e-01 2.1514062344e-01 5.205689e-01 2.419e-04
1.052000 60.000000 4.7473087227e-01 2.1474978660e-01 5.210440e-01 2.333e-04
1.054000 60.000000 4.7542887563e-01 2.1436018392e-01 5.215198e-01 2.249e-04
1.056000 60.000000 4.7612620484e-01 2.1397181227e-01 5.219963e-01 2.169e-04
1.058000 60.000000 4.7682286060e-01 2.1358466856e-01 5.224734e-01 2.092e-04
1.060000 60.000000 4.7751884362e-01 2.1319874965e-01 5.229512e-01 2.017e-04
1.062000 60.000000 4.7821415458e-01 2.1281405243e-01 5.234297e-01 1.945e-04
1.064000 60.000000 4.7890879413e-01 2.1243057378e-01 5.239088e-01 1.876e-04
1.066000 60.000000 4.7960276292e-01 2.1204831058e-01 5.243885e-01 1.809e-04
1.068000 60.000000 4.8029606158e-01 2.1166725968e-01 5.248689e-01 1.744e-04
1.070000 60.000000 4.8098869073e-01 2.1128741796e-01 5.253499e-01 1.682e-04
1.072000 60.000000 4.8168065097e-01 2.1090878229e-01 5.258315e-01 1.622e-04
1.074000 60.000000 4.8237194288e-01 2.1053134952e-01 5.263137e-01 1.565e-04
1.076000 60.000000 4.8306256703e-01 2.1015511651e-01 5.267966e-01 1.509e-04
1.078000 60.000000 4.8375252397e-01 2.0978008011e-01 5.272800e-01 1.455e-04
1.080000 60.000000 4.8444181425e-01 2.0940623716e-01 5.277640e-01 1.403e-04
1.082000 60.000000 4.8513043839e-01 2.0903358452e-01 5.282486e-01 1.353e-04
1.084000 60.000000 4.8581839690e-01 2.0866211902e-01 5.287338e-01 1.305e-04
1.086000 60.000000 4.8650569029e-01 2.0829183749e-01 5.292195e-01 1.258e-04
1.088000 60.000000 4.8719231904e-01 2.0792273678e-01 5.297058e-01 1.214e-04
1.090000 60.000000 4.8787828362e-01 2.0755481369e-01 5.301926e-01 1.170e-04
1.092000 60.000000 4.8856358449e-01 2.0718806506e-01 5.306800e-01 1.129e-04
1.094000 60.000000 4.8924822210e-01 2.0682248769e-01 5.311679e-01 1.089e-04
1.096000 60.000000 4.8993219689e-01 2.0645807841e-01 5.316564e-01 1.050e-04
1.098000 60.000000 4.9061550927e-01 2.0609483402e-01 5.321453e-01 1.012e-04
1.100000 60.000000 4.9129815967e-01 2.0573275133e-01 5.326348e-01 9.763e-05
